1 1 1 1 74.506 -11.071 0.61329 -6.7585 -12.185 -17.592 -14.351 -7.5607 -1.6083 0.98601 -0.12655 0.29604 -1.9173 1.4624
1 1 1 1 74.823 -10.866 0.031745 -6.9553 -12.245 -17.789 -14.952 -7.0501 -2.1243 -0.94196 0.83153 0.11822 -1.8457 1.5182
1 1 1 1 73.039 -12.534 -1.2398 -6.7313 -12.537 -16.141 -13.743 -10.364 -3.4514 0.77 0.40764 1.2301 -0.020044 1.9568
1 1 1 1 72.221 -11.798 -1.0976 -3.405 -9.7504 -14.07 -17.288 -13.259 -2.734 0.61146 -0.4217 0.089937 -0.78661 1.3573
1 1 1 1 72.101 -12.258 -1.0492 -4.0597 -10.32 -15.465 -17.926 -13.404 -1.8984 0.49341 -1.6572 -0.71092 -1.0832 2.2608
1 1 1 1 72.101 -12.258 -1.0492 -4.0597 -10.32 -15.465 -17.926 -13.404 -1.8984 0.49341 -1.6572 -0.71092 -1.0832 2.2608
1 1 1 1 74.345 -11.009 0.82226 -7.0594 -13.68 -19.669 -17.483 -7.7296 -3.8067 1.7564 0.63867 -0.78555 -0.464 1.3797
1 1 1 1 74.558 -11.099 0.97257 -7.2563 -12.978 -20.624 -16.907 -6.9376 -3.0026 0.081525 0.49196 -0.47289 -1.0879 1.7518
1 1 1 1 74.44 -11.322 -0.59152 -5.333 -11.594 -14.75 -13.596 -8.8566 -1.665 1.4346 0.1476 0.40247 -0.94828 0.83547
1 1 1 1 74.415 -10.901 -0.76761 -4.8552 -11.629 -14.298 -14.14 -9.2398 -2.3796 0.49259 -0.021314 0.7042 -0.57993 1.5448
1 1 1 1 74.434 -10.694 -1.4453 -5.72 -12.338 -15.351 -15.838 -9.4444 -3.1344 -0.75818 -0.36835 0.5846 -0.83677 2.1953
1 1 1 1 74.434 -10.694 -1.4453 -5.72 -12.338 -15.351 -15.838 -9.4444 -3.1344 -0.75818 -0.36835 0.5846 -0.83677 2.1953
1 1 1 1 72.615 -11.855 -0.78938 -7.1583 -11.327 -17.161 -18.418 -11.057 -3.288 -1.3662 -0.68424 0.98548 -1.0578 2.8562
1 1 1 1 72.159 -12.115 -0.19942 -5.4424 -10.9 -16.593 -17.981 -12.57 -2.7761 -0.32668 -1.4499 0.33507 -1.3391 2.0852
1 1 1 1 72.988 -9.6296 1.0536 -4.9784 -13.534 -17.693 -15.522 -9.6363 -5.8293 2.4101 2.8654 1.4406 -0.60357 -1.3736
1 1 1 1 73.081 -9.1697 1.8352 -4.3715 -12.169 -16.845 -15.274 -8.5911 -4.8729 2.6346 2.7901 1.7444 -0.70274 -1.6602
1 1 1 1 74.383 -10.418 0.52954 -5.7009 -11.654 -17.407 -16.746 -8.5336 -3.4256 -0.14183 1.725 1.7803 -1.3097 0.80483
1 1 1 1 74.358 -10.589 0.5195 -5.8712 -11.787 -17.633 -16.578 -8.7807 -3.2241 -0.63865 1.625 1.239 -1.6946 1.2545
1 1 1 1 73.93 -11.378 0.037346 -7.5225 -12.959 -19.646 -15.988 -9.0247 -2.6605 -2.8001 0.5648 0.4676 -2.793 3.2584
1 1 1 1 73.607 -11.43 0.029556 -6.9709 -10.636 -17.747 -16.114 -9.3895 -2.6708 -3.0601 0.070676 1.2005 -1.9874 3.8083
1 1 1 1 73.498 -9.9419 1.0525 -5.397 -12.573 -16.471 -17.128 -11.184 -6.9553 1.3718 1.7148 0.75136 -2.3425 -1.8325
1 1 1 1 73.486 -9.8029 1.2236 -5.3389 -12.218 -16.066 -16.871 -10.798 -6.7634 0.85955 1.6883 0.76427 -2.2914 -1.9108
1 1 1 1 74.016 -10.184 1.5423 -6.0241 -11.256 -16.97 -15.48 -7.3407 -3.4273 -2.7776 1.868 0.14729 -2.2936 0.26454
1 1 1 1 74.016 -10.184 1.5423 -6.0241 -11.256 -16.97 -15.48 -7.3407 -3.4273 -2.7776 1.868 0.14729 -2.2936 0.26454
1 1 1 1 74.016 -10.184 1.5423 -6.0241 -11.256 -16.97 -15.48 -7.3407 -3.4273 -2.7776 1.868 0.14729 -2.2936 0.26454
1 1 1 1 72.909 -11.233 0.32168 -6.0959 -11.629 -17.413 -18.548 -10.196 -3.5419 -2.4665 1.0961 0.68117 -1.6218 1.608
1 1 1 1 70.856 -12.045 -0.94355 -3.4848 -10.806 -14.286 -15.764 -13.058 -3.2601 0.6419 -1.29 2.0637 -1.0841 0.09309
1 1 1 1 72.269 -9.662 1.4102 -6.1367 -13.372 -17.792 -17.815 -11.487 -6.434 2.3962 0.85284 0.59812 -1.3143 -0.53559
1 1 1 1 72.321 -9.2922 2.0747 -5.2459 -12.318 -16.993 -17.656 -10.178 -5.4359 1.8586 1.923 1.607 -1.2435 -0.48395
1 1 1 1 72.24 -9.3857 1.8236 -5.6489 -12.667 -17.526 -18.128 -10.149 -5.4365 0.95789 1.912 1.5979 -1.3079 -0.25057
1 1 1 1 72.858 -9.1815 1.1944 -5.298 -12.334 -17.624 -16.442 -7.9051 -3.1557 -1.8914 1.069 -0.044032 -1.9193 1.1197
1 1 1 1 73.487 -10.266 0.60608 -5.9348 -10.743 -16.323 -13.74 -9.5251 -2.4311 -1.6341 -0.082648 0.62144 -2.1651 2.472
1 1 1 1 71.488 -11.69 -2.0848 -4.4015 -11.081 -14.739 -16.135 -13.075 -3.6869 -0.054628 -1.5926 0.32858 -0.65091 0.60533
1 1 1 1 70.871 -11.648 -2.4011 -6.047 -13.7 -13.765 -19.491 -17.413 -4.629 0.42377 0.25428 -1.0593 -1.0742 0.36813
1 1 1 1 70.871 -11.648 -2.4011 -6.047 -13.7 -13.765 -19.491 -17.413 -4.629 0.42377 0.25428 -1.0593 -1.0742 0.36813
1 1 1 1 72.922 -8.4463 0.16022 -3.8189 -13.024 -15.164 -11.431 -9.3113 -4.3355 1.9691 -0.22521 -2.3733 3.9377 2.0749
1 1 1 1 75.624 -10.071 1.6414 -6.4346 -12.885 -15.646 -12.017 -5.6466 0.1299 -1.972 3.0965 0.3418 1.1216 2.8565
1 1 1 1 75.624 -10.071 1.6414 -6.4346 -12.885 -15.646 -12.017 -5.6466 0.1299 -1.972 3.0965 0.3418 1.1216 2.8565
1 1 1 1 74.226 -12.091 -0.32454 -6.5736 -13.627 -14.973 -14.364 -10.012 -0.96132 -3.4313 -0.025235 0.48497 -0.9006 4.002
1 1 1 1 75.696 -10.404 1.1253 -6.415 -13.142 -16.428 -11.93 -5.93 0.18673 -3.5347 1.7531 -1.487 0.03173 2.9712
1 1 1 1 74.691 -10.743 1.4368 -7.3581 -12.004 -17.504 -11.79 -7.8398 -0.80841 -2.4416 0.87603 0.6225 -1.3636 5.2993
1 1 1 1 74.44 -11.667 -0.29688 -7.411 -12.956 -16.825 -13.521 -9.7853 -1.5047 -3.5785 -0.37993 0.020428 -1.5222 4.1305
1 1 1 1 73.152 -12.637 -1.235 -6.1387 -13.813 -15.541 -14.371 -11.047 -0.78152 -1.9314 -1.5102 0.68669 -0.94389 2.321
1 1 1 1 74.407 -8.7262 2.2542 -5.803 -14.184 -15.592 -11.334 -9.9583 -0.94784 -1.8434 -0.48443 -1.4926 -0.25222 -0.35871
1 1 1 1 74.825 -9.7549 2.3027 -5.7255 -13.962 -16.327 -11.665 -9.2185 -1.0081 -2.9462 -0.10922 -1.3288 -1.0616 0.94391
1 1 1 1 72.983 -11.858 -0.69258 -6.4792 -13.647 -15.026 -13.712 -11.256 -1.4396 -2.4117 0.0070451 1.2691 -1.2156 1.8727
1 1 1 1 72.03 -11.431 0.36935 -4.8133 -13.37 -11.244 -15.517 -15.643 -2.4175 0.82717 0.41425 -0.66164 1.1114 0.39915
1 1 1 1 72.025 -11.431 0.40686 -4.3819 -12.975 -11.03 -15.097 -15.223 -2.1896 1.1141 0.28334 -0.74407 0.47089 -0.11711
1 1 1 1 73.175 -9.285 -1.9366 -6.1063 -14.732 -19.249 -13.213 -3.2526 0.29862 -2.6614 -1.2839 1.2096 4.0991 1.3575
1 1 1 1 75.747 -10.464 -2.394 -9.2226 -16.148 -17.378 -10.359 -5.5768 0.66943 0.33367 -1.2354 1.8516 2.7504 4.5175
1 1 1 1 75.627 -10.678 -2.313 -9.4043 -16.032 -17.585 -10.578 -5.3575 0.96138 -0.11146 -1.5819 1.6658 2.2653 4.5773
1 1 1 1 75.627 -10.678 -2.313 -9.4043 -16.032 -17.585 -10.578 -5.3575 0.96138 -0.11146 -1.5819 1.6658 2.2653 4.5773
1 1 1 1 74.273 -10.952 -1.631 -6.5222 -14.132 -16.983 -11.807 -6.518 -1.1873 -1.1527 -0.28175 0.30698 -0.18317 2.6713
1 1 1 1 74.273 -10.952 -1.631 -6.5222 -14.132 -16.983 -11.807 -6.518 -1.1873 -1.1527 -0.28175 0.30698 -0.18317 2.6713
1 1 1 1 71.973 -11.963 -2.3432 -5.5537 -13.535 -15.818 -15.443 -11.071 -1.9679 -1.3413 -2.1298 2.0692 -0.50277 1.2415
1 1 1 1 71.973 -11.963 -2.3432 -5.5537 -13.535 -15.818 -15.443 -11.071 -1.9679 -1.3413 -2.1298 2.0692 -0.50277 1.2415
1 1 1 1 73.583 -7.4042 0.28956 -8.4236 -16.47 -18.51 -11.844 -6.2467 -0.43888 -2.0018 -4.3174 0.3877 6.3181 -0.2543
1 1 1 1 76.859 -11.021 -0.64286 -9.8377 -17.401 -19.825 -9.2786 -4.3965 -0.72604 -1.5223 -1.8115 -2.278 1.632 6.2453
1 1 1 1 76.92 -11.275 -1.0174 -10.156 -17.677 -20.118 -9.5988 -4.531 -0.65747 -1.8327 -2.1494 -2.31 1.4008 6.5103
1 1 1 1 76.92 -11.275 -1.0174 -10.156 -17.677 -20.118 -9.5988 -4.531 -0.65747 -1.8327 -2.1494 -2.31 1.4008 6.5103
1 1 1 1 76.851 -11.47 -1.3926 -10.423 -17.745 -20.342 -9.8972 -4.673 -0.47287 -2.1909 -2.6025 -2.1119 1.0803 6.6489
1 1 1 1 76.851 -11.47 -1.3926 -10.423 -17.745 -20.342 -9.8972 -4.673 -0.47287 -2.1909 -2.6025 -2.1119 1.0803 6.6489
1 1 1 1 74.943 -11.19 -1.3716 -7.3445 -14.472 -16.852 -11.242 -5.8159 -0.13507 -1.6357 0.029864 1.2967 -0.2716 4.6383
1 1 1 1 74.943 -11.19 -1.3716 -7.3445 -14.472 -16.852 -11.242 -5.8159 -0.13507 -1.6357 0.029864 1.2967 -0.2716 4.6383
1 1 1 1 71.677 -12.348 -1.1356 -5.3669 -14.193 -15.217 -15.741 -9.5781 -0.055473 -0.40667 -1.9458 2.1159 -0.73499 2.5007
1 1 1 1 71.677 -12.348 -1.1356 -5.3669 -14.193 -15.217 -15.741 -9.5781 -0.055473 -0.40667 -1.9458 2.1159 -0.73499 2.5007
1 1 1 1 76.774 -9.8793 -0.26338 -9.3487 -17.512 -17.988 -9.7505 -5.1348 1.3977 -2.1482 -3.1901 0.9317 1.6534 3.4599
1 1 1 1 76.988 -9.855 -0.25511 -8.9062 -17.166 -17.645 -9.1181 -4.1271 2.0097 -1.8841 -2.9364 0.75598 1.4722 4.2816
1 1 1 1 77.065 -9.7272 -0.13458 -8.3425 -16.629 -17.217 -8.4093 -3.2128 2.5961 -1.5039 -2.5902 0.56455 1.3136 5.0778
1 1 1 1 76.46 -10.325 -0.68702 -7.9085 -15.504 -17.285 -11.541 -7.3306 -2.0267 -3.3553 -0.76078 -0.68749 1.5635 1.6805
1 1 1 1 76.444 -11.107 -0.42174 -8.0422 -15.395 -17.113 -11.256 -7.3178 -2.6192 -4.3529 -0.89253 -0.79084 0.082942 1.8945
1 1 1 1 76.338 -11.096 -0.13052 -7.8537 -14.973 -16.834 -10.927 -6.978 -2.4906 -4.3725 -0.89484 -0.71548 -0.45148 2.0551
1 1 1 1 75.953 -11.422 -0.29897 -8.0714 -14.891 -17.188 -11.378 -7.092 -2.4781 -4.564 -1.8412 -0.72464 -1.4826 2.334
1 1 1 1 72.924 -11.839 -1.1825 -6.5308 -13.823 -16.554 -15.845 -9.8649 -0.087744 -2.5511 -2.8694 -0.043666 0.034217 3.2824
1 1 1 1 72.924 -11.839 -1.1825 -6.5308 -13.823 -16.554 -15.845 -9.8649 -0.087744 -2.5511 -2.8694 -0.043666 0.034217 3.2824
1 1 1 1 75.165 -9.4835 1.0349 -8.7545 -16.485 -19.125 -11.516 -6.5964 -3.2975 -4.1588 -0.61832 0.19234 1.9574 0.58367
1 1 1 1 75.888 -11.373 -0.23115 -8.4583 -15.983 -18.196 -11.181 -5.2922 -0.62886 -3.9463 -1.9493 -0.76607 0.36026 2.7345
1 1 1 1 75.888 -11.373 -0.23115 -8.4583 -15.983 -18.196 -11.181 -5.2922 -0.62886 -3.9463 -1.9493 -0.76607 0.36026 2.7345
1 1 1 1 74.258 -11.792 -1.3792 -7.1657 -14.432 -16.511 -14.828 -9.5527 -0.67543 -2.9869 -1.401 0.72226 0.27276 3.3341
1 1 1 1 73.633 -12.172 -0.62619 -7.0649 -13.788 -16.37 -15.297 -8.1675 0.92208 -2.8075 -2.3062 0.028501 -0.70888 4.4931
1 1 1 1 73.096 -12.443 -0.56349 -6.0005 -13.566 -15.892 -15.412 -8.4438 1.3713 -1.821 -2.6494 0.37093 -0.56655 4.1944
1 1 1 1 75.603 -9.6761 1.1999 -7.1959 -15.052 -16.355 -10.632 -6.6247 -2.8914 -3.311 1.4132 0.22606 2.9088 0.81052
1 1 1 1 75.744 -9.7342 1.1613 -7.2113 -14.799 -16.445 -10.891 -6.5609 -2.9752 -4.0743 0.91323 0.46214 2.0647 0.65493
1 1 1 1 75.762 -9.6112 1.4354 -6.9354 -14.43 -16.188 -10.842 -6.1642 -2.2686 -4.1621 1.0891 0.78107 2.073 0.9303
1 1 1 1 75.688 -9.596 1.5283 -6.8701 -14.191 -16.18 -11.066 -6.132 -1.8509 -4.5014 1.1131 0.92483 1.8914 1.1454
1 1 1 1 75.424 -9.5093 1.89 -6.5977 -13.59 -16.085 -11.517 -6.1153 -0.80181 -4.818 1.0424 0.79132 1.6451 1.8514
1 1 1 1 74.98 -10.728 1.1507 -7.6789 -13.263 -16.155 -12.248 -6.9208 -0.94961 -4.6195 1.7972 0.27683 -0.34587 4.353
1 1 1 1 74.756 -11.274 1.0584 -7.176 -13.181 -15.834 -12.637 -7.7534 -0.5482 -3.3534 0.40393 0.99493 -1.2559 4.2472
1 1 1 1 74.642 -7.8418 2.0295 -5.8302 -14.895 -14.933 -10.026 -7.3647 -0.54578 -2.5449 -1.9087 0.050438 3.8944 -0.47344
1 1 1 1 75.087 -11.043 0.9558 -7.6867 -14.538 -16.787 -12.157 -7.9221 -2.2292 -4.1829 0.74877 -0.072647 0.76451 2.5762
1 1 1 1 74.06 -11.365 0.82889 -7.2923 -13.146 -16.268 -13.727 -8.0423 -0.35925 -3.5299 -0.28185 2.131 -0.84758 3.4212
1 1 1 1 73.642 -11.394 1.2944 -5.6855 -12.055 -15.146 -13.29 -7.5289 0.9204 -2.6036 -0.6481 2.4228 -0.62705 3.0189
1 1 1 1 72.42 -8.6053 1.1796 -5.1413 -15.283 -16.567 -12.604 -10.083 -2.8062 -0.90791 -3.1964 -1.2 4.2667 2.0667
1 1 1 1 72.089 -10.581 0.50041 -5.7735 -13.991 -15.994 -15.593 -12.955 -2.3632 -2.3842 0.85872 -0.74789 0.28339 2.0818
1 1 1 1 72.008 -10.571 0.71315 -5.4496 -13.289 -15.391 -15.254 -12.324 -1.5785 -1.9126 1.2596 -0.27516 0.1772 2.1993
1 1 1 1 70.155 -11.341 -0.89008 -5.1304 -11.765 -14.269 -15.047 -13.239 -2.9419 2.8115 -0.091826 2.6749 -0.45663 -2.0586
