1 1 1 2 83.87 -10.403 0.059608 6.0134 -13.89 -12.51 -13.941 2.8115 -3.4684 3.1955 4.4115 -4.74 -4.5901 9.6106
1 1 1 2 84.49 -10.684 0.62876 5.6618 -13.145 -10.772 -13.062 1.7954 -3.9344 4.21 5.7427 -5.0959 -4.5568 8.4349
1 1 1 2 84.49 -10.684 0.62876 5.6618 -13.145 -10.772 -13.062 1.7954 -3.9344 4.21 5.7427 -5.0959 -4.5568 8.4349
1 1 1 2 84.975 -11.007 0.86177 4.9766 -13.152 -9.5858 -12.431 0.61369 -4.1655 4.888 5.6669 -5.5974 -3.8621 8.545
1 1 1 2 85.159 -11.184 0.81762 4.5734 -13.308 -9.2979 -12.451 0.15051 -4.2157 5.0028 5.4638 -5.8633 -3.5573 8.4961
1 1 1 2 86.064 -12.027 0.81025 3.1759 -13.123 -6.0676 -14.037 -5.2878 -1.1564 5.839 1.4091 -6.4981 -1.6504 4.9175
1 1 1 2 85.617 -12.014 -0.62266 1.999 -18.005 -12.258 -12.562 -0.83786 -2.5181 5.7858 1.5861 -3.774 -0.3345 8.0539
1 1 1 2 86.263 -13.449 -0.44314 -1.0282 -16.399 -7.5855 -16.825 -4.8061 -1.759 3.9426 -1.1711 -4.7239 1.8227 5.2425
1 1 1 2 85.23 -12.356 -1.5521 0.64298 -18.877 -13.111 -13.229 -1.9244 -3.579 4.1634 -1.5234 -4.3445 -0.47396 7.1083
1 1 1 2 86.397 -13.072 -0.36021 -2.8841 -16.099 -8.0124 -16.445 -2.5263 0.28068 6.4241 -0.55427 -3.2704 3.2245 7.2926
1 1 1 2 86.627 -13.212 -0.52563 -2.0696 -15.803 -6.9708 -18.039 -3.0026 0.30094 5.1903 -0.86738 -4.4126 3.2151 6.6695
1 1 1 2 85.158 -11.91 1.1109 1.9261 -14.796 -9.18 -12.099 0.037115 -0.25553 6.2872 1.7342 -3.4734 1.6328 9.2336
1 1 1 2 85.765 -12.417 1.0776 0.92374 -14.592 -7.5021 -12.298 -1.999 -0.27573 7.2212 1.2475 -4.358 1.2526 7.9507
1 1 1 2 85.772 -12.45 1.0522 0.67891 -14.517 -7.0021 -12.175 -2.2128 0.0093954 7.6159 1.2085 -4.3379 1.4538 7.7024
1 1 1 2 85.281 -12.562 1.2031 0.86593 -13.941 -6.1288 -13.187 -3.5022 0.30729 7.8989 -0.10123 -5.045 1.0855 5.9076
