1 1 1 2 71.788 -7.5521 1.9935 -2.608 -10.263 -13.103 -0.31381 4.7469 2.6949 7.3635 -4.6715 -1.7461 4.6094 -0.86561
1 1 1 2 72.007 -7.631 2.0643 -2.5956 -9.7682 -12.8 -0.26853 4.4908 2.8426 6.9991 -4.5385 -1.2807 5.117 -0.57138
1 1 1 2 72.048 -7.6259 3.647 -1.5979 -7.2466 -11.493 -1.5216 4.627 1.6968 5.7622 -3.0576 -0.14456 6.959 1.7881
1 1 1 2 71.559 -7.4212 4.4654 -1.209 -6.9095 -10.099 -2.6117 3.9185 0.6878 4.0289 -2.576 -2.4786 5.8435 2.9027
1 1 1 2 71.417 -7.4454 4.3021 -1.2939 -7.1669 -8.8645 -2.4881 3.0779 1.4641 3.8302 -2.8105 -4.7921 6.0455 2.6243
1 1 1 2 71.848 -8.7843 5.0313 -1.2897 -9.8922 -5.0364 -3.1401 -2.1551 4.6813 2.3945 -3.045 -2.1528 4.4634 2.0716
1 1 1 2 71.372 -6.4701 2.0042 -3.2768 -11.453 -7.7976 -0.64035 -2.574 -2.0869 5.7991 -0.43361 -0.41107 3.8697 5.7209
1 1 1 2 72.039 -6.9202 2.4908 -4.7542 -10.444 -6.9845 -1.0535 -1.1488 -2.47 5.5677 -1.1474 -2.0372 4.1734 5.7666
1 1 1 2 73.017 -8.0716 2.8085 -9.0219 -8.942 -5.4772 -0.43544 1.1523 -3.4745 3.8982 1.2423 -3.6364 4.1636 3.9901
1 1 1 2 73.116 -8.2922 2.8377 -9.4371 -8.8247 -5.1854 -0.13175 1.3689 -3.1989 3.6332 1.6617 -3.206 4.2255 3.3727
1 1 1 2 72.95 -9.052 2.598 -8.5629 -9.0811 -4.3238 -0.12754 0.31114 -1.0346 2.6078 1.5721 -1.9506 4.7381 2.0304
1 1 1 2 72.905 -9.6843 4.5657 -3.6932 -14.452 -8.2429 -1.7703 0.56013 8.0032 0.58207 0.079107 -1.9448 -0.10662 0.88137
1 1 1 2 72.9 -9.8022 4.8247 -3.2509 -14.397 -8.5817 -2.2282 0.56141 7.6752 0.59681 -0.33251 -2.3184 -0.019451 0.83808
1 1 1 2 72.45 -10.201 4.5497 -2.032 -12.851 -7.9126 -3.1625 0.48089 5.1257 0.28738 -0.71671 -2.7391 3.055 1.3185
1 1 1 2 71.636 -9.316 3.4469 -1.2779 -10.566 -7.3824 -1.6714 -1.8229 4.7641 1.3022 -0.83234 -3.7295 7.0162 2.6346
