1 1 1 1 82.737 -8.5349 -11.93 -13.601 -15.996 6.783 11.211 5.6238 -3.521 3.2558 -2.9717 -8.5463 4.9504 0.66222
1 1 1 1 82.941 -8.5403 -11.615 -13.973 -15.297 7.1971 10.974 5.9272 -3.9021 3.0096 -2.988 -8.9703 4.6619 1.2592
1 1 1 1 83.486 -9.9444 -10.178 -13.643 -12.812 8.4316 11.614 11.616 -3.1065 -0.20519 -0.14693 -7.9363 2.6249 5.2995
1 1 1 1 83.593 -10.476 -10.025 -13.291 -12.985 7.565 11.567 13.877 -1.4784 -0.79202 0.79554 -6.0356 0.88439 4.7233
1 1 1 1 83.593 -10.476 -10.025 -13.291 -12.985 7.565 11.567 13.877 -1.4784 -0.79202 0.79554 -6.0356 0.88439 4.7233
1 1 1 1 82.614 -11.549 -10.617 -12.167 -15.902 5.2038 7.9327 15.959 4.803 -3.618 -2.3407 0.81732 -4.7331 5.2515
1 1 1 1 82.817 -11.455 -10.217 -11.945 -15.807 5.2772 7.3864 16.327 4.6156 -3.8545 -3.1284 1.6439 -4.09 5.2765
1 1 1 1 80.896 -11.366 -11.057 -11.965 -16.891 3.2512 -1.2404 9.9981 11.596 0.84088 -13.124 1.7377 -0.60905 2.5491
1 1 1 1 81.112 -11.153 -10.931 -12.072 -17.11 3.0896 -3.6955 9.5184 10.121 -0.6614 -12.189 0.82232 0.23227 2.343
1 1 1 1 83.724 -9.2183 -13.69 -12.523 -12 8.0619 13.35 5.8498 -3.5327 4.1302 -4.7349 -9.9294 4.997 -0.53918
1 1 1 1 83.721 -9.2458 -13.573 -12.081 -11.777 8.0114 13.468 6.6947 -3.8456 4.0661 -4.0517 -10.023 4.7373 -0.3432
1 1 1 1 83.721 -9.2458 -13.573 -12.081 -11.777 8.0114 13.468 6.6947 -3.8456 4.0661 -4.0517 -10.023 4.7373 -0.3432
1 1 1 1 83.721 -9.2458 -13.573 -12.081 -11.777 8.0114 13.468 6.6947 -3.8456 4.0661 -4.0517 -10.023 4.7373 -0.3432
1 1 1 1 83.176 -10.089 -12.309 -11.476 -15.163 4.1703 11.172 10.685 -3.4256 1.3044 1.2842 -7.455 3.0304 2.4688
1 1 1 1 83.176 -10.089 -12.309 -11.476 -15.163 4.1703 11.172 10.685 -3.4256 1.3044 1.2842 -7.455 3.0304 2.4688
1 1 1 1 83.245 -10.175 -12.341 -11.411 -15.071 4.4897 10.997 11.106 -2.9397 1.4686 1.5699 -7.5086 2.7324 2.5786
1 1 1 1 83.147 -10.242 -12.358 -11.219 -15.036 4.7638 10.6 11.44 -2.2262 1.5098 1.6902 -7.5521 2.3224 2.6995
1 1 1 1 82.689 -11.336 -10.173 -12.51 -15.684 5.0186 10.204 16.289 3.3727 -2.8282 -0.96609 0.21078 -3.6976 6.2606
1 1 1 1 82.886 -11.266 -9.9479 -12.605 -15.471 4.9498 9.5907 16.127 3.1383 -3.3431 -1.4961 0.81267 -3.7341 6.2268
1 1 1 1 82.926 -11.236 -9.852 -12.59 -15.256 4.8386 8.83 16.029 3.2643 -3.506 -2.2822 1.4292 -3.8894 5.847
1 1 1 1 82.783 -10.78 -8.4508 -11.282 -14.892 5.9448 2.6251 15.67 6.5226 -3.2441 -11.638 4.1814 -3.5581 5.1291
1 1 1 1 82.905 -10.871 -8.7714 -10.748 -15.025 5.8542 2.0998 15.173 6.9609 -1.7761 -11.526 4.018 -2.4653 3.779
1 1 1 1 82.657 -11.108 -9.3635 -10.642 -15.315 5.4563 1.7239 14.814 7.4088 -0.39424 -11.175 3.8145 -1.7675 3.2203
1 1 1 1 80.859 -11.107 -10.674 -13.021 -18.47 3.4143 -6.1995 9.2446 8.6023 0.32282 -12.533 0.21203 1.2054 1.3915
1 1 1 1 80.859 -11.107 -10.674 -13.021 -18.47 3.4143 -6.1995 9.2446 8.6023 0.32282 -12.533 0.21203 1.2054 1.3915
1 1 1 1 80.427 -7.0717 -15.907 -13.322 -14.026 7.3391 10.546 3.4288 1.7272 3.3376 -7.6899 -2.7887 3.75 1.679
1 1 1 1 83.149 -8.7503 -12.828 -14.837 -9.7601 7.2327 9.0692 5.7798 -3.3627 5.6752 -7.2427 -7.3128 6.5127 1.1143
1 1 1 1 83.723 -9.4686 -12.22 -15.148 -10.293 8.0042 9.9977 7.9273 -3.6286 3.6241 -4.9069 -9.204 5.0266 2.4248
1 1 1 1 83.859 -9.57 -11.727 -14.623 -11.225 8.4659 10.028 8.8363 -3.6561 2.3569 -2.4691 -9.7456 3.9674 3.8962
1 1 1 1 83.861 -9.5159 -11.411 -14.101 -11.751 8.4851 9.695 9.1849 -3.8035 1.4606 -1.3169 -9.8799 3.5552 4.5943
1 1 1 1 84.125 -11.245 -10.317 -12.085 -14.243 7.6211 12.231 16.598 0.2377 0.45382 3.553 -3.8578 0.051371 6.3308
1 1 1 1 84.125 -11.245 -10.317 -12.085 -14.243 7.6211 12.231 16.598 0.2377 0.45382 3.553 -3.8578 0.051371 6.3308
1 1 1 1 84.125 -11.245 -10.317 -12.085 -14.243 7.6211 12.231 16.598 0.2377 0.45382 3.553 -3.8578 0.051371 6.3308
1 1 1 1 81.313 -11.414 -11.513 -11.953 -17.913 4.3444 1.4122 13.054 6.9639 -2.6069 -10.023 3.1988 -1.2701 5.4632
1 1 1 1 83.025 -9.3837 -6.89 -11.579 -15.202 6.7392 0.45338 14.746 5.2939 -4.0048 -9.9227 6.3575 -1.8718 4.2568
1 1 1 1 82.738 -9.8469 -6.8256 -11.347 -14.546 5.2491 -2.3627 11.703 4.5449 -2.9111 -11.045 5.7251 0.08553 5.0736
1 1 1 1 80.891 -10.182 -9.7646 -9.609 -17.028 -0.67354 -6.627 1.5347 4.0305 0.90651 -12.581 1.607 4.8066 5.6593
1 1 1 1 83.06 -9.3424 -12.226 -15.738 -10.471 7.9767 10.474 7.7974 -2.4278 5.5826 -5.358 -6.7354 4.3973 0.35281
1 1 1 1 83.212 -9.9575 -11.642 -15.808 -11.275 8.647 10.302 9.2207 -2.5696 2.7193 -2.7803 -7.7924 2.2448 3.5262
1 1 1 1 83.205 -10.457 -11.072 -14.335 -12.405 8.2584 11.427 11.345 -3.0924 0.52796 -0.26159 -7.9374 0.2709 5.4428
1 1 1 1 83.205 -10.457 -11.072 -14.335 -12.405 8.2584 11.427 11.345 -3.0924 0.52796 -0.26159 -7.9374 0.2709 5.4428
1 1 1 1 82.301 -10.861 -10.911 -12.286 -14.198 6.9939 10.603 13.556 0.8518 -2.498 -0.72927 -3.3858 -1.5465 6.0394
1 1 1 1 83.535 -10.257 -8.8645 -12.807 -14.995 4.5529 7.3862 14.536 -0.096438 -6.3128 -2.1836 1.1774 -4.1738 6.8141
1 1 1 1 83.455 -10.476 -8.9973 -12.399 -15.268 4.7797 5.5565 14.732 0.99756 -6.2125 -4.0214 2.3767 -4.3401 5.608
1 1 1 1 81.605 -11.136 -9.8432 -12.407 -16.677 4.5064 -0.17871 12.974 9.3092 -2.2895 -12.962 4.4289 -1.0807 4.883
1 1 1 1 81.542 -11.784 -10.083 -13.607 -17.172 4.2903 -2.0715 12.656 8.6636 -2.7535 -12.401 4.5201 -0.20009 4.9619
1 1 1 1 81.455 -11.767 -9.9079 -13.544 -16.892 4.2797 -2.9203 12.163 8.425 -2.6184 -12.454 3.8178 -0.08198 4.5864
1 1 1 1 80.693 -7.5734 -14.678 -11.345 -13.432 8.5307 11.651 5.2661 0.039584 0.8893 -7.2706 -6.6462 3.1785 0.94139
1 1 1 1 83.353 -8.6697 -12.051 -12.898 -11.738 9.1024 11.524 5.6111 -5.1642 2.4497 -7.6171 -9.6918 4.5459 1.07
1 1 1 1 84.084 -9.2792 -11.69 -13.237 -11.585 7.1102 11.091 9.5379 -4.6651 1.9084 -1.0455 -8.3392 4.986 2.4153
1 1 1 1 84.084 -9.2792 -11.69 -13.237 -11.585 7.1102 11.091 9.5379 -4.6651 1.9084 -1.0455 -8.3392 4.986 2.4153
1 1 1 1 83.808 -10.231 -11.505 -12.513 -12.561 6.1342 11.077 11.8 -2.3833 0.70658 2.5646 -6.558 4.3446 3.254
1 1 1 1 82.425 -10.908 -11.827 -11.867 -15.325 5.6551 9.0052 11.115 1.1326 -1.8404 0.35039 -5.3555 0.48613 4.0836
1 1 1 1 83.198 -11.22 -9.9062 -13.26 -14.78 6.1976 9.5255 16.333 1.9576 -1.7553 0.32531 -2.653 -3.3527 5.337
1 1 1 1 83.351 -11.54 -9.7667 -12.791 -14.114 6.0222 9.8324 17.795 3.0094 -2.6047 -0.22621 0.27416 -3.6783 5.3487
1 1 1 1 83.274 -11.599 -9.5544 -12.34 -13.663 6.1682 9.5772 18.068 3.4266 -3.1496 -0.78805 1.5282 -3.7472 5.5747
1 1 1 1 83.274 -11.599 -9.5544 -12.34 -13.663 6.1682 9.5772 18.068 3.4266 -3.1496 -0.78805 1.5282 -3.7472 5.5747
1 1 1 1 81.5 -12.082 -11.697 -12.107 -17.372 4.6848 2.7218 15.41 8.4744 -5.1712 -8.7275 3.8859 -0.19595 6.6334
1 1 1 1 81.615 -12.053 -11.456 -12.434 -16.877 5.2061 1.5438 15.742 9.237 -3.5443 -9.5511 4.2214 -0.7394 5.4193
1 1 1 1 79.49 -7.4885 -15.371 -10.945 -15.809 4.4341 7.7196 3.5506 0.13012 -0.047392 -5.675 -3.4526 1.6439 0.30471
1 1 1 1 82.252 -10.251 -12.121 -10.061 -12.757 7.7334 13.286 9.9408 -3.1877 2.4104 -4.019 -5.5233 5.8925 0.40474
1 1 1 1 83.423 -10.288 -11.798 -10.653 -12.823 6.4059 12.639 11.874 -3.9566 1.1313 -1.2949 -5.8973 4.7839 1.6566
1 1 1 1 83.423 -10.288 -11.798 -10.653 -12.823 6.4059 12.639 11.874 -3.9566 1.1313 -1.2949 -5.8973 4.7839 1.6566
1 1 1 1 83.564 -10.424 -11.701 -10.74 -12.844 6.3816 12.28 11.768 -3.7033 0.84145 -0.80432 -5.8361 4.531 2.2691
1 1 1 1 83.631 -10.52 -11.605 -10.719 -12.809 6.6818 12.157 11.833 -3.1269 0.45038 -0.63598 -5.8677 4.1191 2.6911
1 1 1 1 83.688 -10.371 -9.1176 -11.263 -15.15 4.6948 8.7502 14.118 -1.0096 -3.1866 0.36461 -2.5118 0.032008 6.055
1 1 1 1 83.688 -10.371 -9.1176 -11.263 -15.15 4.6948 8.7502 14.118 -1.0096 -3.1866 0.36461 -2.5118 0.032008 6.055
1 1 1 1 81.183 -11.159 -10.413 -12.913 -15.344 6.333 4.3338 16.461 8.3227 -4.8984 -8.539 1.9367 -2.1522 7.857
1 1 1 1 81.599 -10.995 -10.436 -13.018 -15.104 5.9902 3.569 16.965 9.0268 -3.4255 -8.6254 3.5203 -1.1922 7.0458
1 1 1 1 81.126 -10.871 -9.2645 -14.116 -17.887 -0.92717 -6.0605 5.405 8.3523 -2.6367 -10.465 2.6535 5.5275 7.4669
1 1 1 1 79.823 -7.6833 -14.741 -10.044 -15.14 6.0827 9.6899 4.8481 3.8606 -0.9304 -4.3252 -3.4244 3.1105 0.16372
1 1 1 1 81.56 -9.4783 -13.381 -8.1264 -13.968 8.2818 14.81 6.757 -0.43267 2.3355 -3.3399 -5.5927 6.2816 0.25582
1 1 1 1 81.687 -9.4282 -13.162 -8.7659 -13.974 7.1279 14.754 8.1451 -2.176 2.4502 -3.6013 -5.8687 5.3915 0.85661
1 1 1 1 81.687 -9.4282 -13.162 -8.7659 -13.974 7.1279 14.754 8.1451 -2.176 2.4502 -3.6013 -5.8687 5.3915 0.85661
1 1 1 1 83.833 -10.264 -11.24 -11.994 -13.241 5.3891 10.682 11.077 -5.4269 -2.993 -0.49796 -7.0574 3.786 3.9238
1 1 1 1 83.965 -10.309 -10.841 -11.857 -13.183 5.4836 10.282 11.861 -4.9796 -2.6405 0.31171 -6.6908 3.2459 4.063
1 1 1 1 83.965 -10.309 -10.841 -11.857 -13.183 5.4836 10.282 11.861 -4.9796 -2.6405 0.31171 -6.6908 3.2459 4.063
1 1 1 1 83.809 -10.803 -10.456 -11.643 -13.707 5.6826 9.4505 12.479 -3.8099 -2.3514 1.1318 -5.3181 2.611 4.881
1 1 1 1 82.645 -11.221 -10.543 -11.123 -16.676 3.9683 6.3251 15.875 4.1829 -2.13 -4.6566 1.015 0.059267 6.2056
1 1 1 1 82.704 -11.086 -10.231 -11.098 -16.405 3.6857 5.7255 15.952 4.095 -2.5781 -4.5668 1.6846 -0.1198 6.1354
1 1 1 1 79.74 -8.8754 -15.141 -9.8914 -16.4 5.7496 10.231 5.3179 2.8732 0.51917 -3.4311 -1.8247 3.6353 -0.22232
1 1 1 1 82.771 -11.186 -10.59 -9.5785 -14.01 5.0095 11.534 10.935 -5.6609 -2.6399 -1.4013 -7.4267 4.236 1.4365
1 1 1 1 82.882 -11.157 -10.299 -9.7338 -14.301 4.8106 11.031 11.537 -5.3042 -2.3651 -0.52601 -6.3705 3.7096 2.9055
1 1 1 1 82.93 -11.38 -9.886 -10.164 -15.097 5.2707 11.207 13.748 -3.1493 -2.4844 1.4539 -3.5648 2.2758 5.3186
1 1 1 1 82.928 -11.269 -9.5905 -9.9954 -15.665 5.1876 10.882 14.147 -1.9809 -2.8415 1.3706 -2.6142 0.9061 5.3641
1 1 1 1 82.283 -10.953 -8.6119 -11.053 -16.581 3.214 5.3504 14.48 1.8202 -6.4215 -5.6686 3.5116 -4.3279 6.2958
1 1 1 1 82.416 -10.955 -7.8858 -10.786 -16.431 3.4799 5.0772 15.286 2.4882 -6.7228 -5.3263 4.8072 -3.7896 5.9141
1 1 1 1 82.416 -10.955 -7.8858 -10.786 -16.431 3.4799 5.0772 15.286 2.4882 -6.7228 -5.3263 4.8072 -3.7896 5.9141
1 1 1 1 82.048 -9.2214 -8.6429 -12.471 -15.67 -1.7478 9.3189 3.8213 -0.25466 -6.9378 1.0865 -3.212 3.1332 2.2052
1 1 1 1 81.442 -9.6575 -7.7015 -9.6163 -18.091 -0.82451 6.0879 12.592 1.0693 -8.0417 -1.9702 5.1153 -1.039 6.5272
1 1 1 1 81.046 -10.085 -8.0314 -9.6929 -18.46 -0.79836 5.2384 13.631 2.8395 -9.4651 -4.0669 6.4722 -2.0997 7.1015
1 1 1 1 83.295 -16.439 -5.7484 -15.81 -11.907 1.9537 7.0565 8.2391 0.98582 -7.2513 6.7394 3.6825 -3.8001 7.3788
1 1 1 1 83.357 -16.439 -5.3608 -15.107 -10.607 3.6951 6.5415 8.1038 0.76794 -7.1635 5.8803 3.3364 -3.7748 7.4763
1 1 1 1 83.319 -16.005 -3.8594 -14.273 -9.0925 4.8754 4.9704 7.161 -0.031603 -7.31 4.0869 1.9693 -4.3036 7.38
1 1 1 1 82.725 -16.035 -2.6787 -13.323 -7.7322 5.8219 3.3115 8.6224 1.9253 -3.9003 1.6424 4.5212 -1.6056 7.6982
1 1 1 1 82.82 -16.052 -3.4921 -13.473 -8.5098 3.8682 1.0941 9.9912 3.5554 -1.8297 2.4616 7.5278 -1.0225 7.3137
1 1 1 1 82.748 -15.132 -7.2829 -16.177 -11.416 1.5482 8.7407 6.5452 3.0464 -7.4174 9.7426 -1.508 -3.6164 6.6127
1 1 1 1 83.32 -15.493 -4.4996 -16.733 -9.2836 6.1042 6.5531 5.2792 -1.1125 -5.1538 6.4396 -1.7611 -4.2709 8.4331
1 1 1 1 82.965 -15.992 -1.7268 -17.168 -6.0394 6.2182 1.2958 4.2135 2.2429 -3.7198 1.9655 0.79561 -1.6378 7.8071
1 1 1 1 83.151 -15.764 -1.3962 -16.756 -5.5373 6.6106 1.5819 4.7051 2.6309 -3.2663 1.6383 0.91891 -1.4999 7.4229
1 1 1 1 84.578 -15.415 -1.6935 -15.151 -5.8278 8.3901 0.85281 7.1872 3.7952 -3.4372 -0.56331 4.2993 -1.9212 6.0395
1 1 1 1 84.668 -15.385 -2.0784 -15.161 -6.447 8.102 0.39896 7.3807 4.3493 -3.511 -0.83287 5.2323 -2.3325 5.8695
1 1 1 1 82.833 -15.957 -7.9979 -17.056 -10.203 4.5163 9.6673 6.1038 -0.27151 -5.1724 8.8015 -2.012 -2.1882 9.0965
1 1 1 1 82.833 -15.957 -7.9979 -17.056 -10.203 4.5163 9.6673 6.1038 -0.27151 -5.1724 8.8015 -2.012 -2.1882 9.0965
1 1 1 1 82.978 -16.357 -6.6284 -18.442 -8.838 6.4197 7.8656 5.9405 -0.38953 -3.5819 7.2737 -1.7678 -2.8461 9.0178
1 1 1 1 82.83 -16.976 -4.3347 -19.555 -7.7171 6.3197 4.1686 5.2166 1.443 -1.9633 5.5128 -2.6863 -3.0397 8.9598
1 1 1 1 82.777 -16.911 -3.9654 -19.45 -7.2851 6.3638 4.1531 5.6608 2.0059 -1.481 5.7401 -2.8227 -2.8258 9.2272
1 1 1 1 83.495 -16.305 -3.1004 -17.25 -4.5659 7.2284 4.1557 8.8139 6.1253 -2.2436 4.4757 0.11009 -2.1278 8.5508
1 1 1 1 83.555 -16.235 -3.2314 -17.286 -4.9587 6.8664 3.7524 8.9562 6.5827 -2.405 4.0923 0.90364 -2.7603 7.595
1 1 1 1 83.841 -16.159 -4.1861 -16.262 -5.9822 6.7933 -1.8569 11.643 4.6488 -2.9673 6.348 3.8323 -2.1126 7.3522
1 1 1 1 83.974 -16.104 -4.2192 -16.125 -5.8103 6.7789 -2.2245 11.454 4.8681 -3.4513 5.9156 3.9942 -1.7195 7.1073
1 1 1 1 82.487 -16.407 -7.0337 -16.385 -11.184 2.7342 9.7674 5.8555 0.069421 -6.9169 7.5766 -0.042782 -3.8197 8.1295
1 1 1 1 82.559 -17.195 -4.2689 -20.527 -8.6907 4.726 2.3932 4.6226 -1.2033 -3.5658 4.2909 -2.1948 -4.6944 10.386
1 1 1 1 82.469 -17.236 -3.8704 -20.259 -8.0846 4.9149 2.3728 5.4848 -0.39331 -2.9841 4.9341 -1.7751 -4.1601 10.358
1 1 1 1 84.193 -16.046 -1.7899 -15.913 -3.5648 6.0029 -1.9988 8.5991 1.4437 -5.3519 -0.088964 0.94498 -4.3406 5.7063
1 1 1 1 83.066 -16.13 -5.8782 -15.576 -10.613 3.1052 7.1626 5.1384 -2.9258 -9.589 4.4536 -0.99972 -7.402 6.0754
1 1 1 1 82.969 -16.707 -4.6679 -16.859 -9.6353 4.1319 3.9616 4.5932 -2.0634 -6.1971 4.1137 -0.16681 -5.7699 9.8845
1 1 1 1 82.93 -17.196 -3.0506 -16.796 -6.052 6.1694 1.8051 6.1934 2.7396 -3.059 2.4058 1.054 -1.6635 9.4572
1 1 1 1 82.93 -17.196 -3.0506 -16.796 -6.052 6.1694 1.8051 6.1934 2.7396 -3.059 2.4058 1.054 -1.6635 9.4572
1 1 1 1 83.843 -16.223 -1.9341 -16.317 -5.0494 5.6397 -3.0283 6.9441 0.79093 -5.4873 -1.3451 1.321 -3.5298 4.8714
1 1 1 1 82.101 -17.18 -8.8285 -16.14 -13.865 -1.0126 8.3036 7.0432 2.15 -10.087 6.9095 0.68238 -5.3314 8.2966
1 1 1 1 82.826 -17.655 -3.4607 -17.74 -7.3347 6.4126 -0.42543 7.1336 1.9119 -4.2255 3.6625 2.8345 -1.097 9.848
1 1 1 1 82.803 -17.445 -3.0749 -17.154 -6.6445 5.554 -1.5077 7.6519 2.7233 -4.576 2.4681 4.5899 -2.515 7.7086
1 1 1 1 83.281 -16.408 -3.4775 -15.119 -5.1143 5.9134 -2.0164 12.333 6.8413 -3.3232 1.6155 7.3753 -1.5844 5.3161
1 1 1 1 81.761 -16.64 -6.5177 -12.641 -11.736 0.85664 9.0205 6.6042 0.3237 -11.549 3.3245 2.7809 -3.8301 7.5396
1 1 1 1 82.467 -17.669 -5.1173 -14.032 -10.459 3.5827 7.2948 7.643 1.1434 -7.62 5.5441 4.6602 -4.9996 10.709
1 1 1 1 82.509 -17.524 -4.2271 -13.767 -10.135 3.7519 6.6384 6.3881 0.99107 -7.6619 4.1707 4.1291 -4.9218 10.51
1 1 1 1 82.996 -17.081 -3.9613 -14.036 -9.5834 3.3634 3.5761 4.7536 1.4061 -9.3724 0.8188 3.4309 -4.5602 8.4435
1 1 1 1 83.105 -16.972 -3.9257 -14.23 -9.6245 3.2913 2.8858 4.7459 1.5219 -9.6151 0.32181 3.5651 -4.31 8.0676
1 1 1 1 83.211 -16.333 -3.2091 -14.252 -9.0472 3.7237 1.6508 5.85 2.7844 -9.1036 -0.55235 5.1688 -4.5101 7.0576
1 1 1 1 83.281 -14.965 -5.8171 -17.415 -12.814 3.0957 10.479 6.4316 -4.2786 -8.7837 9.1178 -5.0335 -4.6941 4.8953
1 1 1 1 83.478 -14.959 -4.6909 -17.25 -11.477 4.5526 9.7436 6.8153 -4.7615 -7.9049 9.2883 -4.111 -4.1281 6.7136
1 1 1 1 83.039 -14.934 -2.6856 -16.188 -8.1958 6.6671 7.8851 8.2409 -3.4973 -7.0205 8.2916 -1.0927 -4.259 9.7171
1 1 1 1 84.258 -15.07 -1.7271 -14.932 -6.1931 5.1132 2.2926 11.167 -0.44785 -8.3494 0.30585 2.901 -3.4874 5.4112
1 1 1 1 82.681 -15.707 -5.7422 -18.768 -10.347 4.6024 12.003 7.4329 -2.8356 -6.6442 8.8259 -2.5993 -1.8372 7.8355
1 1 1 1 82.681 -15.707 -5.7422 -18.768 -10.347 4.6024 12.003 7.4329 -2.8356 -6.6442 8.8259 -2.5993 -1.8372 7.8355
1 1 1 1 82.769 -15.708 -5.3659 -19.136 -9.8478 4.9411 11.393 6.8869 -3.337 -6.8311 7.9801 -2.6936 -2.6206 7.9099
1 1 1 1 82.808 -15.889 -3.1892 -18.614 -6.2752 6.7445 7.8022 7.0079 -2.1101 -6.1481 5.0962 -2.2474 -3.4579 7.8882
1 1 1 1 83.843 -16.028 -3.7629 -16.524 -4.976 6.6881 4.8832 10.568 -0.80645 -5.3855 1.6672 0.41671 -3.1499 5.7233
1 1 1 1 82.449 -16.676 -6.6365 -20.057 -13.577 1.7487 7.8454 8.3082 -2.0427 -10.134 7.5063 -1.3693 -7.9072 7.0986
1 1 1 1 83.039 -15.36 -3.4662 -18.363 -5.6422 5.8466 5.9111 9.7591 -0.90179 -7.1918 4.7571 -0.66274 -5.0528 9.8112
1 1 1 1 84.138 -15.611 -3.8647 -17.073 -5.0218 5.763 6.0622 12.501 0.023602 -4.518 1.5341 1.2253 -1.9503 7.8123
1 1 1 1 83.221 -15.188 -6.9159 -17.422 -11.417 3.8532 12.171 7.5377 -0.71771 -6.2278 7.1846 -3.5413 -0.69421 4.3057
1 1 1 1 82.955 -15.544 -5.6598 -18.409 -8.7151 6.0894 10.255 9.3679 -0.79711 -7.5693 7.0607 -3.3016 -5.0703 6.9249
1 1 1 1 82.794 -15.847 -3.3983 -17.963 -6.2121 5.4285 5.4102 9.3806 -0.30427 -6.8638 4.4235 0.20315 -2.1845 10.032
1 1 1 1 84.031 -15.265 -3.9903 -14.649 -5.5483 6.1755 4.1871 11.888 0.66901 -7.892 0.78656 -0.93486 -2.805 6.0909
1 1 1 1 84.08 -15.451 -4.3626 -14.772 -6.1083 5.9939 4.1348 12.21 1.0837 -7.6419 0.80417 -0.52916 -2.838 5.7381
1 1 1 1 82.687 -16.481 -5.9083 -15.7 -11.218 4.212 14.499 9.0391 -0.34858 -8.0579 7.7463 -0.774 -2.1768 6.5047
1 1 1 1 82.585 -16.063 -3.0214 -16.761 -6.9997 6.75 5.9307 10.075 -0.27545 -10.05 3.5931 1.5997 -5.4597 9.8878
1 1 1 1 82.863 -16.374 -3.1866 -17.019 -5.9212 6.669 3.7156 9.6484 0.86579 -8.9079 0.3954 1.9773 -3.7562 8.1954
1 1 1 1 83.128 -15.243 -1.716 -14.242 -4.8021 7.0811 2.8606 12.129 2.967 -6.7826 -1.1518 4.3661 -2.7358 4.2359
1 1 1 1 83.62 -15.175 -2.4828 -12.703 -6.9867 6.3653 12.17 11.58 3.3999 -8.9957 5.9311 3.5753 -5.3089 7.9534
1 1 1 1 83.656 -15.216 -1.7279 -12.595 -5.751 6.4001 10.182 12.184 4.3761 -9.4913 3.608 3.776 -5.0825 7.1348
