1 1 1 1 59.58 -10.766 6.2514 -3.8645 -9.7449 -4.5232 -3.6024 -0.5611 1.0543 1.8162 -3.6804 -5.206 4.4797 0.11481
1 1 1 1 59.542 -10.949 6.0352 -3.6114 -9.3985 -4.4038 -3.7617 -0.51103 1.0755 1.1363 -4.063 -5.3886 4.1755 0.4681
1 1 1 1 60.187 -11.353 7.7106 -1.8019 -10.134 -0.57329 -5.628 -4.8989 0.49317 -0.8417 -0.39249 -2.306 -0.52122 -1.9952
1 1 1 1 60.187 -11.353 7.7106 -1.8019 -10.134 -0.57329 -5.628 -4.8989 0.49317 -0.8417 -0.39249 -2.306 -0.52122 -1.9952
1 1 1 1 59.854 -11.403 7.9453 -2.4316 -11.18 0.023097 -3.9458 -7.4896 1.5481 -0.39483 -2.989 -2.5557 -0.42407 1.9559
1 1 1 1 59.8 -11.295 8.1835 -2.1563 -11.456 0.18473 -3.7313 -7.5318 1.355 -0.67446 -3.0645 -2.0725 -0.50621 2.17
1 1 1 1 58.048 -10.455 5.7985 -1.6663 -9.4069 0.65923 -3.631 -8.5605 0.53697 0.60931 0.1361 0.50659 -4.013 -1.3812
1 1 1 1 60.37 -10.554 7.1238 -4.4731 -10.916 -2.8013 -1.387 -1.1869 -0.27504 0.21895 0.83829 -3.033 1.6218 -0.53908
1 1 1 1 60.944 -12.677 8.2105 -5.9973 -12.737 0.3266 -3.9502 -3.0619 3.5026 1.6498 0.46503 0.0013751 6.2116 2.5984
1 1 1 1 60.944 -12.677 8.2105 -5.9973 -12.737 0.3266 -3.9502 -3.0619 3.5026 1.6498 0.46503 0.0013751 6.2116 2.5984
1 1 1 1 60.481 -12.493 7.8126 -3.3663 -12.008 0.39013 -4.8082 -6.0999 1.4401 -0.45351 0.3679 0.83151 2.15 2.9497
1 1 1 1 60.481 -12.493 7.8126 -3.3663 -12.008 0.39013 -4.8082 -6.0999 1.4401 -0.45351 0.3679 0.83151 2.15 2.9497
1 1 1 1 58.973 -10.331 6.6566 0.048125 -8.3545 0.25925 -3.9804 -3.7616 2.2652 -1.2826 1.1154 1.4359 2.5845 2.0571
1 1 1 1 60.1 -10.539 7.8975 -7.4137 -14.479 -2.1041 -2.4348 -2.59 -1.6842 -0.33422 -3.4919 -1.267 2.805 -0.64373
1 1 1 1 60.1 -10.539 7.8975 -7.4137 -14.479 -2.1041 -2.4348 -2.59 -1.6842 -0.33422 -3.4919 -1.267 2.805 -0.64373
1 1 1 1 61.192 -12.388 8.2281 -6.3285 -11.821 -2.2793 -4.4238 -2.7133 0.96891 -0.56275 0.041738 -1.7247 4.5487 -0.74891
1 1 1 1 61.06 -12.545 8.0678 -6.244 -11.78 -2.3928 -4.6055 -2.6981 1.1186 -0.72698 -0.064426 -1.9601 4.7105 -0.83013
1 1 1 1 60.484 -12.479 9.3437 -2.7307 -11.023 0.2995 -3.7627 -3.4166 1.537 -0.72169 2.8939 -0.45451 1.4102 2.2082
1 1 1 1 60.298 -12.63 9.3855 -2.955 -11.237 0.6452 -3.5925 -4.166 1.0499 -0.92836 3.3083 -0.081999 1.2153 2.4124
1 1 1 1 59.348 -11.052 7.5763 -3.0477 -12.166 0.32139 -7.5796 -5.7575 7.2323 1.6212 -0.24874 -0.88049 -0.69293 -0.45913
1 1 1 1 61.375 -12.432 8.8547 -5.4292 -11.626 -1.0319 -3.8218 -0.54122 0.1421 0.42474 -1.5593 -2.9015 3.0324 -1.9926
1 1 1 1 61.375 -12.432 8.8547 -5.4292 -11.626 -1.0319 -3.8218 -0.54122 0.1421 0.42474 -1.5593 -2.9015 3.0324 -1.9926
1 1 1 1 60.804 -12.048 9.3287 -4.0605 -13.271 -0.18403 -5.1015 -2.6679 4.3597 -2.4263 -2.5225 -1.6244 -0.35658 2.1905
1 1 1 1 60.69 -12.128 9.3393 -3.7757 -13.146 0.2773 -4.922 -3.5229 3.7089 -2.5219 -2.3137 -2.1651 -0.34885 2.6501
1 1 1 1 58.938 -10.299 7.4011 -1.1501 -9.6251 2.8891 -6.6028 -6.0039 4.7511 1.4135 -0.71836 -0.1602 -0.94964 -0.64391
1 1 1 1 61.046 -11.679 10.14 -6.1087 -12.119 -0.011696 -2.5122 -1.5933 0.81355 0.55852 -0.071402 -2.2596 3.1056 -0.85839
1 1 1 1 61.1 -11.959 9.6396 -5.7773 -11.796 -0.076785 -2.7791 -1.6662 0.79419 0.12796 0.090093 -3.4435 3.1443 -0.21773
1 1 1 1 61.139 -12.478 9.4366 -6.5754 -13.332 -0.66854 -3.2722 -3.0165 2.8601 -0.3719 2.6066 0.0040323 3.427 -0.33391
1 1 1 1 59.446 -11.348 8.6668 -1.262 -10.111 1.052 -4.0172 -7.2634 3.5273 -1.9551 -4.6368 0.21732 1.6313 1.6888
1 1 1 1 59.446 -11.348 8.6668 -1.262 -10.111 1.052 -4.0172 -7.2634 3.5273 -1.9551 -4.6368 0.21732 1.6313 1.6888
