1 1 1 1 87.42 -9.5768 2.6033 0.86502 -11.617 -6.98 -11.729 -7.3672 -3.4196 5.3184 4.3157 -4.0809 -1.9534 6.2153
1 1 1 1 87.713 -9.822 2.8738 -0.12105 -11.238 -6.5757 -11.633 -6.2522 -1.6335 6.3598 3.8423 -3.9534 -0.023926 8.7017
1 1 1 1 87.622 -9.8429 2.9799 -0.6855 -11.035 -6.5487 -11.787 -5.6411 -0.68607 6.6527 3.3913 -3.7712 0.9317 9.895
1 1 1 1 88.281 -9.6548 3.0233 -0.77886 -9.7593 -4.5547 -11.274 -5.8206 3.248 5.7164 -0.22736 -3.0454 0.11454 7.6276
1 1 1 1 88.684 -10.994 1.0361 -1.0698 -12.335 -5.2072 -9.6616 -7.1449 2.9732 5.0458 2.0671 -2.3819 1.9312 10.029
1 1 1 1 88.525 -11.651 2.8619 1.3289 -9.4354 -3.6793 -9.8433 -6.7047 2.1948 5.9877 0.12993 -4.7041 0.57552 5.0523
1 1 1 1 88.505 -11.71 2.8765 1.6897 -9.2533 -3.1071 -9.6812 -6.7689 2.0675 6.325 -0.1073 -5.0688 0.36085 4.4571
1 1 1 1 87.47 -8.7087 3.3426 1.9666 -11.124 -6.5906 -10.378 -5.836 -1.1775 5.5828 3.6293 -4.8224 -0.44269 7.0003
1 1 1 1 87.608 -8.8795 3.8433 0.19329 -10.061 -5.6124 -10.073 -4.541 0.71782 5.6982 2.3226 -4.9944 -0.16187 8.5962
1 1 1 1 87.608 -8.8795 3.8433 0.19329 -10.061 -5.6124 -10.073 -4.541 0.71782 5.6982 2.3226 -4.9944 -0.16187 8.5962
1 1 1 1 87.161 -10.161 3.8027 -2.4262 -12.236 -6.0544 -9.9941 -6.4351 4.1776 4.3553 0.40745 -1.748 1.6561 9.1454
1 1 1 1 89.176 -11.183 2.2582 2.2177 -9.5397 -2.9188 -8.4584 -6.2713 2.7604 5.0293 0.76451 -2.3911 2.1975 6.1627
1 1 1 1 89.176 -11.183 2.2582 2.2177 -9.5397 -2.9188 -8.4584 -6.2713 2.7604 5.0293 0.76451 -2.3911 2.1975 6.1627
1 1 1 1 86.78 -7.9161 3.1209 2.9665 -11.466 -7.2027 -8.9658 -4.6468 -1.393 6.0673 4.4079 -4.1046 -1.3706 4.9906
1 1 1 1 87.294 -8.83 3.1879 -0.82324 -10.466 -6.9027 -12.054 -4.8904 1.5005 6.0398 1.6493 -4.8939 -0.79047 9.5006
1 1 1 1 87.294 -8.83 3.1879 -0.82324 -10.466 -6.9027 -12.054 -4.8904 1.5005 6.0398 1.6493 -4.8939 -0.79047 9.5006
1 1 1 1 86.897 -9.1482 3.0891 -2.5564 -11.909 -6.9667 -12.187 -5.1175 3.1087 4.9985 0.91661 -2.1192 1.0264 9.5498
1 1 1 1 89.38 -11.364 2.2338 0.76071 -9.9105 -4.5333 -8.8702 -6.9687 0.61904 4.7437 1.0104 -4.0074 0.70443 6.674
1 1 1 1 89.304 -11.53 2.1083 0.86702 -9.724 -4.0432 -8.9971 -6.7343 0.82134 5.0762 0.95702 -4.1298 0.83198 6.5523
1 1 1 1 86.968 -7.7348 2.9518 4.0036 -10.93 -7.115 -11.03 -7.7029 -2.9032 5.1653 6.798 -4.2829 -2.2197 2.5315
1 1 1 1 87.301 -8.0533 3.063 2.5328 -10.618 -6.9664 -11.197 -7.4549 -1.9153 5.7109 5.7953 -4.5916 -1.4971 4.0435
1 1 1 1 88.643 -10.752 3.7458 0.24615 -9.3664 -5.8054 -11.807 -7.7488 1.1735 3.7868 1.5065 -5.9622 -0.052967 3.3899
1 1 1 1 89.365 -11.111 2.9197 1.5159 -8.2368 -4.2951 -10.818 -7.0225 2.0767 5.5059 1.5534 -5.6487 -1.0716 3.7998
1 1 1 1 89.365 -11.111 2.9197 1.5159 -8.2368 -4.2951 -10.818 -7.0225 2.0767 5.5059 1.5534 -5.6487 -1.0716 3.7998
1 1 1 1 86.823 -8.4201 3.0374 3.4598 -9.0293 -5.8709 -11.706 -8.1029 -3.0747 4.6215 7.5431 -3.4005 -3.3063 1.5179
1 1 1 1 87.1 -8.5004 3.2406 2.0916 -8.3473 -5.2493 -12.473 -8.9888 -2.0409 5.2293 6.2433 -4.1174 -2.6747 2.6847
1 1 1 1 87.188 -8.7516 3.119 0.894 -6.9504 -4.9405 -13.05 -8.4332 -1.0301 4.8109 4.007 -4.1259 -2.2313 3.9386
1 1 1 1 86.976 -9.0702 2.8559 0.011988 -6.8873 -5.324 -13.879 -8.088 -0.28529 4.6177 3.2271 -3.8065 -1.8389 4.9217
1 1 1 1 87.417 -10.117 3.272 0.67583 -6.3745 -4.5569 -13.777 -7.7466 1.594 8.0039 2.2269 -4.4641 -2.1415 5.6721
1 1 1 1 87.405 -10.434 2.9577 1.3908 -7.0851 -3.8462 -12.702 -7.766 0.27273 8.2425 2.7945 -3.7763 -2.5202 4.7704
1 1 1 1 87.1 -10.582 2.4828 2.0386 -8.1321 -3.2073 -11.475 -7.9457 -1.0676 8.6058 3.1917 -2.9276 -2.7974 3.4396
1 1 1 1 86.835 -10.578 2.2814 2.4741 -8.5359 -2.8526 -10.744 -7.9528 -1.7707 8.6324 3.4876 -2.2979 -2.7849 2.7019
