1 0 1 1 76.172 -10.484 -3.025 -12.759 -5.3054 -4.4823 -5.8929 13.021 1.3017 6.4331 4.6824 11.935 -2.4684 -4.5081
1 0 1 1 77.015 -9.8644 -2.4432 -9.2929 -3.1748 -1.9654 -5.0425 10.202 3.8325 7.899 3.2312 9.9392 -3.3887 -3.6157
1 0 1 1 76.628 -10.201 -2.0969 -10.748 -3.2618 -1.0936 -6.3692 11.07 1.5636 6.1974 1.5571 10.07 -2.8674 -4.4713
1 0 1 1 76.183 -9.5753 -1.6353 -8.6928 -3.3833 1.7803 -7.4469 9.2548 3.2156 3.006 1.9169 12.686 -4.4416 -0.34671
1 0 1 1 81.644 -13.2 -7.3066 -15.605 -4.2098 13.065 11.108 1.8182 3.7778 -1.0397 -8.8581 1.8654 0.9043 -1.9385
1 0 1 1 81.644 -13.2 -7.3066 -15.605 -4.2098 13.065 11.108 1.8182 3.7778 -1.0397 -8.8581 1.8654 0.9043 -1.9385
1 0 1 1 81.576 -13.75 -6.6962 -15.714 -3.9856 13.446 11.529 2.484 3.3634 -0.57921 -8.1164 1.6228 1.4183 -2.6086
1 0 1 1 81.418 -14.66 -5.0839 -16.879 -3.2127 15.081 12.342 6.9983 2.6995 -2.505 -2.5992 -5.7346 2.1849 -4.8059
1 0 1 1 81.224 -14.949 -4.6136 -17.086 -2.6863 15.373 11.459 7.4082 2.3867 -3.3453 -1.5186 -5.7948 1.9686 -4.2018
1 0 1 1 79.479 -14.746 -2.017 -15.705 -3.4804 12.942 9.0079 7.9951 0.25621 -5.3051 -0.89643 -3.3052 -1.126 0.37244
1 0 1 1 79.421 -14.715 -1.7562 -15.817 -3.6893 12.773 8.6899 7.8387 -0.10047 -4.3548 -0.54444 -2.0179 -0.70291 0.91255
1 0 1 1 77.675 -12.851 -0.55113 -11.391 -3.8088 11.796 5.5024 8.6665 2.3032 -2.6262 -7.1949 -0.33964 1.0652 2.9896
1 0 1 1 78.53 -9.3695 0.033022 -9.5982 -11.476 -7.5857 -11.117 5.0807 0.70922 -3.6432 -1.3907 -0.57583 6.9479 0.88901
1 0 1 1 78.562 -9.3209 0.28889 -8.8287 -10.941 -6.9878 -10.927 5.393 0.74525 -5.2548 -1.2776 -0.7975 7.0403 0.54461
1 0 1 1 82.522 -11.236 -6.3555 -16.556 -6.848 6.7312 4.0146 -2.4331 2.1013 -1.8825 -4.8001 6.6816 4.6821 2.1893
1 0 1 1 82.473 -12.016 -6.2715 -16.826 -6.8737 6.9239 3.8165 -2.5322 1.2283 -1.877 -4.4183 6.3208 5.4015 1.3523
1 0 1 1 82.473 -12.016 -6.2715 -16.826 -6.8737 6.9239 3.8165 -2.5322 1.2283 -1.877 -4.4183 6.3208 5.4015 1.3523
1 0 1 1 82.355 -14.84 -5.5593 -19.494 -2.512 11.764 5.1073 -0.24118 -4.1847 -1.6877 0.91366 2.3282 10.716 -3.6167
1 0 1 1 82.22 -14.839 -5.0152 -19.473 -2.0098 12.131 5.5757 0.66489 -4.112 -1.3368 1.4506 1.6805 10.761 -3.7577
1 0 1 1 79.531 -14.302 -1.2842 -15.311 -4.1133 7.9108 8.4156 9.9253 0.28455 -3.161 1.1048 1.4154 -0.26409 0.10692
1 0 1 1 76.673 -13.111 -0.25064 -11.289 -2.8647 11.611 4.0757 8.9147 2.586 -0.76989 -6.9416 3.1656 -3.0579 -0.089457
1 0 1 1 83.957 -10.998 -4.7265 -18.822 -8.7826 3.1114 2.562 -3.2347 -2.7148 0.67399 -6.379 4.1491 6.1268 1.8545
1 0 1 1 84.065 -11.395 -4.1048 -18.801 -8.4628 3.4461 2.354 -3.5728 -3.7003 0.20205 -5.936 3.6166 7.0048 1.6294
1 0 1 1 84.065 -11.395 -4.1048 -18.801 -8.4628 3.4461 2.354 -3.5728 -3.7003 0.20205 -5.936 3.6166 7.0048 1.6294
1 0 1 1 83.995 -12 -2.879 -18.378 -7.7475 4.2064 1.3492 -3.8322 -5.3544 -1.3404 -3.9047 2.5266 8.4616 1.5387
1 0 1 1 83.302 -12.141 -1.4292 -17.707 -7.4274 3.4195 -1.328 -1.1345 -5.958 -5.2489 2.3186 1.1423 9.6261 3.8862
1 0 1 1 82.085 -11.847 0.51513 -14.51 -7.3912 3.7914 -3.7025 0.90329 -4.0393 -7.2156 0.6081 5.6966 6.3266 6.5114
1 0 1 1 79.8 -10.314 0.16729 -9.9639 -6.8135 2.1293 -4.5855 1.6457 1.7993 1.5602 -8.3803 5.6572 5.2046 4.3128
1 0 1 1 82.142 -13.909 -6.7872 -17.294 -0.61199 12.355 11.346 3.2534 1.7143 1.9302 -7.4261 3.6828 2.9361 -2.7291
1 0 1 1 82.272 -14.267 -6.1128 -17.298 0.01859 12.694 11.263 2.962 0.6078 1.934 -7.2026 3.1558 3.4206 -3.9427
1 0 1 1 82.272 -14.267 -6.1128 -17.298 0.01859 12.694 11.263 2.962 0.6078 1.934 -7.2026 3.1558 3.4206 -3.9427
1 0 1 1 82.161 -14.9 -5.0446 -17.374 0.46861 13.441 10.51 2.4914 -0.81157 1.2134 -6.1267 1.7925 4.0348 -5.4831
1 0 1 1 81.532 -14.594 -2.3116 -17.783 -2.607 12.247 7.2856 4.9703 -1.0594 -4.0511 0.95462 -3.4317 2.4971 -4.1512
1 0 1 1 81.026 -12.117 -1.2271 -15.676 -5.9137 4.8928 5.395 9.3235 0.87583 -0.83758 0.13763 0.39828 -3.9461 -0.43053
1 0 1 1 80.505 -10.905 0.57036 -10.423 -8.8215 0.30686 -4.3581 3.679 4.1659 0.85985 -7.2779 0.17624 2.6124 2.5337
1 0 1 1 77.974 -10.087 2.112 -6.1837 -9.5104 2.4919 -10.774 3.6888 2.1006 -1.5665 -0.39359 0.66877 5.6025 2.2953
1 0 1 1 82.978 -10.621 -7.3779 -10.346 -11.355 7.316 8.7485 3.6241 8.8953 5.2641 -3.8682 -2.7323 1.9349 -4.5418
1 0 1 1 83.81 -11.28 -7.9906 -13.952 -10.046 4.9652 10.511 2.5892 6.2911 6.4464 -5.1227 -1.281 3.1085 -2.7923
1 0 1 1 84.407 -12.713 -6.2885 -16.125 -9.3423 3.4238 9.2445 2.0056 3.3565 6.8152 -4.8045 -0.27441 3.9233 -3.0433
1 0 1 1 84.506 -13.132 -5.6893 -16.596 -9.3308 3.3581 8.7948 2.1839 2.7624 7.4691 -3.982 -0.30632 4.48 -3.696
1 0 1 1 84.195 -13.924 -3.8537 -16.634 -8.9354 4.5433 8.5328 2.6172 0.93342 8.2948 -1.2446 -1.2194 5.8034 -4.7679
1 0 1 1 81.518 -13.224 -0.90526 -11.246 -8.0977 3.4876 7.523 6.7778 1.1509 4.5125 3.7986 1.8891 0.70805 0.15796
1 0 1 1 80.476 -11.307 -2.1159 -8.6215 -8.305 -0.69539 4.9221 8.8926 0.96895 8.3433 -1.4699 -0.11578 -3.6525 1.5827
1 0 1 1 84.967 -12.419 -6.1223 -14.742 -11.586 2.4975 6.3615 1.1355 3.3375 4.1687 -2.4645 0.82467 -0.65198 -1.403
1 0 1 1 85.093 -12.692 -5.4477 -14.987 -11.193 3.0279 6.9592 1.5523 3.647 3.7835 -2.3245 0.56075 0.081005 -1.6801
1 0 1 1 85.115 -12.923 -4.8298 -15.047 -10.887 3.4044 7.4898 2.0554 4.1369 3.5492 -2.1712 0.30706 0.87911 -2.1796
1 0 1 1 84.907 -13.46 -3.9053 -14.743 -11.185 3.5967 8.2491 2.5193 4.7382 3.3136 -1.5124 -0.38288 2.2478 -3.2824
1 0 1 1 83.891 -14.41 -2.7541 -13.25 -12.551 3.3732 9.0049 5.1189 6.5725 2.7449 -0.076819 -0.62826 3.3892 -5.4856
1 0 1 1 81.966 -13.756 -0.897 -10.407 -11.324 -1.0558 6.3839 7.6277 7.5364 5.5649 -1.1304 -2.21 3.1235 -4.3492
1 0 1 1 79.375 -12.483 -1.8945 -7.9467 -9.7906 3.0929 1.4282 8.3256 3.5496 5.9016 0.55863 0.506 -0.97957 0.04683
1 0 1 1 83.47 -12.265 -8.1881 -15.019 -11.433 2.2103 8.2084 0.46023 5.235 5.2625 -2.4944 1.7303 0.27664 -3.7409
1 0 1 1 83.755 -13.013 -7.7825 -16.208 -11.315 2.4754 8.3493 1.5097 4.3742 5.6115 -1.9373 0.30154 2.0245 -2.7711
1 0 1 1 83.81 -13.231 -7.5542 -16.439 -11.164 2.5052 8.3401 2.2819 4.1592 5.5592 -1.4822 -0.68412 2.5816 -2.5886
1 0 1 1 83.847 -13.179 -6.6591 -16.436 -11.298 1.3664 7.4498 3.2873 3.8116 5.2631 -0.1554 -2.4359 3.122 -2.7076
1 0 1 1 82.867 -14.203 -4.1202 -12.046 -15.087 -0.86243 4.687 3.0974 6.7052 1.9415 -0.9906 -1.2387 -0.65673 -0.87693
1 0 1 1 82.867 -14.203 -4.1202 -12.046 -15.087 -0.86243 4.687 3.0974 6.7052 1.9415 -0.9906 -1.2387 -0.65673 -0.87693
1 0 1 1 81.848 -13.552 -2.1357 -7.9982 -14.17 -2.8812 4.6272 4.8292 9.4129 6.803 -3.3899 -3.0379 1.8142 -2.3782
1 0 1 1 81.179 -13.022 -1.2319 -8.7602 -13.234 -3.2684 3.6823 5.1892 7.4627 7.7236 -3.4032 -6.444 2.6035 -4.7851
1 0 1 1 82.033 -12.414 -6.3581 -18.222 -7.6499 4.8513 5.6798 1.8359 4.0992 6.0395 -2.7786 5.2816 0.31628 -3.6638
1 0 1 1 82.629 -12.718 -5.2809 -18.976 -7.5481 4.6383 5.6866 2.4973 2.4745 3.7716 -1.9798 1.614 0.93346 -3.839
1 0 1 1 82.819 -12.526 -4.7759 -18.808 -7.8666 3.8246 4.9023 2.9611 2.4427 2.897 -0.74687 1.0454 1.3802 -3.425
1 0 1 1 82.042 -12.354 -3.5637 -10.869 -16.976 -3.387 2.478 5.8473 7.7646 2.995 -1.075 -0.92259 -2.3755 -0.62558
1 0 1 1 81.722 -13.622 -1.5093 -9.022 -14.293 -1.8525 2.5965 2.6509 8.535 6.5296 -2.667 -1.8076 1.2975 -4.9734
1 0 1 1 80.304 -12.86 -3.146 -7.7048 -13.811 -3.1338 3.0762 1.8612 11.58 9.2624 -2.6422 -6.4633 4.9488 -5.2216
1 0 1 1 79.626 -11.031 -6.0433 -7.8492 -9.273 -0.092675 0.3311 -1.6786 2.6117 7.3991 7.0947 -5.7102 1.9955 -3.325
1 0 1 1 79.562 -10.968 -3.406 -9.5728 -10.998 3.9905 2.2831 4.9977 0.18017 4.6158 6.4453 -3.9868 -1.673 0.86534
1 0 1 1 78.922 -11.734 -2.4698 -8.7305 -8.3829 3.1605 -1.4523 10.078 -1.7611 1.7097 -0.5019 1.1535 -4.6583 -3.8996
1 0 1 1 80.196 -9.6043 -3.8146 -11.503 -10.82 -2.7998 2.5949 2.7361 6.8457 -0.84781 2.1457 2.64 -0.28124 -0.13084
1 0 1 1 81.08 -10.856 -3.6409 -8.2898 -15.867 -5.759 2.679 9.0568 10.411 -0.13036 -2.4516 1.9483 -4.0455 -1.1582
1 0 1 1 81.097 -12.032 -2.4904 -6.8746 -15.552 -5.3318 2.0076 6.8383 14.417 2.5305 -1.1506 0.32951 0.51707 -3.3354
1 0 1 1 80.786 -12.419 -1.7038 -6.1188 -15.143 -4.3197 2.5636 4.3141 13.28 4.9854 -1.065 -1.318 3.5782 -4.5727
1 0 1 1 79.846 -12.496 -1.3916 -5.8906 -14.255 -4.8649 0.61367 4.9828 14.964 9.6587 0.16814 -9.8061 6.0999 -5.6237
1 0 1 1 78.684 -10.701 -1.8556 -3.2516 -11.082 -2.9144 -1.1182 2.8315 11.539 9.3958 6.601 -7.7229 0.19351 -2.1127
1 0 1 1 80.858 -10.428 -3.8794 -6.4703 -12.958 -3.2604 0.523 -0.63682 -0.09812 15.024 8.8407 1.037 4.6263 -1.3286
1 0 1 1 81.012 -11.353 -1.4127 -6.4115 -11.693 -1.7872 -0.70307 1.9323 1.0725 5.7795 4.0393 3.646 6.8154 5.879
1 0 1 1 80.754 -11.892 -1.3248 -5.9069 -10.189 -2.1177 -2.3999 5.0877 1.1408 6.2256 3.4407 2.4081 6.2331 4.2249
1 0 1 1 81.601 -10.725 -1.6282 -5.7032 -15.662 -7.7874 0.00032462 4.1694 11.407 2.2045 -1.4927 1.3649 3.305 0.12
1 0 1 1 80.881 -11.239 -0.35454 -4.2853 -16.078 -6.5948 -0.055732 3.2064 12.39 4.9403 -2.1084 -4.4902 6.7218 -4.4779
1 0 1 1 80.579 -11.355 -0.50893 -3.9951 -16.022 -6.466 -0.19581 3.2117 12.927 6.294 -1.8093 -6.0224 6.9103 -4.437
1 0 1 1 78.387 -11.247 -0.65578 -1.7077 -11.828 -3.33 3.5647 2.6796 14.945 10.32 3.0797 -7.8129 4.6095 -3.042
1 0 1 1 81.38 -8.661 -3.268 -8.2478 -14.603 -6.6564 -0.80424 -2.376 0.494 9.9239 4.4738 -0.76018 6.0934 2.0909
1 0 1 1 83.157 -11.847 -2.8402 -9.6078 -17.6 -7.2528 -0.44518 1.9137 4.2583 6.4593 4.257 1.9637 5.8582 2.5628
1 0 1 1 83.005 -12.077 -2.5604 -9.4872 -17.628 -6.8742 0.18374 1.9118 6.2446 6.9312 4.0773 2.342 6.6975 1.2953
1 0 1 1 80.813 -11.521 -2.1128 -5.6675 -14.32 -7.2777 -4.2858 2.5849 5.8879 10.132 4.2667 0.61062 7.9219 2.6569
1 0 1 1 79.879 -11.122 -2.2796 -4.8538 -13.99 -5.7682 -2.2095 4.3862 11.63 10.663 3.664 -1.1079 7.4098 -0.92042
1 0 1 1 79.935 -8.3292 -0.096394 -4.3248 -19.452 -13.46 0.092957 2.1016 1.5976 3.5767 0.62026 -3.0627 4.2326 2.346
1 0 1 1 82.022 -10.379 -0.11767 -6.9035 -15.044 -7.6713 -3.1629 -4.0414 4.5242 8.1599 0.6179 -1.789 6.8442 2.3466
1 0 1 1 82.022 -10.379 -0.11767 -6.9035 -15.044 -7.6713 -3.1629 -4.0414 4.5242 8.1599 0.6179 -1.789 6.8442 2.3466
1 0 1 1 82.164 -10.158 -2.4026 -8.428 -12.505 -4.9338 -4.5234 -2.9748 2.009 10.206 5.3695 -2.3318 8.1529 0.070893
1 0 1 1 82.159 -10.318 -2.6725 -8.1889 -12.859 -4.7728 -4.93 -2.9639 2.8448 8.9193 5.6192 -2.1817 7.7141 -0.38751
1 0 1 1 82.108 -10.383 -2.6813 -7.9493 -12.871 -4.7008 -4.3915 -2.9148 2.8355 8.6289 5.6109 -2.0366 7.4833 -0.13543
1 0 1 1 81.839 -10.538 -2.4369 -7.2208 -12.882 -4.1659 -2.3289 -3.5135 1.7594 8.3075 5.0737 -1.2803 6.939 1.2502
1 0 1 1 81.624 -10.639 -2.3768 -6.951 -12.989 -3.6797 -0.90504 -3.879 0.91693 8.1809 4.8047 -0.91032 6.979 2.1161
1 0 1 1 80.486 -10.423 -2.8497 -7.2399 -14.398 -0.20898 1.2283 -1.0257 -1.3554 6.8257 6.634 -2.3583 5.3072 2.7413
1 0 1 1 78.241 -12.143 -2.7477 -6.4394 -9.6079 1.8955 -2.2864 9.3544 0.72823 3.4625 -1.0121 1.5747 -3.4642 -3.1201
1 0 1 1 80.542 -11.046 1.6694 -3.614 -16.668 -12.042 -4.6849 0.89558 8.3272 4.5112 -0.92805 -4.8555 10.55 4.8692
1 0 1 1 80.458 -11.409 1.9831 -3.373 -16.787 -11.947 -7.2489 0.1665 11.006 6.469 -2.4694 -7.2272 9.8363 4.6866
1 0 1 1 77.464 -11.629 -3.1037 -9.1534 -8.6048 5.1026 1.7481 7.5578 -0.19591 -1.0503 2.9489 -0.34549 -3.3227 1.3699
1 0 1 1 77.272 -11.6 -2.8778 -8.8536 -6.7832 5.325 0.47782 10.952 1.6321 -2.6164 -1.0833 2.5159 -4.4328 -0.069598
1 0 1 1 79.632 -11.792 -0.090547 -3.3357 -19.018 -10.768 -2.0301 0.6627 9.7758 3.2324 -2.2902 -6.2936 2.1564 0.21505
1 0 1 1 79.215 -11.717 1.3276 -1.8537 -14.442 -6.6615 -4.3888 0.61855 7.8569 7.0697 0.25891 -9.1259 4.1613 2.9998
1 0 1 1 79.069 -11.884 1.1774 -1.1251 -14.86 -7.1451 -5.2813 -3.7627 5.525 6.98 0.34636 -8.0688 3.4166 5.3252
1 0 1 1 77.538 -10.779 -2.2067 -1.4685 -14.453 -3.1924 3.1064 4.9322 13.185 5.6917 -0.61618 -3.233 -0.01426 -2.6755
1 0 1 1 76.848 -12.068 -2.3974 -7.4066 -4.988 7.4576 2.6385 11.741 2.6336 -3.2245 0.51634 1.4724 -5.1438 -0.58445
1 0 1 1 76.848 -12.068 -2.3974 -7.4066 -4.988 7.4576 2.6385 11.741 2.6336 -3.2245 0.51634 1.4724 -5.1438 -0.58445
1 0 1 1 76.333 -10.027 -2.0319 -7.6652 -3.3684 -2.1465 0.051791 12.2 7.3271 7.6113 -0.54967 10.058 -2.8849 -3.8289
1 0 1 1 78.497 -12.338 -3.6564 -9.587 -6.8692 1.0046 0.56407 9.3148 0.29482 9.6712 3.4581 5.6076 -0.015966 -5.7614
1 0 1 1 76.373 -11.684 -2.3138 -6.0729 -7.6339 2.8352 -2.0883 10.672 7.3021 5.7666 -1.0211 7.0842 0.30062 -4.7299
1 0 1 1 75.514 -10.808 -0.73387 -9.9358 -1.4374 -4.1492 -0.85069 13.1 1.4642 7.6709 3.6918 9.68 -4.7104 -2.8736
1 0 1 1 76.056 -10.023 -0.57901 -9.1728 -6.2527 -0.95509 -5.6796 15.795 9.7877 6.6787 2.2549 5.1666 -1.3953 -5.5367
1 0 1 1 77.267 -11.084 0.84234 -11.279 -2.2555 -1.6351 -2.8574 12.101 -1.2998 7.233 5.7645 9.2112 -1.5994 -5.9629
1 0 1 1 76.858 -9.8989 -0.26538 -11.421 -4.2865 -4.0495 -4.7708 11.858 0.22045 3.9272 3.8205 8.6053 -3.3701 -4.7067
1 0 1 1 77.088 -8.5645 -0.029601 -7.687 0.061679 0.29025 -2.6096 11.933 2.3445 4.602 1.9375 10.263 -1.1777 -2.9267
1 0 1 1 77.02 -9.1711 2.6998 -3.0673 -4.302 1.446 -4.0255 3.8306 1.0106 4.0067 1.2219 11.784 14.038 -2.6426
1 0 1 1 77.181 -8.6747 2.3425 -2.9453 -5.3254 2.9692 -3.561 3.2063 2.8239 7.3813 3.0297 8.2523 14.803 -2.2993
1 0 1 1 78.31 -9.0372 0.57941 -6.7228 -0.91747 -0.087842 -4.8437 11.622 5.9816 6.7914 2.215 10.792 5.8605 -0.31558
1 0 1 1 78.588 -9.1667 0.56316 -7.8889 -7.3634 -0.70593 -6.4035 7.6263 3.5698 5.7138 5.3601 12.955 6.7501 -2.8053
1 0 1 1 78.442 -9.2845 0.48154 -4.6677 -6.5107 0.0053918 -6.7289 5.7064 3.0955 4.1195 3.7692 10.356 9.0073 -1.3719
1 0 1 1 77.931 -9.2734 1.0019 -6.2457 -6.4605 0.66885 -4.8144 4.8045 -1.4363 2.1025 3.9823 12.18 8.9341 -0.92898
1 0 1 1 77.432 -8.6668 1.1504 -3.3981 -4.9628 2.8814 -7.1527 1.7542 0.65885 4.8924 1.4008 9.117 11.014 0.0067549
1 0 1 1 78.641 -8.0647 2.2919 -5.8608 -6.079 2.1987 -5.5123 7.135 0.67353 2.9923 6.1662 11.459 5.7535 0.76506
1 0 1 1 77.38 -8.2422 3.0211 -2.6214 -3.5997 0.274 -4.1984 6.3531 -0.85685 -0.21149 1.3596 13.374 9.7823 -1.1162
1 0 1 1 77.326 -7.9673 3.9475 -1.1532 -2.5908 3.1271 -6.0464 3.7014 -0.92457 -0.20012 0.19496 6.1395 12.748 -1.8889
1 0 1 1 78.533 -8.3279 3.1296 -4.3273 -5.8803 -0.69703 -6.7883 7.3064 -4.2668 -0.80079 2.3032 11.264 7.9389 0.37283
1 0 1 1 79.759 -8.8749 -2.12 -0.80564 -13.596 -2.8471 5.5516 8.3359 11.079 5.8902 -0.69895 1.9685 2.9366 -4.5112
1 0 1 1 79.299 -9.7506 -1.5245 -0.16715 -12.556 -1.5327 2.3934 7.5357 12.557 6.751 0.10865 -1.716 4.6288 -4.6896
1 0 1 1 77.551 -9.7178 4.1722 -5.563 -6.257 -0.69422 -10.538 6.8019 -4.1575 -2.4126 3.4674 11.067 10.582 3.0029
1 0 1 1 79.875 -10.124 -2.9468 -2.7739 -14.467 -2.4376 8.4323 10.035 12.407 6.4087 -2.1733 3.2026 2.5393 -4.1876
1 0 1 1 80.076 -10.025 -2.7305 -3.2856 -14.034 -2.1615 7.4743 10.364 13.915 7.3862 -2.7547 1.4425 4.8533 -4.7251
1 0 1 1 79.421 -9.4968 -2.0499 -3.0204 -10.471 -0.26031 1.5694 7.6988 15.295 8.9562 -1.2812 -6.1496 5.9979 -4.0211
1 0 1 1 76.585 -10.118 5.6301 -5.2539 -6.4054 0.92746 -13.206 4.631 -2.3563 -3.6887 0.062889 8.1754 8.673 1.8533
1 0 1 1 79.598 -10.804 -1.7431 -2.7479 -12.598 1.4241 3.0879 8.1104 14.456 6.48 -1.5805 -5.0716 2.5343 -6.9076
1 0 1 1 77.464 -8.4124 4.8373 -3.6218 -2.9426 0.37149 -9.3672 5.7397 -1.6591 -1.2455 0.82215 5.6973 7.4864 -0.064946
1 0 1 1 77.062 -9.4391 5.7376 -3.8316 -3.6852 2.4484 -11.22 5.5863 0.24358 -1.3087 0.93671 6.7076 8.9 0.26315
1 0 1 1 79.775 -9.0238 -2.7202 -1.1727 -12.957 -2.4606 10.319 9.2826 8.7655 5.4715 -1.0725 0.8059 -2.5601 -4.5835
1 0 1 1 79.761 -10.051 -2.1934 -1.7473 -11.283 0.47652 3.9966 8.9852 14.601 6.7543 -1.6967 -3.8723 2.8345 -5.2162
1 0 1 1 79.455 -10.336 -4.0759 -2.6833 -12.54 -0.35737 7.2031 7.1193 11.638 7.6774 -1.8098 -0.65277 -0.42806 -5.0573
1 0 1 1 79.433 -10.525 -3.0165 -1.6509 -12.236 0.37916 5.7126 8.4119 12.981 6.8602 -0.76152 -1.9395 1.2198 -5.556
1 0 1 1 78.143 -10.284 -2.3182 -1.5956 -10.791 -0.11573 2.0293 7.1835 17.079 11.534 -0.058437 -7.8092 3.358 -3.2023
1 0 1 1 79.434 -10.511 -1.763 -0.95842 -11.687 1.8502 5.0439 8.6227 14.771 6.0529 -2.9789 -3.2156 -0.4378 -5.9234
1 0 1 1 79.04 -10.612 -2.2128 0.0016571 -12.036 0.12301 2.577 5.6801 13.369 5.2947 -1.7296 -4.3627 0.25852 -5.1267
