1 0 1 2 84.431 -12.869 -1.6167 1.2898 -10.29 -13.58 -2.573 -0.037718 -9.8142 6.6363 -0.54285 -0.66992 4.0442 2.2678
1 0 1 2 84.467 -13.052 -1.7222 1.0652 -10.335 -13.684 -2.5935 0.38797 -9.7278 6.6508 -0.1441 -0.61433 4.327 2.7512
1 0 1 2 84.548 -14.064 -3.8017 0.25457 -11.393 -16.593 -5.399 -0.56327 -8.2979 5.0493 -1.3131 -2.0244 2.1114 5.2416
1 0 1 2 84.648 -15.353 -2.9965 -0.98833 -11.652 -16.21 -6.3238 -0.63515 -9.3026 3.475 -0.14887 -2.1387 2.7539 5.2084
1 0 1 2 84.273 -14.687 -4.6031 -2.506 -14.378 -18.62 -4.5254 0.018706 -8.6807 4.5308 -4.2035 2.3344 6.4094 3.0504
1 0 1 2 84.316 -14.708 -4.5713 -2.3553 -14.12 -18.546 -4.289 0.48323 -8.7657 4.6713 -3.9574 1.9323 6.0537 2.995
1 0 1 2 85.391 -16.012 -4.3961 -3.546 -15.716 -18.811 -4.3207 -1.2685 -7.9954 3.5159 -4.1612 -0.13457 4.4528 3.7747
1 0 1 2 85.391 -16.012 -4.3961 -3.546 -15.716 -18.811 -4.3207 -1.2685 -7.9954 3.5159 -4.1612 -0.13457 4.4528 3.7747
1 0 1 2 83.58 -15.831 -5.4369 -2.0432 -13.219 -17.516 -4.5658 0.28725 -7.6348 4.9074 -2.5749 -0.5666 1.412 5.4789
1 0 1 2 84.259 -15.322 -3.9283 -0.75072 -12 -16.924 -4.3241 0.17464 -6.7147 6.4168 -0.92685 -0.96062 3.7863 6.1356
1 0 1 2 84.81 -15.457 -3.6115 -1.5295 -11.751 -16.682 -4.5521 1.0368 -6.5434 5.1315 -0.63624 -0.96707 4.0921 6.7292
1 0 1 2 84.81 -15.457 -3.6115 -1.5295 -11.751 -16.682 -4.5521 1.0368 -6.5434 5.1315 -0.63624 -0.96707 4.0921 6.7292
1 0 1 2 81.429 -15.357 -4.4617 0.77665 -10.321 -15.394 -7.2158 -0.63166 -6.949 5.7229 -1.1057 -0.38966 -2.1932 6.6066
1 0 1 2 82.346 -14.969 -2.4606 1.6526 -11.162 -15.869 -9.0852 -2.7609 -4.761 4.1654 -1.4692 -1.1442 -0.88874 7.8895
1 0 1 2 82.346 -14.969 -2.4606 1.6526 -11.162 -15.869 -9.0852 -2.7609 -4.761 4.1654 -1.4692 -1.1442 -0.88874 7.8895
1 0 1 2 81.824 -15.041 -2.3481 2.0207 -10.276 -13.651 -8.048 -3.4874 -4.7356 4.1116 -2.0472 -0.9421 -1.8962 5.9612
1 0 1 2 85.212 -15.777 -4.1556 -4.4071 -17.324 -18.407 -3.6063 -0.83985 -5.6649 3.6103 -5.0843 3.0671 6.1011 4.2351
1 0 1 2 85.318 -15.64 -4.074 -3.8102 -16.619 -17.803 -3.1601 -0.45655 -5.4541 4.3082 -4.8007 2.291 5.3439 4.4746
1 0 1 2 84.815 -14.952 -5.299 -2.4173 -13.315 -18.176 -3.9251 1.4766 -6.1419 6.622 -3.5598 -1.72 4.5855 6.7702
1 0 1 2 85.054 -15.315 -5.2111 -3.0369 -14.017 -18 -3.5763 0.45077 -6.372 6.5029 -3.3659 -1.6286 5.4466 5.9954
1 0 1 2 85.059 -15.486 -5.3388 -3.4558 -14.319 -17.884 -3.6245 0.063664 -6.1057 6.3589 -3.3271 -1.257 5.7804 5.9147
1 0 1 2 83.221 -14.741 -4.9071 0.36297 -12.371 -17.257 -3.2549 0.64546 -7.6323 7.5325 -1.6304 -1.8115 1.2227 6.5683
1 0 1 2 84.337 -15.64 -4.4813 -2.0607 -13.626 -17.563 -4.3699 0.51878 -6.7248 5.1346 -1.1909 -0.61574 4.0257 7.5107
1 0 1 2 84.337 -15.64 -4.4813 -2.0607 -13.626 -17.563 -4.3699 0.51878 -6.7248 5.1346 -1.1909 -0.61574 4.0257 7.5107
1 0 1 2 80.843 -14.895 -4.7414 2.155 -10.416 -15.288 -5.4955 -1.3575 -7.8112 6.3931 0.30503 1.9474 -1.3852 5.2515
1 0 1 2 81.306 -14.731 -3.8921 1.4327 -12.147 -17.286 -7.1114 -3.3656 -8.5063 6.1142 0.75125 1.0171 -1.4739 6.8802
1 0 1 2 81.306 -14.731 -3.8921 1.4327 -12.147 -17.286 -7.1114 -3.3656 -8.5063 6.1142 0.75125 1.0171 -1.4739 6.8802
1 0 1 2 81.439 -14.962 -3.4738 1.0891 -12.044 -16.914 -7.1044 -3.1648 -7.9654 5.5393 0.13389 0.13978 -1.225 7.1239
1 0 1 2 80.751 -14.66 -2.7417 1.8947 -10.559 -13.983 -5.8796 -3.2347 -6.7401 5.7634 -1.1719 -0.64969 -3.2222 5.7026
1 0 1 2 85.067 -16.039 -3.9687 -6.3206 -18.764 -19.153 -4.5178 -0.1482 -5.2248 1.9902 -5.1854 7.3785 9.7268 3.0732
1 0 1 2 85.108 -16.064 -4.0534 -6.0112 -18.612 -19.179 -4.2922 -0.098423 -5.1075 2.2533 -4.9939 6.8949 9.3988 3.8241
1 0 1 2 85.616 -16.745 -5.7231 -5.6374 -17.109 -20.064 -5.7343 -0.71038 -6.2156 3.9133 -4.7708 -0.25716 6.2656 5.8232
1 0 1 2 85.616 -16.745 -5.7231 -5.6374 -17.109 -20.064 -5.7343 -0.71038 -6.2156 3.9133 -4.7708 -0.25716 6.2656 5.8232
1 0 1 2 84.676 -15.883 -4.3446 -2.2985 -12.608 -18.456 -5.6731 -0.71484 -6.99 4.064 -3.4551 -3.1164 3.507 4.407
1 0 1 2 84.733 -15.909 -4.2219 -2.3818 -12.408 -18.107 -5.5044 -0.48326 -7.0173 3.7344 -3.0182 -2.9303 3.6784 4.3024
1 0 1 2 81.21 -14.744 -3.2293 2.9438 -11.909 -16.303 -9.5164 -3.6526 -4.6448 8.8525 -0.93296 -2.5666 -2.3355 8.38
1 0 1 2 81.366 -14.905 -2.4491 2.2396 -10.987 -15.34 -9.6404 -3.7154 -4.3156 6.7017 -1.5559 -3.0459 -2.9002 8.9659
1 0 1 2 84.914 -14.351 -3.557 -3.9239 -16.169 -18.305 -3.358 1.4586 -7.1254 1.0033 -6.3755 3.5035 6.6293 0.78189
1 0 1 2 84.881 -14.549 -4.0008 -4.0486 -16.172 -18.525 -3.5465 1.5086 -7.3157 1.2746 -6.1915 3.1873 6.5778 1.086
1 0 1 2 84.663 -14.578 -5.0665 -3.1022 -15.168 -18.296 -3.0857 2.5276 -6.9636 3.2181 -5.1782 1.9518 6.4787 2.7717
1 0 1 2 86.006 -16.613 -5.6137 -6.0379 -17.586 -20.208 -4.6396 -0.31689 -5.2863 3.0736 -4.5215 1.0889 7.7813 5.8253
1 0 1 2 85.959 -16.622 -5.3348 -5.7589 -17.249 -19.669 -4.4137 -0.21273 -4.9896 3.127 -4.6636 0.94265 7.2987 5.5703
1 0 1 2 85.129 -16.201 -5.183 -4.3138 -14.844 -19.143 -7.2041 -1.5118 -6.6722 2.5219 -2.1733 -0.65466 3.8745 5.8398
1 0 1 2 85.129 -16.201 -5.183 -4.3138 -14.844 -19.143 -7.2041 -1.5118 -6.6722 2.5219 -2.1733 -0.65466 3.8745 5.8398
1 0 1 2 82.393 -15.255 -3.979 -0.57387 -11.049 -15.434 -10.103 -2.1746 -4.383 5.7611 -2.2896 -3.9074 -0.44422 7.7544
1 0 1 2 82.456 -15.27 -3.6775 -0.40681 -11.125 -15.014 -9.6711 -1.9141 -3.9352 5.6047 -2.2478 -4.1286 -0.78708 7.3545
1 0 1 2 82.08 -15.52 -3.5703 -0.098071 -11.645 -14.703 -9.1065 -2.0513 -3.7781 4.9377 -2.0951 -3.6039 -1.4121 6.8417
1 0 1 2 84.038 -14.373 -2.9722 -5.7913 -17.408 -18.841 -3.9342 -0.76211 -5.9755 1.5543 -5.9476 7.1722 9.95 2.6375
1 0 1 2 85.221 -15.632 -1.6455 -4.1333 -17.643 -18.414 -1.2442 0.4847 -3.7776 1.3225 -6.0182 5.803 9.5234 1.879
1 0 1 2 85.221 -15.632 -1.6455 -4.1333 -17.643 -18.414 -1.2442 0.4847 -3.7776 1.3225 -6.0182 5.803 9.5234 1.879
1 0 1 2 86.076 -15.92 -5.1879 -6.318 -15.271 -21.047 -4.7589 -0.84529 -6.0535 0.74194 -3.8021 -1.2225 5.6604 5.5996
1 0 1 2 86.076 -15.92 -5.1879 -6.318 -15.271 -21.047 -4.7589 -0.84529 -6.0535 0.74194 -3.8021 -1.2225 5.6604 5.5996
1 0 1 2 83.173 -15.754 -5.3457 -1.3888 -11.927 -17.554 -7.3473 -1.419 -8.3354 5.2232 -4.3583 -2.4234 0.73577 7.0606
1 0 1 2 83.305 -15.637 -5.0102 -0.87888 -12.09 -17.639 -7.3129 -1.7068 -8.2271 5.1663 -4.2239 -2.1367 1.0635 7.0565
1 0 1 2 84.522 -14.526 -1.138 -4.4263 -17.016 -17.803 -2.3881 0.11969 -4.8606 0.64057 -7.2908 5.2733 9.4325 -0.035169
1 0 1 2 85.404 -16.165 -2.4732 -4.7345 -16.798 -19.484 -2.616 0.827 -4.6619 1.946 -4.9851 2.7921 9.9619 3.2522
1 0 1 2 85.725 -16.427 -3.6136 -5.0513 -14.89 -19.195 -4.689 0.83926 -4.7419 1.7082 -4.1554 -0.22231 8.6449 4.8572
1 0 1 2 85.639 -16.919 -4.6323 -5.4141 -15.422 -19.62 -5.3321 0.021576 -5.5142 2.4775 -3.6804 -0.38699 8.7986 5.8933
1 0 1 2 83.553 -14.591 -2.1768 -3.0355 -13.808 -17.976 -5.0203 -1.2494 -8.8411 3.6325 -3.1069 0.57963 6.524 4.5739
1 0 1 2 83.553 -14.591 -2.1768 -3.0355 -13.808 -17.976 -5.0203 -1.2494 -8.8411 3.6325 -3.1069 0.57963 6.524 4.5739
1 0 1 2 84.033 -16.758 -3.1181 -3.6193 -13.034 -19.316 -7.1405 -1.0556 -8.9396 1.9044 -1.041 -0.49672 5.2111 6.0185
1 0 1 2 84.113 -16.764 -2.9875 -3.3736 -12.582 -18.805 -7.0758 -0.91173 -8.8686 1.8532 -0.99572 -0.58147 4.8316 5.923
