1 1 1 1 74.321 -10.634 -0.22562 -3.6041 -8.8755 -11.292 2.1651 4.9244 0.46856 12.642 -4.3412 -5.6338 6.9542 1.1183
1 1 1 1 74.321 -10.634 -0.22562 -3.6041 -8.8755 -11.292 2.1651 4.9244 0.46856 12.642 -4.3412 -5.6338 6.9542 1.1183
1 1 1 1 74.243 -10.724 -0.15317 -3.3786 -9.7895 -12.226 1.6157 5.1931 0.82753 12.146 -4.4422 -5.2322 7.6002 1.8292
1 1 1 1 74.265 -11.037 0.15024 -4.6615 -11.229 -12.809 -4.0224 4.4687 2.5365 10.892 -4.3393 -2.8936 5.8811 2.9566
1 1 1 1 74.217 -11.597 0.15944 -3.6982 -11.691 -11.637 -2.468 3.55 2.6913 10.946 -4.4265 -3.5301 5.1616 3.3645
1 1 1 1 74.504 -11.503 0.92212 -2.6914 -13.109 -11.626 -2.3961 1.7864 2.7437 10.639 -3.2542 -2.566 4.2361 3.3362
1 1 1 1 75.158 -11.485 1.073 -3.7525 -14.073 -10.788 -4.6516 1.1147 5.5983 9.5837 -2.1646 0.38429 4.5097 1.9299
1 1 1 1 75.158 -11.485 1.073 -3.7525 -14.073 -10.788 -4.6516 1.1147 5.5983 9.5837 -2.1646 0.38429 4.5097 1.9299
1 1 1 1 74.43 -11.655 -0.5105 -4.1703 -12.089 -9.8597 -4.3124 0.11446 3.531 8.6826 -4.102 -2.9189 6.8021 4.0675
1 1 1 1 74.321 -11.864 -0.004436 -4.2938 -14.48 -10.49 -7.7938 0.45858 0.33243 7.9613 -3.2207 0.099546 7.5237 6.6341
1 1 1 1 73.948 -11.47 0.65574 -3.2397 -14.136 -8.9391 -6.3372 -0.21289 0.85171 8.1571 -3.3727 0.97819 6.322 6.0537
1 1 1 1 74.328 -10.412 0.56334 -3.4792 -8.9279 -5.9999 -2.5258 -3.5488 4.7661 10.9 -1.1725 -0.36895 1.3109 0.53407
1 1 1 1 74.328 -10.412 0.56334 -3.4792 -8.9279 -5.9999 -2.5258 -3.5488 4.7661 10.9 -1.1725 -0.36895 1.3109 0.53407
1 1 1 1 74.369 -10.358 0.31543 -2.0209 -11.806 -11.772 2.0803 6.5903 2.8545 6.5332 -5.3898 0.88313 8.9239 0.94148
1 1 1 1 75.236 -10.958 -0.41711 -2.9439 -12.12 -13.93 1.2563 5.5886 4.2436 8.4212 -4.2022 0.76634 11.205 3.3676
1 1 1 1 75.051 -11.014 -0.20317 -2.7106 -12.252 -13.576 1.6352 5.7961 3.6214 8.1748 -4.5084 0.68388 11.233 3.003
1 1 1 1 74.815 -10.99 0.14319 -2.3521 -12.338 -13.005 2.1302 5.991 2.7567 7.8279 -4.8457 0.4586 11.003 2.476
1 1 1 1 74.904 -10.766 0.94916 -1.7258 -11.455 -10.664 -2.7422 0.58904 4.6401 9.7969 -7.1631 -0.37183 5.1846 3.5781
1 1 1 1 75.23 -10.718 1.247 -2.4451 -11.388 -10.681 -4.2312 0.66655 5.2391 9.4393 -7.867 -0.30806 6.4698 4.0212
1 1 1 1 74.102 -10.906 2.8497 -0.85595 -12.45 -11.978 -5.7064 -0.71673 3.1608 12.08 -0.41479 -1.2438 3.2108 4.9247
1 1 1 1 74.102 -10.906 2.8497 -0.85595 -12.45 -11.978 -5.7064 -0.71673 3.1608 12.08 -0.41479 -1.2438 3.2108 4.9247
1 1 1 1 74.054 -10.841 2.6706 -1.601 -13.243 -10.697 -6.4273 -1.044 3.3273 12.213 -0.63285 -0.037131 3.7093 4.8672
1 1 1 1 72.168 -10.581 2.2409 1.8103 -9.2693 -5.6509 -5.0164 -4.6777 2.8986 5.1281 -4.9894 1.0296 1.0789 -0.22098
1 1 1 1 72.168 -10.581 2.2409 1.8103 -9.2693 -5.6509 -5.0164 -4.6777 2.8986 5.1281 -4.9894 1.0296 1.0789 -0.22098
1 1 1 1 74.507 -10.47 0.83121 -1.5878 -14.779 -13.078 0.93607 3.401 -1.6562 0.80592 -6.357 -1.1754 8.2542 1.7733
1 1 1 1 74.746 -10.919 -0.23129 -2.8164 -14.189 -12.328 1.0348 2.608 -0.92919 5.7014 -5.5462 -0.16506 9.224 2.8462
1 1 1 1 75.422 -10.743 -0.26499 -4.7825 -12.195 -12.267 -0.69584 3.9905 3.0036 8.9899 -4.5575 0.93047 9.3753 1.8894
1 1 1 1 75.231 -10.853 0.20779 -4.1093 -9.9226 -12.306 0.2358 4.3139 3.6084 9.2806 -5.3818 1.0115 8.7986 2.1821
1 1 1 1 75.231 -10.853 0.20779 -4.1093 -9.9226 -12.306 0.2358 4.3139 3.6084 9.2806 -5.3818 1.0115 8.7986 2.1821
1 1 1 1 74.852 -11.241 1.0603 -3.5584 -12.435 -13.277 -5.4666 1.4272 2.8239 8.2132 -4.0424 -2.5497 5.8799 3.9276
1 1 1 1 74.835 -9.8147 1.5541 1.6755 -11.514 -10.22 -7.4168 -0.28951 1.2752 9.4657 -3.7367 -2.3948 1.0647 4.3515
1 1 1 1 74.47 -10.082 2.4133 1.3022 -11.555 -8.7233 -7.1004 -0.46558 1.3914 9.0247 -4.6698 -1.9846 1.9298 5.0543
1 1 1 1 73.102 -10.849 1.6072 1.501 -10.724 -7.6075 -4.8764 -3.1387 2.3461 6.5715 -2.9775 0.37504 2.5709 5.4977
1 1 1 1 73.102 -10.849 1.6072 1.501 -10.724 -7.6075 -4.8764 -3.1387 2.3461 6.5715 -2.9775 0.37504 2.5709 5.4977
1 1 1 1 71.861 -9.8867 0.73785 0.42491 -6.4969 -11.078 0.073685 0.9014 4.2497 6.0133 -1.4813 -3.0726 9.5491 3.1182
1 1 1 1 72.075 -10.582 0.14308 -0.25629 -6.2039 -11.65 -0.74902 0.16957 4.6466 4.4493 -2.1613 -2.4424 9.2228 3.4332
1 1 1 1 72.075 -10.582 0.14308 -0.25629 -6.2039 -11.65 -0.74902 0.16957 4.6466 4.4493 -2.1613 -2.4424 9.2228 3.4332
1 1 1 1 72.085 -9.8926 0.82259 0.23753 -4.3372 -9.9253 -1.9805 0.30591 3.4295 4.4782 -2.6063 -2.0171 7.0541 3.4489
1 1 1 1 72.636 -10.048 1.5192 -1.1794 -5.0887 -8.4573 -3.6097 1.605 2.553 1.7024 -2.4848 -3.2539 7.3556 1.9169
1 1 1 1 72.644 -10.094 1.8376 -0.96004 -5.2641 -8.1743 -3.4722 1.7817 2.6948 0.90923 -2.6317 -3.4324 7.5022 1.8709
1 1 1 1 72.368 -9.4886 2.8325 -0.011348 -6.5188 -8.2353 -2.8618 0.07301 3.3518 0.18944 -3.459 -3.3148 9.4246 2.1853
1 1 1 1 71.575 -9.1103 1.596 2.3997 -8.0453 -11.605 -3.8419 -2.6914 1.4452 1.5628 0.26717 -2.2004 5.6271 3.8562
1 1 1 1 72.051 -9.4631 1.4067 0.92793 -9.0492 -10.579 -3.5025 -2.0033 0.21851 1.2343 0.60124 -1.8061 3.3424 2.5775
1 1 1 1 72.051 -9.4631 1.4067 0.92793 -9.0492 -10.579 -3.5025 -2.0033 0.21851 1.2343 0.60124 -1.8061 3.3424 2.5775
1 1 1 1 74.741 -9.4144 2.0181 -4.9032 -12.315 -11.854 -2.1704 -1.1983 -0.84688 3.5476 -5.3492 2.1065 6.3546 -1.5355
1 1 1 1 76.19 -11.222 0.89421 -5.2476 -14.047 -13.924 -3.4923 3.0348 1.7959 3.6612 -5.9148 0.84785 10.796 2.3051
1 1 1 1 76.35 -11.067 0.94602 -5.6662 -13.28 -12.954 -4.6676 2.3046 2.6602 4.3617 -5.3327 0.17755 10.319 3.272
1 1 1 1 76.35 -11.067 0.94602 -5.6662 -13.28 -12.954 -4.6676 2.3046 2.6602 4.3617 -5.3327 0.17755 10.319 3.272
1 1 1 1 76.35 -11.067 0.94602 -5.6662 -13.28 -12.954 -4.6676 2.3046 2.6602 4.3617 -5.3327 0.17755 10.319 3.272
1 1 1 1 76.35 -11.067 0.94602 -5.6662 -13.28 -12.954 -4.6676 2.3046 2.6602 4.3617 -5.3327 0.17755 10.319 3.272
1 1 1 1 75.477 -10.287 2.1826 -3.2409 -12.185 -12.097 -6.3944 3.3455 6.0035 6.5962 -4.8085 -1.2573 5.3365 4.686
1 1 1 1 75.471 -10.301 2.261 -3.2065 -12.217 -11.423 -6.164 2.8459 5.9944 6.3019 -4.6618 -0.99826 5.0252 4.88
1 1 1 1 74.745 -10.661 1.2536 -1.583 -12.431 -8.8434 -3.1533 0.96124 4.5971 6.1988 -3.3939 -3.0084 1.5781 6.7835
1 1 1 1 74.739 -10.085 1.6139 -1.7841 -14.228 -11.557 -6.535 0.12874 1.0266 4.942 -7.7492 -0.13953 2.8156 3.2793
1 1 1 1 74.648 -10.021 1.946 -2.4488 -13.553 -9.6334 -7.4135 -0.60315 0.77651 4.2799 -7.3965 0.89898 2.8937 3.1837
1 1 1 1 73.785 -10.411 2.9901 -0.10332 -10.838 -8.4211 -3.2986 -2.7104 -1.942 3.8906 -7.2589 0.66632 3.8638 3.7334
1 1 1 1 73.856 -10.323 2.9015 -0.19027 -11.165 -8.5082 -3.2577 -2.7325 -2.7071 3.5575 -6.8248 0.7434 4.2083 3.6744
1 1 1 1 71.88 -9.1398 0.93184 1.8859 -9.9808 -9.8225 -1.8268 -2.7888 1.3104 8.2828 -2.1913 -1.9837 3.9848 2.8707
1 1 1 1 72.308 -9.3477 0.54743 0.62404 -7.7248 -9.8706 -0.82449 -2.3863 2.038 6.3804 -0.18411 -2.469 7.5265 3.4025
1 1 1 1 72.597 -9.7933 0.31309 0.68021 -6.5205 -11.084 -1.2671 0.10753 4.3528 5.4532 -0.30935 -3.8662 7.5837 3.3936
1 1 1 1 72.751 -10.549 0.29244 -1.5935 -5.2481 -9.64 -2.5245 3.0418 4.1962 1.9214 -0.7764 -0.47969 6.7198 3.4859
1 1 1 1 72.552 -10.394 1.1585 -0.73301 -7.6481 -6.481 -0.80656 0.9675 4.5951 4.209 -2.1677 -2.7088 9.1357 2.3703
1 1 1 1 72.622 -10.661 1.5922 -1.6197 -9.5538 -5.6327 -2.6039 -2.2479 4.0977 2.3403 -3.7368 -4.4272 8.8968 2.3548
1 1 1 1 72.556 -10.715 1.8019 -1.9123 -9.584 -5.5747 -3.2536 -3.1769 3.6565 1.5536 -3.7071 -4.1772 8.665 2.4183
1 1 1 1 71.773 -9.0336 1.0127 2.5023 -8.179 -7.9864 -2.8526 -1.0677 4.9717 4.9216 -0.46093 -5.1459 3.0632 3.8079
1 1 1 1 71.766 -8.8669 1.0943 2.8706 -8.3061 -7.6091 -3.0478 -2.0308 3.7953 4.4501 -0.61946 -4.4985 2.0214 3.3702
1 1 1 1 71.99 -9.6314 2.6006 -0.96495 -8.8058 -7.6735 1.1632 -0.25467 2.0964 1.2984 -0.74449 -0.031198 7.4429 -3.1375
1 1 1 1 72.841 -9.0498 2.367 -0.29381 -10.087 -8.2181 0.87857 -3.0789 1.678 -2.0306 -0.79053 1.2225 8.2923 -2.9528
1 1 1 1 74.045 -8.3755 1.4318 -2.8003 -12.5 -8.9766 -0.73655 -0.8095 1.0757 -3.0062 -2.576 3.1077 7.033 -0.95875
1 1 1 1 74.902 -9.0872 2.3483 -3.3603 -15.067 -13.81 0.027061 3.6736 0.74241 2.9983 -5.9571 -0.20578 6.6851 -0.62157
1 1 1 1 74.627 -9.513 2.9662 -2.5325 -13.787 -14.52 -1.4788 3.6193 -0.29912 3.4578 -6.9686 -2.1626 7.4473 0.048601
1 1 1 1 75.257 -10.207 2.1645 -2.8133 -10.145 -12.021 -1.7572 4.1281 -1.5109 7.264 -6.3794 -4.9062 7.8063 1.3507
1 1 1 1 75.633 -10.513 1.3583 -2.679 -10.644 -12.261 -2.5232 4.6013 -0.068163 7.7695 -6.0393 -5.0978 6.6591 0.78853
1 1 1 1 76.204 -10.68 1.7703 -4.1109 -14.39 -11.044 -5.114 2.5635 2.0216 8.5556 -4.3649 -3.4221 3.9424 0.86811
1 1 1 1 76.204 -10.68 1.7703 -4.1109 -14.39 -11.044 -5.114 2.5635 2.0216 8.5556 -4.3649 -3.4221 3.9424 0.86811
1 1 1 1 76.042 -10.415 2.3572 -4.5828 -13.964 -9.168 -4.0954 1.8407 2.4279 9.2511 -3.5171 -2.9685 5.5179 1.8011
1 1 1 1 75.524 -10.448 2.6356 -3.0665 -14.699 -9.6866 -5.8204 0.84657 2.3178 5.048 -3.5095 -2.3816 3.4934 3.983
1 1 1 1 75.478 -10.866 2.3194 -2.8955 -14.969 -9.9621 -6.1115 0.35896 1.8294 5.6523 -4.3334 -2.4861 3.1427 3.7838
1 1 1 1 75.167 -10.563 1.3608 1.0889 -14.037 -11.157 -4.6588 -6.0312 2.3321 10.479 -1.7474 -3.7988 4.6155 2.4693
1 1 1 1 75.145 -10.408 1.6923 1.0643 -14.111 -11.168 -4.7156 -6.4339 1.8025 10.173 -1.8794 -3.9161 4.6838 2.6165
1 1 1 1 74.899 -9.697 1.2185 1.0402 -11.403 -10.911 -4.7594 -4.5229 1.1778 7.6282 -2.5067 -3.0058 3.7773 2.8821
1 1 1 1 74.332 -9.8258 -0.30837 -0.71218 -5.3879 -10.793 -3.1052 2.4607 1.5379 1.0096 -0.61729 -0.93514 6.1711 1.6675
1 1 1 1 74.181 -9.5357 -0.13557 -0.49902 -5.9453 -12.43 -2.6822 2.4449 0.51537 -2.6 -1.2848 -0.96002 6.2124 0.85712
1 1 1 1 73.175 -9.0212 1.1845 1.9263 -7.8113 -11.549 -4.231 -0.27177 -0.043048 -1.1738 0.1176 -2.3673 5.3069 3.1316
1 1 1 1 73.059 -9.2991 1.584 2.9777 -6.0061 -12.243 -3.241 -0.56709 -0.33345 1.0979 1.3775 -1.9239 3.8207 1.4603
1 1 1 1 73.009 -9.0932 1.8923 3.2063 -5.7784 -12.116 -3.8042 -0.84259 -0.57694 1.86 1.1795 -1.6585 3.5961 1.9812
1 1 1 1 72.231 -8.611 1.7537 3.7003 -3.8997 -11.402 -6.8156 -3.0152 -1.4118 5.7892 -0.33284 -0.20569 5.3192 5.3436
1 1 1 1 72.226 -8.7664 1.5815 3.2208 -3.676 -11.273 -6.6875 -2.9701 -1.9114 5.2145 -0.31059 -0.045705 5.6171 5.2791
1 1 1 1 71.176 -8.534 1.6121 2.3166 -3.7474 -12.329 -1.6925 -0.59079 -0.056103 2.1212 -1.267 -0.54052 3.0817 2.5224
1 1 1 1 73.31 -9.4373 2.8252 -1.9889 -10.21 -11.032 1.2167 3.5946 -0.10254 9.9416 -6.5623 -1.3726 8.2705 4.5985
1 1 1 1 74.253 -10.755 2.0693 -4.0338 -10.849 -10.976 -2.3792 5.9925 0.37869 7.6572 -6.8653 -3.5843 9.4977 4.8644
1 1 1 1 75.251 -11.348 0.57721 -4.2031 -12.241 -10.369 -3.1235 4.8751 2.9371 6.9463 -4.7069 -3.0701 8.3444 5.088
1 1 1 1 76.257 -11.03 2.5246 -3.5013 -13.127 -8.7392 -3.4013 5.8883 3.8776 6.6204 -2.8104 -2.7308 6.6576 4.6812
1 1 1 1 76.202 -11.049 2.6527 -3.6027 -13.219 -8.2929 -3.1354 5.5812 3.5857 6.8984 -2.828 -2.7645 6.4795 4.4148
1 1 1 1 75.546 -11.278 0.25016 -2.8317 -12.71 -8.4004 -4.4851 -0.16862 4.4352 4.8296 -3.3233 1.793 7.0793 5.079
1 1 1 1 75.803 -11.084 0.72464 -1.5749 -11.788 -10.751 -7.5121 -1.222 3.1324 4.8623 -3.477 4.0165 8.9299 6.1966
1 1 1 1 75.786 -11.053 0.87778 -1.1749 -11.678 -11.31 -7.6696 -1.2469 2.6529 5.3199 -3.3718 3.9711 9.0873 5.9124
1 1 1 1 75.576 -10.892 0.74034 -0.93913 -11.587 -11.397 -6.9497 -1.6776 1.8168 6.2262 -3.5168 3.021 9.1048 5.164
1 1 1 1 73.567 -9.3633 2.1027 -0.62089 -7.6069 -8.7138 -3.7255 -4.1587 1.693 2.9341 -1.1887 -1.0158 9.9907 6.3335
1 1 1 1 73.134 -9.4735 0.34712 -0.44586 -9.407 -7.9621 -7.6798 -1.2327 3.6584 -0.72541 1.3166 -1.4177 3.3759 3.5689
1 1 1 1 73.161 -9.4258 0.58657 -0.22722 -9.2274 -8.0415 -7.9166 -0.43646 3.8284 -0.8851 1.3231 -1.1563 3.1218 3.1293
1 1 1 1 71.691 -7.4386 0.36134 3.499 -8.1017 -17.997 -5.7909 0.67875 -5.4532 3.1362 0.79001 3.6841 6.1191 3.2059
1 1 1 1 73.716 -9.6488 2.2658 1.181 -7.471 -14.196 -2.3194 2.6932 0.71939 5.0453 0.26403 -2.6694 -2.7927 1.5494
1 1 1 1 74.018 -9.8385 2.4398 0.91621 -7.6624 -14.156 -1.1697 2.3011 -1.5481 3.6438 -0.50434 -3.7188 -0.61516 0.54685
1 1 1 1 74.084 -10.267 2.6462 0.40051 -9.0314 -14.767 -1.1145 1.7062 -1.6733 1.458 -0.96512 -3.6025 1.3418 0.20082
1 1 1 1 75.057 -10.801 2.0208 -1.5918 -12.516 -13.915 -1.2748 0.03928 -3.9905 -3.7074 1.7964 0.71528 0.71524 3.1463
1 1 1 1 75.057 -10.801 2.0208 -1.5918 -12.516 -13.915 -1.2748 0.03928 -3.9905 -3.7074 1.7964 0.71528 0.71524 3.1463
1 1 1 1 75.57 -11.067 2.5022 -1.9511 -10.697 -14.228 -2.2086 -0.97947 -2.4707 0.039772 -1.6282 0.92997 3.8113 3.8303
1 1 1 1 75.57 -11.067 2.5022 -1.9511 -10.697 -14.228 -2.2086 -0.97947 -2.4707 0.039772 -1.6282 0.92997 3.8113 3.8303
1 1 1 1 76.061 -10.831 0.96341 -0.51093 -10.32 -13.597 -5.5648 -1.562 -0.81687 4.7805 -2.9521 -0.10973 1.9687 5.5351
1 1 1 1 76.062 -10.657 1.2825 -0.47232 -10.7 -15.42 -9.0109 -2.1351 -1.0961 5.8811 -4.084 0.74193 3.2493 5.753
1 1 1 1 75.81 -10.538 1.3414 -0.77011 -10.165 -15.289 -9.7975 -1.1897 -1.4948 6.6241 -4.4635 2.4009 5.0142 5.3384
1 1 1 1 75.81 -10.538 1.3414 -0.77011 -10.165 -15.289 -9.7975 -1.1897 -1.4948 6.6241 -4.4635 2.4009 5.0142 5.3384
1 1 1 1 75.318 -11.22 1.9146 -3.0777 -8.669 -12.987 -9.6731 0.40395 -2.3569 4.1056 -4.7049 3.1263 11.197 5.276
1 1 1 1 74.691 -12.078 1.996 -2.5994 -9.3919 -8.7403 -3.5914 1.9932 4.4684 2.6859 -6.238 -1.4517 9.5286 2.526
1 1 1 1 70.191 -7.322 0.42819 3.113 -4.1119 -15.617 -6.6058 1.8487 -7.2562 0.85995 2.1625 5.4934 2.7414 3.2965
1 1 1 1 74.645 -10.032 2.0092 -0.44845 -12.29 -15.169 -3.3613 1.2769 0.44036 2.4469 0.13284 -1.1681 1.7415 2.7469
1 1 1 1 74.645 -10.032 2.0092 -0.44845 -12.29 -15.169 -3.3613 1.2769 0.44036 2.4469 0.13284 -1.1681 1.7415 2.7469
1 1 1 1 74.752 -10.023 2.0879 -0.63403 -12.561 -15.428 -3.2128 0.897 0.20239 2.2046 0.033778 -1.2445 1.8655 2.642
1 1 1 1 74.914 -10.323 2.6009 -1.8558 -13.141 -15.73 -3.375 -0.045357 -0.50076 1.5296 -0.81107 -0.86457 3.4159 3.2093
1 1 1 1 75.791 -11.463 3.2948 -2.6876 -10.461 -13.158 -6.1057 -1.254 -1.2467 2.2184 -2.5686 -2.9907 5.6008 0.56695
1 1 1 1 76.359 -11.397 2.8385 -2.4987 -10.349 -11.697 -4.1999 -0.11987 0.16565 0.43847 -2.9819 -2.2448 6.7189 2.3777
1 1 1 1 76.387 -11.371 2.7454 -2.4619 -9.6001 -10.634 -4.8875 -0.024977 0.16856 -0.32515 -3.2408 -1.809 6.2569 2.691
1 1 1 1 74.05 -12.285 1.512 1.5877 -8.296 -8.4793 -2.7466 -1.9195 1.5261 0.97503 -1.1373 -2.5017 1.1949 1.1604
1 1 1 1 70.634 -7.3679 -0.0044335 4.1581 -3.2321 -13.175 -8.2501 2.5366 -2.4428 3.4735 1.09 -2.6814 -0.41357 1.6018
1 1 1 1 72.267 -7.7828 0.38033 1.9524 -6.7037 -11.71 -5.6736 1.2455 -2.274 4.4755 0.9553 -0.91665 3.7987 5.0633
1 1 1 1 73.667 -9.3578 2.6258 -0.9604 -8.8223 -13.564 -10.595 -3.3549 -0.5526 0.66107 1.8412 -3.1808 6.5772 6.0869
1 1 1 1 74.597 -10.477 2.8179 0.68221 -9.584 -12.333 -4.9741 -2.9907 0.042678 4.19 0.089503 -6.3994 2.7943 2.4595
1 1 1 1 74.734 -11.008 2.7066 0.15241 -8.4629 -11.802 -4.417 -3.1541 0.091528 3.4398 0.0040564 -5.0745 2.2508 1.1012
1 1 1 1 74.897 -12.033 3.0438 0.27639 -7.7314 -11.603 -1.5006 -0.83982 1.2649 1.8782 0.89733 -2.4296 -0.74737 1.4142
1 1 1 1 74.952 -11.918 3.3722 0.34562 -8.2108 -12.224 -1.2296 -0.17184 1.6526 1.6852 1.2459 -2.1983 -0.65083 2.2746
1 1 1 1 75.06 -11.306 4.565 0.57156 -8.6558 -14.943 -3.0064 0.082505 -0.30243 1.4558 1.3869 -2.0093 1.7593 5.5251
1 1 1 1 74.754 -11.427 4.2204 -0.31265 -7.8249 -14.594 -4.0086 -0.95742 -1.6425 1.8891 1.7663 -2.2933 1.965 5.8844
1 1 1 1 73.878 -12.011 3.6672 -0.29805 -6.0465 -12.564 -4.7576 -2.3959 -2.0269 1.3906 1.8296 -2.121 -0.35287 5.1481
1 1 1 1 72.654 -12.339 3.0541 3.4014 -5.8272 -10.52 -2.6268 -3.4827 -2.9975 3.54 3.4826 -0.023079 -2.7726 2.1875
1 1 1 1 72.448 -12.16 2.7752 4.2019 -5.8931 -10.359 -3.0186 -3.4886 -3.2375 3.3883 2.5766 0.3375 -2.0441 1.0691
1 1 1 1 71.798 -8.0607 2.3245 -0.92998 -4.0436 -8.5025 3.3137 -1.0767 -6.5684 1.4301 1.6325 -1.4166 3.1333 1.403
1 1 1 1 72.942 -9.997 1.678 -2.8069 -2.7255 -4.6519 1.9147 -0.75526 -4.4586 -0.92622 -1.6341 -4.3597 5.4782 0.9126
1 1 1 1 72.744 -10.336 1.83 -2.6794 -3.5608 -5.8584 1.6641 -0.92355 -3.1154 0.32839 -1.872 -5.3968 5.7173 2.144
1 1 1 1 73.611 -8.8106 3.377 1.6273 -8.4575 -10.95 -2.4878 -3.3469 -7.0879 5.0484 1.6035 -1.0917 0.14689 -1.3143
1 1 1 1 73.124 -10.175 4.7921 4.611 -7.5359 -13.11 -4.7302 -3.3676 -6.8169 4.7451 1.8604 -0.35554 1.5146 -1.8841
1 1 1 1 73.417 -11.319 4.7113 0.9273 -5.9471 -9.7219 -6.0123 -3.7056 -4.4659 1.1845 1.2651 -2.1246 0.29102 2.7549
1 1 1 1 72.774 -11.264 4.8668 1.9668 -5.7562 -9.1835 -3.7638 -4.0123 -4.058 2.7764 2.5015 -1.5946 -3.3563 1.6451
1 1 1 1 69.481 -8.9069 -1.3963 -5.0014 -0.5272 5.2219 3.4313 -1.0644 0.39489 -4.7142 -1.8891 -9.0804 3.107 -0.38689
1 1 1 1 71.823 -10.737 2.3278 -0.66306 -5.0715 -9.7585 -2.602 -0.1251 1.2091 2.2839 -2.3691 -3.7991 5.6811 1.5059
1 1 1 1 72.429 -11.635 2.52 -1.7278 -7.486 -10.48 -4.3328 -0.41895 1.3881 -0.4052 0.34581 -2.7255 4.7517 1.6842
1 1 1 1 70.845 -9.2878 4.1658 4.1278 -7.9303 -9.6631 -5.9503 -2.9917 -2.0877 1.8895 2.4491 -0.0047579 -0.23998 1.0609
1 1 1 1 71.463 -9.4417 3.2059 3.8909 -8.3625 -10.568 -5.5328 -4.508 -4.2162 3.7151 2.0086 -0.45302 -0.50181 2.2231
1 1 1 1 72.325 -10.581 4.5829 3.1101 -5.6114 -11.803 -7.6419 -4.1255 -2.0602 3.3164 3.1784 -2.3991 -0.19055 2.7602
1 1 1 1 72.528 -11.979 5.2854 2.3782 -5.1328 -10.962 -5.4299 -3.3729 -4.4093 0.73119 3.1037 -0.92617 -1.6445 1.9106
1 1 1 1 71.092 -11.649 3.6343 4.4419 -3.5861 -8.2752 -1.7067 -0.85574 -2.4149 1.4631 1.0117 1.6828 -5.374 -3.2093
1 1 1 1 71.486 -10.182 2.663 -0.94943 -2.6001 -9.572 -4.9647 -2.6847 -5.1328 2.8907 -2.4988 -2.0351 3.8786 2.9568
1 1 1 1 69.237 -9.6421 0.5956 -6.1655 1.0431 -2.1357 7.9037 3.2094 -0.010885 -1.1728 -6.4622 0.51413 -5.1074 -3.2002
1 1 1 1 73.136 -11.431 2.758 -0.028826 -7.1896 -14.66 -3.6665 3.4933 -1.5443 0.43339 -2.3587 -2.964 4.8406 5.4558
1 1 1 1 73.218 -11.725 2.726 -0.54656 -6.8392 -14.418 -3.8425 2.8582 -2.0254 1.248 -1.9008 -3.6789 4.2134 5.1884
1 1 1 1 73.945 -12.145 0.82309 -3.2011 -5.5967 -11.836 -5.3982 -1.1684 -0.96866 2.9695 -1.0072 -1.4563 4.2229 10.157
1 1 1 1 74.162 -12.228 0.8283 -3.3244 -5.4046 -11.585 -4.9296 -0.86359 -1.3836 0.98574 -2.0105 -2.197 3.8619 8.2841
1 1 1 1 73.901 -12.368 1.6432 -2.5179 -5.5428 -10.877 -4.4941 -0.746 -1.4384 -1.2279 -2.6577 -2.7942 3.1475 5.6158
1 1 1 1 73.901 -12.368 1.6432 -2.5179 -5.5428 -10.877 -4.4941 -0.746 -1.4384 -1.2279 -2.6577 -2.7942 3.1475 5.6158
1 1 1 1 72.479 -11.44 3.3112 -0.15422 -5.5154 -9.3928 -6.5606 -3.1397 1.8757 5.12 0.22348 -3.005 -3.4185 6.8306
1 1 1 1 72.479 -11.44 3.3112 -0.15422 -5.5154 -9.3928 -6.5606 -3.1397 1.8757 5.12 0.22348 -3.005 -3.4185 6.8306
1 1 1 1 71.011 -10.192 -1.416 0.38092 -5.3711 -11.662 -4.8783 3.2448 -2.1917 -0.68158 0.6931 -0.2816 3.2192 3.9475
1 1 1 1 73.624 -10.657 3.2109 2.7073 -4.8561 -10.587 -6.6552 1.4306 -1.9889 1.172 -3.6323 -1.6321 1.7151 5.5413
1 1 1 1 73.684 -10.791 3.1257 1.5473 -4.0518 -10.914 -6.3353 0.80681 -1.9081 1.7094 -3.4199 -1.5668 1.5781 6.177
1 1 1 1 73.926 -11.704 2.6416 -1.347 -3.4197 -11.885 -6.5229 2.069 -0.91546 1.7806 -1.139 -3.4277 1.6413 8.9257
1 1 1 1 74.006 -12.085 1.9502 -2.1748 -4.0914 -11.666 -6.5585 0.3232 -1.1097 0.44336 -1.0098 -5.4694 0.46592 5.1756
1 1 1 1 73.722 -11.549 2.0183 -0.24668 -5.0715 -12.448 -6.2279 -0.80532 0.43511 0.53421 0.45816 -3.7034 0.23516 4.326
1 1 1 1 73.74 -11.407 2.5091 0.50452 -6.3618 -11.818 -6.8757 0.086657 2.3752 2.1925 1.4 -2.7287 0.73703 5.9551
1 1 1 1 73.69 -11.405 2.5336 0.35638 -6.3816 -11.133 -7.0105 -0.24116 2.3271 2.2096 1.2847 -2.6188 0.46169 5.8061
1 1 1 1 71.172 -8.731 1.6585 0.91948 -6.4214 -11.569 -1.8105 0.93666 -4.1255 3.0475 -2.8858 -4.4158 4.3698 5.5788
1 1 1 1 71.172 -8.731 1.6585 0.91948 -6.4214 -11.569 -1.8105 0.93666 -4.1255 3.0475 -2.8858 -4.4158 4.3698 5.5788
1 1 1 1 73.327 -11.296 2.7553 0.39407 -4.6828 -11.951 -5.0013 1.6042 -2.8849 5.5457 -0.29674 -4.211 1.8916 9.7336
1 1 1 1 73.81 -12.146 2.8135 -1.1413 -4.2854 -10.596 -6.8019 2.0008 0.18799 2.8788 -0.21652 -3.1181 2.8556 8.2734
1 1 1 1 73.754 -12.4 2.7659 -1.1577 -4.414 -9.8664 -6.8678 1.0224 1.2332 2.6655 -0.36191 -2.5034 2.1394 7.5348
1 1 1 1 70.953 -8.8935 0.037259 0.73579 -5.9799 -10.202 -2.7111 0.3116 -4.1205 2.2413 -1.4386 -4.931 0.68344 6.3887
1 1 1 1 71.594 -11.003 1.4123 -0.093457 -3.39 -13.77 -3.603 0.16429 -4.3269 2.9997 -1.6534 -5.2515 2.276 8.1311
1 1 1 1 71.789 -11.329 1.3908 -0.57622 -3.8373 -13.675 -4.0805 0.64644 -2.7567 2.6648 -0.46234 -5.157 1.7891 8.5769
1 1 1 1 72.073 -11.966 1.7216 -1.1376 -6.4282 -11.574 -5.0771 0.96621 -0.13081 3.7342 2.008 -4.1881 1.8631 11.396
1 1 1 1 72.568 -11.901 2.0653 -0.502 -5.4586 -10.952 -5.2099 -1.3346 -0.043915 4.2693 0.91504 -4.4755 1.2543 10.035
1 1 1 1 72.698 -11.833 2.0237 -0.5391 -5.2299 -10.889 -5.408 -1.9655 0.019059 4.1497 0.55464 -4.1722 1.0731 9.197
1 1 1 1 72.777 -11.779 1.9617 -0.64258 -4.9727 -10.919 -5.6356 -2.2689 0.087216 3.8051 0.037576 -3.8128 0.77017 8.4876
1 1 1 1 72.339 -11.834 1.5033 -0.021151 -4.0607 -9.2581 -5.7413 -1.8484 0.59473 2.0675 -0.96473 -2.3052 -0.94737 6.8987
