1 0 1 2 82.54 -4.247 -3.1373 -1.476 -10.384 -15.658 -11.262 -3.5694 4.6297 5.0564 0.37033 -4.8763 -4.6834 4.8402
1 0 1 2 82.513 -5.2481 -2.2268 0.80784 -12.145 -12.707 -7.9431 -5.5383 2.2557 3.0575 1.6458 -3.0372 -3.3995 5.9879
1 0 1 2 82.296 -5.4659 -3.0349 1.509 -10.634 -12.567 -8.3318 -4.1157 2.8152 3.4872 1.3962 -0.17274 -6.1803 5.0935
1 0 1 2 81.329 -5.7775 -4.6355 1.2895 -12.752 -13.311 -11.179 -8.8509 0.46803 3.0089 3.9222 -2.4977 -5.3245 1.5495
1 0 1 2 80.929 -4.2957 -1.2734 -1.6179 -16.978 -12.658 -11.71 -0.32321 4.43 4.9979 2.4911 -5.2182 -5.398 3.64
1 0 1 2 82.335 -4.6187 -0.63486 -1.4751 -15.658 -13.594 -10.553 -0.54445 3.632 4.6976 -1.3292 -6.8011 -4.5894 5.4437
1 0 1 2 82.568 -4.9514 -1.5476 -2.7355 -15.62 -13.241 -12.817 -1.7128 2.4115 2.8535 1.6873 -3.5122 -5.455 4.7043
1 0 1 2 82.659 -5.0156 -1.8954 -2.8376 -15.573 -12.843 -13.017 -2.2969 1.764 2.7311 1.9547 -3.5912 -5.8255 4.6429
1 0 1 2 82.52 -5.9264 -2.7804 -0.94698 -15.281 -12.462 -11.47 -5.5204 2.1732 4.7697 0.057089 -4.8106 -6.5381 4.1225
1 0 1 2 82.499 -6.0479 -2.9701 -1.0059 -14.835 -12.172 -12.291 -5.794 1.9078 4.4865 0.15592 -4.3791 -7.132 4.074
