1 1 1 2 78.368 -14.767 4.5693 8.0297 -7.9705 -10.411 -7.7396 0.36693 4.4165 9.971 4.3995 -1.0955 -9.8823 -7.0609
1 1 1 2 78.471 -14.157 5.3275 7.8908 -8.6311 -9.5706 -6.7394 -0.18533 4.4227 8.5539 3.0502 -0.60985 -10.285 -7.2344
1 1 1 2 79.34 -14.483 7.3463 7.922 -8.767 -6.6203 -6.5535 -0.76403 4.0573 11.792 5.3404 -0.29081 -8.0727 -6.6604
1 1 1 2 79.825 -14.433 7.2939 7.003 -8.8168 -4.3191 -5.0426 -2.3152 4.3317 8.4916 2.7599 -3.4673 -7.0744 -3.9614
1 1 1 2 77.907 -17.288 1.8867 4.8979 -11.083 -6.3756 -6.5417 -5.5195 7.0396 11.495 0.95096 1.1624 -3.5165 -4.5899
1 1 1 2 76.498 -15.684 -0.8563 5.2305 -10.48 -11.732 -9.8367 1.8294 8.4299 9.8537 5.012 4.1625 -9.2586 -5.8714
1 1 1 2 76.451 -15.925 -1.0831 5.1323 -11.19 -12.224 -10.52 1.0998 8.5578 10.231 5.4307 3.8593 -9.4918 -5.601
1 1 1 2 77.375 -17.048 -1.4551 1.8007 -15.863 -16.376 -11.522 -2.2978 0.045085 7.0274 4.389 1.7438 -7.6219 -1.8241
1 1 1 2 78.965 -17.887 -1.8376 0.10859 -14.826 -11.785 -12.303 -7.4098 0.11652 6.8789 -0.11419 -0.27307 -4.9766 1.3311
1 1 1 2 78.685 -17.826 -1.6761 0.80722 -14.573 -11.215 -11.871 -7.433 0.87856 7.6156 0.39432 -0.6018 -5.5174 0.54983
1 1 1 2 76.839 -21.732 -3.9289 -3.62 -9.4432 -5.5782 2.8473 -1.6274 5.8686 -0.8029 -1.9054 7.8802 -1.4485 -0.021402
1 1 1 2 76.839 -21.732 -3.9289 -3.62 -9.4432 -5.5782 2.8473 -1.6274 5.8686 -0.8029 -1.9054 7.8802 -1.4485 -0.021402
1 1 1 2 72.179 -14.221 1.6516 -2.3546 -3.2302 -3.4914 -3.3915 7.2143 7.0475 8.7455 -1.4436 0.71652 2.0158 -4.0038
1 1 1 2 76.798 -15.845 -2.8991 0.36536 -8.4628 -12.336 -11.223 2.4263 6.6511 7.5862 5.187 2.3321 -9.8325 -5.6227
1 1 1 2 79.004 -17.357 -0.32002 1.43 -9.432 -9.0551 -11.079 -3.9929 1.8336 8.6299 5.0693 0.94186 -4.4464 -0.55819
1 1 1 2 78.924 -17.525 -0.35633 1.6476 -9.4204 -8.9902 -11.43 -4.1751 2.3248 9.03 5.2302 0.25984 -4.1907 -0.55027
1 1 1 2 78.839 -17.567 -0.32352 1.8953 -9.3024 -8.7848 -11.687 -4.3715 2.6432 9.0717 4.9914 -0.61295 -4.0315 -0.69787
1 1 1 2 78.686 -18.83 -1.9597 -2.1538 -8.8103 -10.95 -16.682 -6.1748 1.7331 6.9803 6.6464 2.6498 -5.9438 -5.204
1 1 1 2 78.686 -18.83 -1.9597 -2.1538 -8.8103 -10.95 -16.682 -6.1748 1.7331 6.9803 6.6464 2.6498 -5.9438 -5.204
1 1 1 2 79.235 -18.461 -1.7475 -4.3393 -8.3672 -9.7753 -14.68 -5.6665 3.0002 7.1671 2.2243 1.6736 -0.20392 -2.0512
1 1 1 2 79.235 -18.461 -1.7475 -4.3393 -8.3672 -9.7753 -14.68 -5.6665 3.0002 7.1671 2.2243 1.6736 -0.20392 -2.0512
1 1 1 2 70.748 -15.929 0.78034 -5.6463 -4.5272 -6.3049 -6.556 4.0502 2.0068 8.6555 0.75756 0.20285 1.3 -6.7209
1 1 1 2 79.882 -18.679 -2.1583 -4.6429 -9.7541 -10.049 -15.951 -6.231 2.8376 4.304 1.2634 2.0037 -3.8681 -1.9286
1 1 1 2 79.951 -18.617 -2.8577 -4.9408 -10.639 -10.502 -15.842 -7.8248 2.9646 4.1213 -0.82176 1.8271 -2.5131 -1.1927
1 1 1 2 79.586 -18.534 -2.8922 -4.6895 -10.651 -9.32 -15.779 -7.4038 1.1171 3.7036 -2.8398 0.51544 -2.7142 0.66299
1 1 1 2 79.586 -18.534 -2.8922 -4.6895 -10.651 -9.32 -15.779 -7.4038 1.1171 3.7036 -2.8398 0.51544 -2.7142 0.66299
1 1 1 2 74.402 -15.677 -2.3933 -3.5055 -8.3803 -12.169 -14.437 -1.3199 1.2502 7.0678 -3.7276 1.3035 -4.5828 -3.5226
1 1 1 2 79.374 -19.413 -3.146 -5.3523 -12.683 -11.174 -16.755 -8.12 0.47099 3.5776 1.6092 3.0264 -2.4774 -1.033
1 1 1 2 79.42 -19.208 -3.2292 -6.0682 -12.417 -10.448 -16.284 -7.493 -0.30742 3.304 0.79597 1.3369 -2.9428 -1.013
