1 0 1 2 80.917 -11.13 4.9835 -4.2868 -15.695 -3.8225 -7.3728 3.7356 5.0332 3.9555 0.82038 -1.3723 1.4841 9.6786
1 0 1 2 80.917 -11.13 4.9835 -4.2868 -15.695 -3.8225 -7.3728 3.7356 5.0332 3.9555 0.82038 -1.3723 1.4841 9.6786
1 0 1 2 80.541 -11.552 5.8321 -1.1927 -12.341 -4.2543 -6.8453 5.3179 5.8452 3.3762 1.1459 2.387 0.99337 8.7876
1 0 1 2 80.541 -11.552 5.8321 -1.1927 -12.341 -4.2543 -6.8453 5.3179 5.8452 3.3762 1.1459 2.387 0.99337 8.7876
1 0 1 2 80.63 -5.0095 10.709 11.642 -0.05899 4.0028 -2.7357 0.18716 -1.618 -0.0046456 -0.97838 -1.7269 -5.6314 1.6157
1 0 1 2 78.775 -6.4153 9.3763 7.2501 2.518 3.3499 -3.4187 -2.1186 0.60459 -1.2526 -1.4655 -1.0703 -3.4192 -0.40698
1 0 1 2 78.907 -6.0389 9.9264 7.6275 2.3922 2.2561 -4.5209 -3.0818 1.9013 -1.1772 -1.4926 -0.46048 -3.9047 -1.5425
1 0 1 2 78.929 -9.0206 8.1967 9.2984 2.4832 3.0681 -2.6723 -6.0679 7.1473 -0.23385 -1.3361 2.6139 -2.9742 -0.52685
1 0 1 2 78.498 -11.099 4.8388 7.9965 0.67857 2.1103 -0.58145 -5.9316 6.7742 -1.5916 -0.32773 5.1408 -0.42182 2.1382
1 0 1 2 79.068 -8.7782 3.3947 5.001 2.6461 5.7644 4.61 2.7852 1.9852 -1.8763 -2.0161 2.3429 0.099301 1.4095
1 0 1 2 76.156 -6.7619 0.061201 -5.7099 5.2603 8.7988 12.06 7.7689 -4.5815 3.1836 -6.1182 3.1656 3.5741 1.8019
1 0 1 2 82.004 -8.1546 6.5157 -1.7495 -9.627 -2.0491 -3.6115 6.1187 3.4674 5.4693 2.0873 0.70961 1.8857 10.085
1 0 1 2 82.004 -8.1546 6.5157 -1.7495 -9.627 -2.0491 -3.6115 6.1187 3.4674 5.4693 2.0873 0.70961 1.8857 10.085
1 0 1 2 82.277 -7.8919 7.8752 -0.13139 -8.1059 -0.32756 -1.3545 6.1384 4.4877 5.3162 2.9399 3.491 2.2082 10.642
1 0 1 2 82.118 -8.0653 8.9825 1.1261 -7.5591 0.2186 0.30294 5.7461 4.5333 4.446 2.4909 3.0035 2.4627 10.015
1 0 1 2 82.081 -8.2466 8.7962 1.3232 -7.6316 0.10609 0.43673 5.4383 4.2978 4.4074 2.476 2.2934 1.8035 9.6803
1 0 1 2 82.057 -7.7815 8.5917 2.3349 -6.3246 2.6978 1.1972 5.228 5.6677 4.5773 0.17875 -0.028688 -1.7626 6.154
1 0 1 2 82.057 -7.7815 8.5917 2.3349 -6.3246 2.6978 1.1972 5.228 5.6677 4.5773 0.17875 -0.028688 -1.7626 6.154
1 0 1 2 80.981 -11.093 3.1752 -4.8426 -16.062 -3.8744 -7.5121 4.1408 4.0288 4.3176 0.83878 -1.0426 -0.57781 7.0048
1 0 1 2 80.994 -11.195 3.1816 -4.7048 -15.964 -3.3279 -7.0352 4.5553 4.0972 4.4624 1.3574 -1.0517 -0.5591 6.8806
1 0 1 2 80.891 -11.299 3.2688 -4.5072 -15.694 -2.8616 -6.3989 5.049 4.3376 4.6213 2.0296 -1.0126 -0.40079 6.9061
1 0 1 2 80.03 -12.336 4.6164 -3.5769 -14.505 -3.365 -3.6678 6.7346 6.3184 6.6178 5.592 0.55281 1.2898 9.3148
1 0 1 2 80.027 -12.392 4.5879 -3.4673 -14.557 -3.5519 -3.6293 6.7568 6.3416 6.8182 5.4525 0.60923 1.4417 9.8433
1 0 1 2 80 -11.325 5.1401 -3.0474 -13.729 -1.843 -5.032 5.4413 5.6512 5.7288 3.9593 0.56553 0.62157 10.099
1 0 1 2 76.238 -11.078 2.9231 2.9304 -2.3657 -3.9474 -1.3846 -1.224 -4.7075 5.5089 1.0097 2.2901 2.678 -3.0543
1 0 1 2 76.304 -11.209 2.5926 2.8474 -2.63 -3.2991 -2.1473 -0.73633 -3.9945 6.1068 0.23361 2.017 2.1971 -2.5004
1 0 1 2 76.264 -11.252 2.1973 2.9165 -2.7962 -2.3746 -2.0139 -1.6165 -3.4466 6.9775 0.18322 1.1012 2.2733 -1.5338
1 0 1 2 76.719 -12.057 2.8077 2.2992 -2.7272 -3.5937 -2.3919 -4.8792 -6.0191 10.875 -0.37608 4.8865 3.6071 0.24126
1 0 1 2 76.719 -12.057 2.8077 2.2992 -2.7272 -3.5937 -2.3919 -4.8792 -6.0191 10.875 -0.37608 4.8865 3.6071 0.24126
1 0 1 2 76.051 -8.1459 4.2698 4.4216 -3.4651 -1.1844 -1.9098 -2.9806 2.5138 0.19281 5.6509 4.0236 2.711 4.9083
1 0 1 2 80.019 -7.1434 3.3949 3.3812 3.8665 -1.527 -4.0988 6.7591 5.6307 0.2803 0.17653 6.1081 2.398 3.3922
1 0 1 2 80.489 -6.8892 3.2122 5.0767 5.3967 -0.60295 -5.0966 5.63 8.062 -0.59763 1.9658 5.8626 1.1252 3.13
1 0 1 2 80.308 -6.6358 3.6064 4.3628 4.1624 -0.68345 -4.8257 4.8962 8.4042 -0.39263 3.4065 5.0391 1.1961 2.6753
1 0 1 2 80.871 -9.6111 7.0465 -0.77566 -8.9666 1.8462 -3.7243 11.27 8.1855 6.0454 3.5552 1.2406 2.182 7.3815
1 0 1 2 80.239 -10.379 6.2379 -1.0223 -10.132 2.6354 -2.7175 10.279 7.8435 6.9692 4.7672 3.9411 3.6402 9.347
