1 1 1 1 69.984 -12.111 4.1035 8.0914 -9.1406 -1.4015 0.50394 -16.426 1.782 2.3844 -1.5796 -4.6721 -5.1473 3.5317
1 1 1 1 69.776 -5.8804 4.5079 1.041 -7.5664 -8.6398 -10.297 -9.0306 -2.6636 0.34422 2.0101 -1.9882 -1.6718 9.5682
1 1 1 1 69.565 -6.0476 4.1587 0.81379 -8.6845 -8.2162 -9.0757 -8.6044 -1.2946 1.8814 1.5811 -3.4084 -1.9896 10.273
1 1 1 1 70.344 -5.3513 5.0133 -0.82013 -10.464 -12.36 -14.025 -9.6903 -0.64019 2.6649 0.72106 -5.7314 -2.3035 9.366
1 1 1 1 70.332 -5.4961 5.1271 -0.76313 -10.376 -12.613 -14.682 -9.1948 -0.37639 2.2488 0.9977 -5.7571 -3.0228 9.2588
1 1 1 1 70.759 -7.6546 6.0746 0.2126 -9.9947 -8.559 -9.2083 -7.1548 -2.049 4.0149 4.7701 -4.5983 0.2606 5.6755
1 1 1 1 70.691 -7.716 5.4627 -0.45784 -10.806 -7.5496 -9.9998 -9.1656 -2.3028 3.6238 3.2085 -5.0941 0.091991 6.3218
1 1 1 1 70.005 -6.8977 4.7014 2.2795 -10.007 -6.8957 -12.317 -16.321 -4.7604 2.7993 2.5726 -3.651 0.063447 10.685
1 1 1 1 71.472 -6.7153 5.209 -2.3547 -12.567 -10.191 -8.1425 -6.7271 1.6326 3.0216 8.34 -3.48 -3.1966 11.438
1 1 1 1 70.858 -6.0141 5.3942 0.23156 -10.913 -9.0609 -9.6987 -8.4523 -0.26469 4.7997 6.6058 -3.798 -1.8628 8.5165
1 1 1 1 70.563 -6.0009 6.2308 0.87645 -9.7799 -6.425 -9.6832 -11.559 -4.1262 3.9839 4.7741 -3.1529 4.3632 9.0794
1 1 1 1 70.563 -6.0009 6.2308 0.87645 -9.7799 -6.425 -9.6832 -11.559 -4.1262 3.9839 4.7741 -3.1529 4.3632 9.0794
1 1 1 1 70.505 -5.9122 6.7554 0.96864 -9.8899 -6.5169 -9.7574 -11.584 -3.0994 3.6714 5.0593 -2.9208 5.4704 8.6743
1 1 1 1 70.389 -5.9932 7.0517 0.87187 -9.8848 -6.5489 -9.5373 -11.655 -2.5001 3.7948 5.1959 -2.5839 5.45 8.6721
1 1 1 1 69.442 -6.7001 7.4711 0.80534 -9.2231 -5.4641 -6.6539 -10.192 -1.3421 3.674 5.6767 -1.117 3.3543 7.7504
1 1 1 1 70.432 -12.561 3.7173 6.2383 -10.657 -3.3264 -1.3351 -15.379 0.7385 2.0979 -0.98578 -5.5479 -3.6651 4.7215
1 1 1 1 69.672 -5.2606 4.3305 -0.50046 -10.941 -8.0564 -12.681 -9.291 1.1366 2.1563 4.3885 1.0436 3.203 5.7968
1 1 1 1 70.166 -5.6597 5.1351 -1.5362 -11.24 -9.8006 -11.74 -8.2639 -3.5543 5.4173 3.0093 -0.61335 2.9258 7.9727
1 1 1 1 70.811 -7.2514 5.2901 -0.84606 -12.017 -8.0075 -8.8397 -10.119 0.99075 5.0552 5.7527 -1.9938 0.17846 8.1016
1 1 1 1 70.852 -7.4106 5.2292 -1.1075 -12.992 -8.5915 -8.6475 -10.23 1.1985 5.0753 5.2372 -2.4479 0.55495 7.8193
1 1 1 1 71.074 -6.8119 6.328 -1.5296 -13.206 -10.887 -11.221 -11.68 0.5187 1.6616 2.0648 -2.1384 5.5583 9.0218
1 1 1 1 69.202 -7.7933 4.9896 0.78666 -9.6734 -9.2935 -9.3932 -8.4758 -3.1614 2.455 4.3941 -3.055 2.4492 8.3847
1 1 1 1 68.173 -7.2867 5.4879 1.8825 -9.7507 -8.4093 -4.7947 -6.7931 -1.1117 2.3575 6.9547 0.80852 3.5314 7.9208
1 1 1 1 69.111 -5.6874 6.2314 1.3145 -8.6845 -8.1556 -11.206 -10.086 -2.7028 2.1684 4.1257 0.94748 -0.81266 4.3934
1 1 1 1 70.126 -6.2133 5.2745 -2.3324 -11.471 -8.3112 -9.9503 -11.524 0.61414 5.4825 2.3481 -1.3225 0.40218 7.6797
1 1 1 1 70.029 -6.5198 4.993 -2.4482 -12.125 -7.7914 -8.7297 -11.6 1.1853 5.3066 1.7758 -2.0056 0.46192 7.6117
1 1 1 1 70.522 -6.6054 6.7703 -1.5805 -12.581 -10.571 -12.885 -11.181 -0.77334 1.124 3.3673 -4.7016 4.1015 10.637
1 1 1 1 70.521 -6.7668 6.7511 -1.69 -12.277 -10.615 -13.205 -11.038 -0.95495 1.2189 2.9735 -4.919 4.6386 10.486
1 1 1 1 69.568 -7.1271 5.1664 -0.6804 -7.8938 -6.9518 -6.5129 -9.6674 -0.92533 2.7882 5.1462 -3.3289 4.1072 7.6003
1 1 1 1 69.12 -6.8183 5.5342 -0.10308 -7.5777 -4.7286 -4.8484 -7.7733 -1.2417 4.3064 5.2217 -1.2093 3.2746 7.264
1 1 1 1 68.491 -7.61 7.2987 1.3193 -9.3507 -6.2325 -5.809 -8.9415 -0.94052 3.3446 6.4547 -1.1724 4.6616 7.2344
1 1 1 1 70.101 -5.3862 4.4289 1.0325 -9.678 -10.8 -11.909 -10.131 -1.4197 1.8439 5.7317 -1.8273 2.2403 7.0542
1 1 1 1 70.423 -5.0801 6.2388 -0.57677 -11.307 -10.338 -10.165 -11.803 -3.9621 4.5957 5.8809 -3.4098 2.2698 8.3176
1 1 1 1 70.134 -6.013 5.4174 -1.9437 -10.045 -8.5172 -9.9485 -7.5212 -1.8804 7.3742 3.4758 -3.2786 0.79171 6.5507
1 1 1 1 70.44 -7.1026 5.1431 -1.9175 -10.47 -6.2403 -8.6573 -10.952 -3.9354 7.7347 5.6277 -1.0185 2.4933 6.9285
1 1 1 1 70.348 -7.0314 5.553 -1.4158 -10.613 -6.8458 -8.3084 -11.248 -4.5702 6.0873 6.2435 -1.2127 3.1387 7.844
1 1 1 1 69.849 -8.1007 6.0167 -0.35893 -8.7585 -6.6469 -7.995 -10.697 2.0922 4.0186 6.1465 -3.3488 2.8094 7.2165
1 1 1 1 69.618 -6.8501 7.3765 0.38731 -10.576 -7.5068 -11.616 -12.3 -3.2813 2.9328 6.5736 -3.3588 -0.25753 9.4221
1 1 1 1 69.528 -7.5053 6.5844 -0.24813 -11.81 -10.035 -11.393 -13.042 -3.4608 0.15089 5.2593 -4.7682 0.60534 9.102
1 1 1 1 68.722 -7.392 5.899 1.2056 -9.3527 -5.7201 -10.718 -13.271 -2.3613 4.6559 3.8805 -3.0771 0.16985 7.8535
