1 1 1 1 80.492 -12.212 0.9369 -4.0437 -18.12 -15.297 -11.494 -1.3081 6.5385 -0.75026 -3.3038 -0.047157 1.1718 4.0592
1 1 1 1 80.492 -12.212 0.9369 -4.0437 -18.12 -15.297 -11.494 -1.3081 6.5385 -0.75026 -3.3038 -0.047157 1.1718 4.0592
1 1 1 1 80.773 -13.188 0.58913 -4.3673 -17.946 -15.022 -11.644 -4.3764 5.9384 1.4732 -3.124 -2.0731 2.3519 6.3143
1 1 1 1 80.658 -13.183 0.89119 -3.7534 -17.607 -14.691 -11.288 -3.7349 6.4779 1.0349 -3.1706 -2.0861 1.9621 6.3204
1 1 1 1 81.505 -12.424 -0.69409 -1.41 -16.15 -13.898 -8.5347 -5.4619 7.2971 3.0384 -0.68174 -2.3626 -2.8236 4.8596
1 1 1 1 82.929 -13.57 0.37681 -7.7218 -22.251 -19.395 -14.742 -2.2198 6.2821 -2.6921 -6.328 -2.3951 4.0224 4.9392
1 1 1 1 83.27 -14.232 2.1753 -6.6353 -22.07 -18.134 -11.812 -2.4072 7.697 -0.40938 -7.1417 -4.5448 5.7404 6.3884
1 1 1 1 83.321 -14.346 1.9968 -6.6216 -21.446 -16.766 -10.594 -2.776 7.6742 -0.15699 -6.5884 -3.1809 6.3309 6.5905
1 1 1 1 83.308 -14.468 1.1221 -6.8997 -20.869 -15.934 -10.283 -2.832 7.391 0.19097 -5.2919 -1.9331 5.4598 6.8767
1 1 1 1 83.325 -14.266 0.9378 -5.2782 -18.589 -14.899 -11.282 -3.9864 5.2644 0.20099 -4.1448 -3.8157 2.5241 7.2973
1 1 1 1 83.325 -14.266 0.9378 -5.2782 -18.589 -14.899 -11.282 -3.9864 5.2644 0.20099 -4.1448 -3.8157 2.5241 7.2973
1 1 1 1 80.42 -13.76 -1.196 -2.5338 -17.519 -14.163 -11.931 -6.301 3.9517 1.0839 -0.95146 0.72359 -2.9128 5.4597
1 1 1 1 83.631 -13.71 2.8268 -6.5279 -21.574 -18.252 -10.995 -1.9832 6.7313 -0.3738 -5.2763 -3.3597 5.5676 7.3625
1 1 1 1 83.676 -14.419 2.4367 -5.3024 -19.824 -15.015 -11.733 -2.9767 7.0888 -0.95936 -3.8178 -4.8638 3.6563 6.5769
1 1 1 1 82.392 -13.62 0.66827 -4.1877 -18.413 -16.266 -11.92 -6.2126 3.1986 0.32893 -3.2813 -3.0903 -2.2586 5.6348
1 1 1 1 82.215 -13.828 0.66765 -4.3936 -18.549 -16.157 -12.239 -6.0038 2.8267 -0.19421 -3.4496 -3.5923 -2.8392 5.5521
1 1 1 1 84.285 -14.23 1.2727 -5.7644 -20.898 -17.338 -11.448 -3.3492 6.2245 -0.10367 -3.3895 -3.3265 5.4563 8.0997
1 1 1 1 84.263 -14.776 0.7428 -6.6537 -21.146 -17.423 -11.08 -3.1566 6.3762 -0.58003 -3.0378 -2.0116 5.6117 8.2765
1 1 1 1 84.149 -14.011 0.59485 -6.2304 -19.847 -15.653 -12.223 -5.703 3.833 -0.75339 -3.047 -0.59638 1.1916 7.0605
1 1 1 1 84.149 -14.011 0.59485 -6.2304 -19.847 -15.653 -12.223 -5.703 3.833 -0.75339 -3.047 -0.59638 1.1916 7.0605
1 1 1 1 84.036 -14.177 0.63477 -6.3216 -19.962 -15.867 -13.222 -6.4036 3.2918 -0.70815 -2.9944 -1.3307 0.92935 7.4337
1 1 1 1 82.623 -13.37 2.8744 -5.1633 -19.765 -18.252 -12.707 -6.1951 3.8597 -2.2535 -2.7627 -2.4548 4.4028 6.3633
1 1 1 1 83.481 -15.244 1.3208 -6.0014 -20.646 -16.841 -13.718 -5.5382 3.4257 -2.0522 -3.006 -3.7667 2.5163 8.2089
1 1 1 1 81.44 -15.103 2.5863 -3.4465 -18.282 -14.865 -15.123 -8.2765 4.9895 -1.1737 -3.1662 -3.4811 -1.4853 6.8441
1 1 1 1 81.416 -15.163 2.4265 -3.4507 -18.273 -14.772 -15 -7.8651 4.7913 -1.3177 -3.3251 -3.1533 -1.5563 6.8391
