1 0 1 2 67.297 -12.235 4.4663 6.6794 1.1885 1.4602 -5.2509 -3.8173 1.5262 -4.8369 2.7384 5.1864 -0.89626 0.52572
1 0 1 2 67.297 -12.235 4.4663 6.6794 1.1885 1.4602 -5.2509 -3.8173 1.5262 -4.8369 2.7384 5.1864 -0.89626 0.52572
1 0 1 2 67.324 -12.117 4.5435 7.3255 1.8685 1.8293 -4.5227 -3.262 2.2156 -3.739 3.633 6.4174 -0.84042 -0.38632
1 0 1 2 66.669 -13.127 1.2959 5.4964 -1.0737 -0.37835 -6.9568 -7.2392 2.1317 -4.6043 1.3619 6.3425 0.28901 -1.0816
1 0 1 2 64.795 -12.557 1.5666 6.3979 -2.2193 -0.67197 -4.5688 -7.0084 0.63934 -5.0444 -0.80073 4.2416 1.6106 -2.8514
1 0 1 2 67.88 -14.417 0.24484 3.688 -2.933 -5.227 -12.911 -6.1035 1.5728 -3.1309 1.2072 0.74867 -3.9805 -0.092063
1 0 1 2 67.88 -14.417 0.24484 3.688 -2.933 -5.227 -12.911 -6.1035 1.5728 -3.1309 1.2072 0.74867 -3.9805 -0.092063
1 0 1 2 66.757 -14.595 0.25304 4.7329 -5.0809 -4.9787 -9.7952 -4.5335 -0.96011 -1.5155 1.2103 5.1006 -1.0876 -1.6396
1 0 1 2 66.757 -14.595 0.25304 4.7329 -5.0809 -4.9787 -9.7952 -4.5335 -0.96011 -1.5155 1.2103 5.1006 -1.0876 -1.6396
1 0 1 2 66.733 -14.639 0.33327 4.9431 -4.9443 -4.9504 -9.5733 -4.3256 -0.55241 -1.394 0.62762 4.8965 -0.6571 -1.517
1 0 1 2 65.382 -12.767 0.43276 6.1311 -3.7997 -1.3951 -5.2414 -1.3846 0.10897 -1.0186 -0.85083 5.2229 -0.99552 0.39393
1 0 1 2 68.014 -14.735 2.7658 1.0545 -4.713 -4.6742 -12.348 -6.7131 3.1738 -3.2391 -0.23131 3.5524 -0.24561 0.32353
1 0 1 2 68.131 -14.959 2.4013 1.5782 -4.3499 -4.1447 -11.764 -6.8787 2.6759 -3.3566 0.15859 4.0643 -0.65017 -0.14141
1 0 1 2 68.325 -15.1 1.7701 4.0847 -2.1277 -2.2484 -9.2501 -5.7965 2.5033 -2.2078 2.4569 5.5003 -1.6574 -0.98215
1 0 1 2 68.547 -15.318 2.0968 4.3891 -3.5327 -3.3889 -8.4542 -4.1908 0.74708 -4.1412 1.2422 5.8134 -0.27248 1.1199
1 0 1 2 68.426 -15.49 2.1866 4.22 -3.9225 -3.5608 -8.4833 -4.3981 0.75512 -4.325 0.68972 5.9329 -0.055446 1.1868
1 0 1 2 68.426 -15.49 2.1866 4.22 -3.9225 -3.5608 -8.4833 -4.3981 0.75512 -4.325 0.68972 5.9329 -0.055446 1.1868
1 0 1 2 66.922 -15.059 1.5946 6.859 -3.5226 -2.9899 -7.4886 -4.3115 -1.4466 -2.5218 -0.68766 5.9441 -1.2054 -2.2052
1 0 1 2 66.922 -15.059 1.5946 6.859 -3.5226 -2.9899 -7.4886 -4.3115 -1.4466 -2.5218 -0.68766 5.9441 -1.2054 -2.2052
1 0 1 2 66.863 -15.05 1.6367 6.8084 -3.6465 -2.7762 -7.0244 -3.95 -1.6329 -2.4431 -0.70887 5.5715 -1.2101 -2.2785
1 0 1 2 64.547 -11.966 -0.6086 2.5548 -2.743 2.1569 -5.776 -3.4971 0.92583 -1.5714 1.335 2.5652 -1.2182 0.40727
1 0 1 2 68.28 -17.161 1.8459 0.79535 -6.1873 -7.4255 -13.68 -8.0672 1.7603 -5.6018 -1.1604 4.8091 0.85756 0.70484
1 0 1 2 68.23 -17.218 2.0143 1.4424 -5.971 -7.2204 -13.494 -8.1951 1.4546 -5.4983 -0.80237 4.5298 0.3053 0.21622
1 0 1 2 66.597 -16.232 1.2038 5.5514 -3.8637 -4.4218 -9.5195 -7.4929 -2.9318 -4.2562 -2.1749 4.2757 -3.0236 -2.1705
1 0 1 2 66.597 -16.232 1.2038 5.5514 -3.8637 -4.4218 -9.5195 -7.4929 -2.9318 -4.2562 -2.1749 4.2757 -3.0236 -2.1705
1 0 1 2 66.277 -16.012 1.1898 6.3009 -3.4153 -4.1214 -10.093 -6.3275 -2.0324 -3.0664 -1.8717 4.5245 -2.4872 -3.5142
1 0 1 2 64.381 -13.603 -1.062 4.4941 -4.1348 -1.7257 -7.1514 -4.3788 -3.1367 -2.9523 -1.0038 4.8342 0.98051 1.3563
1 0 1 2 67.707 -15.375 2.8617 2.4256 -3.7642 -5.4458 -12.195 -6.3567 1.0994 -3.9491 1.1741 4.5125 -0.24689 0.35799
1 0 1 2 67.703 -15.468 2.7873 2.3876 -4.068 -5.9202 -12.076 -6.0292 1.2402 -4.1971 0.89461 4.1097 -0.70391 0.4313
1 0 1 2 66.676 -15.298 1.237 4.5423 -5.5505 -4.5842 -8.8298 -4.7035 -0.92936 -2.7085 -1.9659 4.5176 -1.3161 0.28496
1 0 1 2 66.628 -15.195 1.3509 4.1773 -6.1659 -4.3625 -8.3913 -4.3392 -1.155 -2.4768 -2.3335 4.4931 -1.0912 0.39492
1 0 1 2 64.458 -12.509 1.37 5.8011 -4.769 -1.685 -8.8154 -5.5601 -2.5667 -1.5712 -0.10977 3.6469 -1.5644 -0.88173
1 0 1 2 64.458 -12.509 1.37 5.8011 -4.769 -1.685 -8.8154 -5.5601 -2.5667 -1.5712 -0.10977 3.6469 -1.5644 -0.88173
1 0 1 2 67.346 -14.866 0.97068 1.2452 -5.6303 -5.2867 -13.145 -6.6441 -0.012948 -5.6106 -1.1264 3.3388 -2.1124 0.27578
1 0 1 2 67.44 -14.932 0.76273 1.2777 -6.1344 -5.3948 -12.692 -6.5243 -0.58387 -6.0231 -1.653 3.4092 -2.3685 -0.38205
1 0 1 2 67.488 -14.827 0.66217 1.434 -6.3476 -5.3891 -12.174 -6.3817 -1.0338 -6.2238 -2.1155 3.5161 -2.3624 -0.6655
1 0 1 2 67.807 -14.957 1.0292 2.4622 -4.8239 -3.9099 -9.7366 -7.3939 -2.8414 -5.9046 -2.8052 3.3928 -2.2653 1.0025
1 0 1 2 67.807 -14.957 1.0292 2.4622 -4.8239 -3.9099 -9.7366 -7.3939 -2.8414 -5.9046 -2.8052 3.3928 -2.2653 1.0025
1 0 1 2 66.077 -14.676 1.4833 5.3792 -4.7044 -3.6943 -7.5461 -4.1701 -1.2219 -2.6147 -2.5079 3.487 -1.5744 0.98314
1 0 1 2 65.686 -13.769 0.44125 5.5819 -4.6355 -2.4702 -7.7106 -4.1156 -2.8594 -4.3018 -4.2417 1.9917 -3.1268 -0.25128
1 0 1 2 66.649 -14.988 1.8033 3.0283 -4.0491 -5.1203 -11.765 -9.0411 0.22442 -5.3539 2.7481 4.9714 -1.0884 1.4983
1 0 1 2 66.689 -14.939 1.8045 3.808 -3.5783 -4.1765 -10.319 -8.3079 -0.10097 -5.1511 1.5691 4.812 -1.7499 0.75361
1 0 1 2 66.844 -14.302 2.372 6.8342 -3.0058 -3.7429 -8.2972 -7.9584 -2.0085 -2.2249 -0.55733 4.7245 -2.662 0.83798
1 0 1 2 66.867 -14.692 1.4986 6.5348 -2.8677 -3.4802 -9.08 -8.0259 -2.8447 -2.1863 -0.67478 4.5918 -2.1562 1.4422
1 0 1 2 66.827 -14.931 1.0528 6.3705 -3.0855 -3.4629 -9.485 -8.1518 -3.1062 -2.1785 -0.46132 4.8347 -1.5848 1.6145
1 0 1 2 66.795 -15.067 0.7553 6.2007 -3.2585 -3.4083 -9.696 -8.2899 -3.3241 -2.2388 -0.16606 5.303 -0.98088 1.751
1 0 1 2 66.666 -13.146 4.3734 4.4778 -4.0737 -3.5457 -8.367 -7.5987 0.71921 -5.1213 0.69702 3.8095 -0.2474 1.2953
1 0 1 2 67.817 -15.02 2.5098 4.4169 -3.9521 -3.9234 -7.4704 -6.6468 0.47998 -5.1326 -0.54839 3.0118 -2.9974 1.2852
1 0 1 2 67.546 -15.261 1.6266 4.7424 -4.9719 -4.0309 -7.6068 -6.0311 -0.078491 -4.5073 -1.3211 4.9555 0.16057 2.7592
1 0 1 2 66.865 -14.631 1.9181 4.361 -5.3088 -6.3292 -9.8421 -5.6056 0.21715 -4.0629 1.1596 4.3626 -4.3916 0.38095
1 0 1 2 66.863 -14.642 2.0646 4.914 -4.962 -5.9454 -9.5377 -5.6408 0.21966 -3.0912 1.6464 4.5104 -4.2081 0.3608
1 0 1 2 66.837 -14.58 2.2351 6.1054 -3.9631 -4.4984 -8.9039 -5.6966 0.36292 -1.7478 1.639 4.6737 -3.4839 0.49964
1 0 1 2 66.62 -14.396 2.4067 6.8081 -3.4277 -2.1044 -7.51 -4.401 -0.2254 -0.93975 2.3371 5.8158 -1.4175 0.99215
1 0 1 2 64.518 -10.503 -1.8201 -3.1681 -1.6859 8.9411 -3.2448 5.1759 -3.0298 -2.148 0.13554 -3.8283 3.4806 1.8322
1 0 1 2 66.029 -13.316 1.1399 4.3251 -4.4517 -3.7481 -9.8493 -3.5578 -0.091252 -5.579 0.63031 3.4382 -1.4491 1.5081
1 0 1 2 65.893 -13.71 1.0761 4.8032 -4.3456 -3.6362 -9.3624 -3.7253 -0.03974 -2.8596 1.2237 3.8748 -0.24924 2.5487
1 0 1 2 65.845 -13.845 0.99921 4.9652 -4.4908 -3.63 -9.1482 -3.9476 -0.088615 -1.7419 1.582 3.9406 0.15891 2.8065
1 0 1 2 65.754 -13.932 0.94278 5.21 -4.5098 -3.5022 -8.9776 -3.8362 0.013038 -1.013 1.7841 3.9736 0.40774 2.921
