0 0 2 1 67.822 -11.141 -4.6468 -16.122 -9.7591 -3.6391 -7.2096 7.9521 -4.8627 6.9595 -6.6054 4.4687 -10.992 -0.13893
0 0 2 1 70.319 -9.154 -7.5685 -13.39 -13.674 -1.1676 -3.5778 0.5146 0.72176 -4.5559 -3.6526 -0.017106 1.1975 -2.2055
0 0 2 1 70.093 -10.705 -7.0389 -13.642 -12.965 0.78357 -2.9992 1.3491 2.2059 -4.5739 -2.6875 0.25979 1.0922 -0.42839
0 0 2 1 70.164 -9.5569 -6.2648 -12.889 -16.485 0.14656 -4.7633 -1.4703 1.6677 -2.7164 3.8065 0.71507 -2.2556 -0.93339
0 0 2 1 68.544 -8.6017 -7.7568 -8.8008 -11.979 -7.0444 -0.070432 -6.3046 0.42361 -4.4129 1.6776 6.769 -1.2111 1.6693
0 0 2 1 68.138 -9.2548 -7.571 -10.294 -12.107 -1.9267 3.7028 -4.8875 3.0426 -0.65928 -1.7304 6.228 -4.5926 1.2155
0 0 2 1 70.413 -10.903 -5.8283 -16.537 -10.445 -5.4918 -3.56 -1.1676 -5.1223 -0.14771 -6.4517 2.8637 -0.43208 3.2523
0 0 2 1 70.413 -10.903 -5.8283 -16.537 -10.445 -5.4918 -3.56 -1.1676 -5.1223 -0.14771 -6.4517 2.8637 -0.43208 3.2523
0 0 2 1 68.234 -7.3814 -11.96 -12.079 -9.747 -9.3119 -3.4582 2.3393 -3.3847 -9.332 1.6365 3.3394 -2.1354 3.8147
0 0 2 1 68.342 -8.5496 -11.317 -13.453 -7.5104 -5.2418 -1.5721 3.1485 -3.4213 -8.3546 1.0553 1.1448 -3.5662 2.672
0 0 2 1 68.8 -10.155 -7.934 -14.21 -6.0438 -3.7424 -7.019 7.8863 -9.5243 9.9651 -9.2064 6.1795 -5.2083 0.71277
0 0 2 1 70.374 -9.3535 -9.9979 -8.7924 -15.752 -4.4715 -5.6632 7.5784 -0.36255 0.019498 -0.66673 0.66246 3.6523 -0.85854
0 0 2 1 70.662 -9.1513 -11.533 -8.2949 -16.403 -3.1215 -4.6436 5.4982 -0.72392 0.20241 -0.76884 1.394 3.1042 0.19419
0 0 2 1 70.662 -9.1513 -11.533 -8.2949 -16.403 -3.1215 -4.6436 5.4982 -0.72392 0.20241 -0.76884 1.394 3.1042 0.19419
0 0 2 1 69.112 -8.0711 -10.109 -6.7037 -10.341 -8.9961 -3.0212 -0.60743 -1.8091 3.5379 1.8779 2.0476 1.4781 1.6423
0 0 2 1 68.666 -8.3736 -12.535 -6.8635 -10.673 -6.5178 -0.77156 3.4567 -0.89066 0.51575 1.1398 1.7793 0.067583 2.4473
0 0 2 1 69.195 -7.5871 -12.023 -7.4403 -9.5085 -6.8362 -1.9574 2.7871 -2.5561 -1.3585 -0.78092 2.2311 -1.5862 2.0523
0 0 2 1 71.882 -6.5728 -8.4817 -13.367 -9.524 -7.8568 -2.4265 -0.29259 -4.4667 6.6456 2.5185 4.8402 -0.92826 2.894
0 0 2 1 72.556 -7.9116 -7.8031 -13.595 -9.8935 -7.3651 -3.1817 0.93452 -4.4111 5.5806 1.7445 4.7514 0.27609 1.8642
0 0 2 1 72.732 -8.5847 -7.6341 -13.629 -10.094 -6.7617 -3.5626 1.1714 -4.1124 4.6161 1.4591 5.1072 0.49655 1.0926
0 0 2 1 72.751 -9.2279 -7.5355 -13.543 -10.263 -6.0045 -4.0749 1.1402 -3.8865 3.3242 1.1985 5.6739 0.68046 0.44963
0 0 2 1 72.245 -10.873 -8.8614 -12.062 -8.5658 -3.335 -6.2476 0.88789 -3.7863 0.63452 -0.10499 4.8254 0.96071 0.040379
0 0 2 1 71.421 -10.421 -13.233 -9.9159 -6.9511 -3.967 -6.559 3.9673 -1.4684 -1.8982 -0.48348 2.6461 2.2698 -2.0196
0 0 2 1 72.097 -9.8294 -13.485 -9.3426 -8.605 -2.7244 -6.5628 0.31476 0.13922 -1.0082 0.86155 2.4958 -0.042695 -1.1325
0 0 2 1 72.191 -9.6822 -13.714 -9.7089 -8.6046 -2.4287 -6.9469 0.66767 0.46232 -1.2502 1.0992 1.7678 -0.32476 -0.63782
0 0 2 1 72.197 -9.4765 -13.89 -9.9455 -8.5466 -2.0588 -7.2019 0.89334 0.69154 -1.2248 1.3218 1.046 -0.93949 -0.31845
0 0 2 1 72.197 -9.4765 -13.89 -9.9455 -8.5466 -2.0588 -7.2019 0.89334 0.69154 -1.2248 1.3218 1.046 -0.93949 -0.31845
0 0 2 1 71.564 -8.8987 -14.124 -9.5146 -10.445 -2.4879 -8.0912 -1.4735 1.4225 1.8043 2.4462 0.70285 -3.0562 -0.27337
0 0 2 1 71.16 -8.7662 -13.865 -8.711 -10.651 -3.6776 -8.7055 -2.8789 1.9287 2.9002 2.7795 2.0663 -2.7775 -0.033229
0 0 2 1 69.879 -10.056 -13.659 -9.1824 -10.582 -5.1757 -8.9625 -2.49 1.283 0.21316 3.4264 -1.2291 -1.6957 -1.6667
0 0 2 1 69.848 -10.006 -13.988 -9.4125 -10.539 -5.2157 -7.5863 -1.8676 1.0876 0.036188 2.6579 -1.5339 -1.0823 -1.6821
0 0 2 1 69.884 -9.1662 -14.699 -9.3488 -9.0028 -6.8264 -3.5193 0.007348 0.58417 -0.077458 0.99291 0.30804 -0.92105 -2.3685
0 0 2 1 66.019 -12.789 -5.4199 -14.103 -10.169 -1.2171 -4.1615 10.997 -7.0559 0.54656 -7.8173 11.27 -5.1748 4.5896
0 0 2 1 69.163 -12.158 -8.8603 -10.432 -9.126 1.4753 -2.0129 2.2605 -6.7928 -1.2484 2.4828 7.4448 -3.3731 2.2088
0 0 2 1 66.399 -10.921 -6.7283 -4.9144 -14.246 -2.5096 -3.023 -5.0478 8.0427 -0.92546 1.151 4.0748 -1.8829 -1.927
0 0 2 1 60.969 -15.322 -4.4296 -1.1466 -14.004 2.0818 -0.93155 -6.9716 9.0868 -6.8655 -1.7837 0.85243 0.38405 0.32119
0 0 2 1 65.655 -13.268 -7.9652 -3.6347 -13.529 0.42386 2.8065 -1.7543 6.329 -4.4034 -1.4804 -6.3285 -4.912 -0.064057
0 0 2 1 67.747 -11.831 -9.3423 -4.2675 -10.886 -0.83239 3.2039 -0.38634 3.3721 -2.3229 -3.7258 -5.3223 -3.2184 0.1738
0 0 2 1 70.045 -12.097 -9.7912 -7.5499 -9.542 1.9854 2.6454 0.67806 -1.5004 1.135 -0.43231 -4.6867 -4.4394 -1.4478
0 0 2 1 70.132 -12.227 -9.0821 -8.9921 -11.391 2.4406 2.2142 0.77174 -1.4259 1.2352 0.58901 -4.2532 -5.3697 -1.4926
0 0 2 1 69.86 -12.178 -8.5863 -9.2785 -12.029 2.5604 2.2528 1.1407 -0.73609 0.68144 0.21723 -4.0177 -5.3838 -1.3551
0 0 2 1 68.932 -12.946 -5.6384 -8.0559 -13.523 1.2332 1.2932 4.4352 0.98271 -7.0253 -5.0327 -1.0912 0.10108 0.39141
0 0 2 1 59.664 -15.213 -4.8432 1.961 -11.618 2.13 0.91958 -9.2721 11.197 1.8918 0.22123 2.6563 -4.2416 -1.4534
0 0 2 1 61.483 -15.192 -1.698 -17.419 -11.411 6.1998 1.3599 17.333 -3.5504 -6.2635 -21.466 13.914 -9.2346 10.73
0 0 2 1 66.041 -15.92 -3.8721 -18.038 -8.6874 8.2761 2.3557 7.7018 -8.6321 -9.1274 -9.5427 8.8736 -2.273 9.0181
0 0 2 1 66.126 -16.232 -4.344 -18.137 -8.2269 8.2986 2.3405 7.0163 -9.3409 -9.5954 -8.3987 9.0003 -1.4062 8.0975
0 0 2 1 63.714 -16.558 -6.4906 -16.86 -13.686 9.4652 0.45151 12.135 5.3896 -6.2537 -11.68 -5.4538 4.1686 -0.62949
0 0 2 1 64.319 -17.226 -7.7878 -16.212 -14.278 11.367 2.257 9.7569 3.6638 -5.4433 -10.672 -5.0363 1.5508 1.9847
0 0 2 1 62.341 -19.15 -5.7855 -15.03 -7.5819 8.8572 0.093079 8.9567 -9.0782 -1.2141 -9.7242 9.5978 -9.5676 1.0805
0 0 2 1 67.172 -15.545 -3.4186 -14.538 -12.88 9.896 7.7235 10.9 -0.83228 -10.494 -9.9669 1.4531 -2.7109 10.474
0 0 2 1 67.283 -15.838 -3.551 -14.179 -12.02 10.361 7.7191 10.321 -1.7979 -10.191 -9.293 1.7008 -2.5311 9.6309
0 0 2 1 67.256 -15.973 -3.5998 -13.837 -11.088 10.676 7.4486 9.561 -2.8453 -9.8577 -8.5842 2.0928 -2.2231 8.4432
0 0 2 1 59.661 -19.32 -2.8491 0.65127 -9.5385 2.7029 -0.49594 -7.4767 3.7385 -6.884 -2.006 5.7932 -0.15398 3.5952
0 0 2 1 60.285 -17.276 -3.2237 0.83504 -15.048 4.3976 2.6111 -2.745 7.2127 -8.8246 -4.1784 0.89579 0.89707 3.5535
0 0 2 1 60.817 -16.843 -3.9594 -0.17627 -14.834 4.6158 3.6544 -2.1975 6.6643 -10.263 -3.4304 0.60238 0.30349 2.9517
0 0 2 1 64.143 -13.836 -6.8839 -5.2377 -11.956 2.5184 6.9336 -1.52 -2.0212 -13.76 -1.3875 8.7166 0.11168 4.7404
0 0 2 1 64.38 -13.735 -8.1925 -7.7799 -11.891 6.2506 9.4568 1.0745 -2.6882 -18.216 2.3338 4.0125 2.599 4.264
0 0 2 1 62.266 -15.191 -6.5644 -6.2125 -13.979 8.7712 7.0432 -1.0447 0.88498 -14.885 1.4459 5.6073 4.0814 2.1649
0 0 2 1 59.44 -17.362 -2.128 1.696 -13.411 6.3676 5.1767 -6.9782 4.3399 -8.138 -2.2173 2.9871 2.2164 0.1198
0 0 2 1 57.124 -19.287 -3.0923 3.4952 -13.368 3.2012 -0.49089 -7.7326 8.5323 -5.8694 0.20803 -2.42 -2.6369 3.1605
0 0 2 1 57.393 -18.49 -2.9005 2.4569 -14.009 2.029 -3.5355 -8.3071 9.3878 -3.1744 4.183 -0.13497 -4.4852 2.4543
0 0 2 1 60.363 -16.31 -2.8401 -14.599 -9.4396 3.4627 -6.3934 9.8087 -7.0608 -5.0786 -11.734 14.102 -11.02 3.8664
0 0 2 1 66.847 -15.885 -4.7027 -18.099 -12.028 8.0246 3.27 12.379 -1.8149 -10.513 -13.069 3.9543 -4.5932 9.3598
0 0 2 1 66.904 -16.381 -5.3444 -18.398 -11.378 8.1478 2.969 11.748 -2.9955 -9.986 -11.702 4.0172 -3.7548 9.7391
0 0 2 1 60.751 -16.661 -0.18288 -12.254 -10.028 3.0051 -5.5333 7.9076 -3.3467 -6.8445 -11.162 13.062 -10.932 6.5032
0 0 2 1 64.387 -16.529 -4.5698 -11.084 -10.802 10.636 -3.0361 -1.5047 -6.7707 -6.1999 -1.9102 3.5621 -7.8063 3.9103
0 0 2 1 61.134 -13.902 -2.6555 -4.8467 -19.196 3.2078 1.7027 -0.61311 11.667 -4.2566 -4.4404 -0.937 0.13679 2.3202
0 0 2 1 65.942 -13.368 -4.3704 -11.599 -16.044 8.6177 2.584 8.0783 5.4914 -9.4639 -8.5397 -2.9897 0.34702 2.6953
0 0 2 1 65.907 -13.573 -4.6077 -11.555 -16.237 9.0531 2.6853 7.1396 4.264 -9.0504 -8.0724 -3.2816 0.14922 3.0032
0 0 2 1 58.221 -16.367 -0.2123 1.827 -14.148 -1.3527 1.3779 -7.5106 9.6106 -5.6214 1.9143 3.3121 -0.31016 3.7151
0 0 2 1 59.75 -13.876 -2.1901 -19.896 -11.47 0.88888 6.5989 18.221 -6.4097 -15.974 -12.861 13.178 -13.06 16.167
