1 1 2 1 73.61 -20.899 -5.9829 -15.795 -9.5042 5.2993 10.438 10.334 -5.0724 -8.6062 -7.2197 8.472 -2.8602 8.251
1 1 2 1 73.214 -24.646 -10.734 -17.295 -2.1605 12.668 8.3051 8.3102 -9.0054 -6.528 -6.4135 5.2108 -0.9394 5.1815
1 1 2 1 71.608 -24.132 -9.3354 -19.845 -4.4083 9.8797 11.298 8.3509 -10.742 -7.3756 -12.315 4.6694 -1.2918 8.9311
1 1 2 1 71.837 -23.833 -9.1896 -16.623 -2.3314 11.31 8.1012 10.016 -6.2489 -5.7044 -8.9187 1.4591 1.5604 10.438
1 1 2 1 82.913 -23.507 -11.198 -18.765 -8.6635 3.9631 10.165 6.1004 -3.2597 -2.5192 -9.1477 -3.5394 -1.2844 2.2046
1 1 2 1 73.781 -23.102 -8.5708 -13.502 -1.788 9.9992 4.9742 10.416 0.74484 -6.0239 -14.381 0.21242 -3.2218 11.83
1 1 2 1 73.261 -22.352 -8.2415 -15.937 -6.6212 12.887 11.148 8.9043 -6.2709 -5.0192 -11.263 0.36218 -2.8232 9.91
1 1 2 1 72.527 -22.942 -8.8072 -19.643 -3.1175 9.9025 9.8028 9.1451 -5.7216 -5.6509 -9.7503 2.2021 0.097217 8.1698
1 1 2 1 83.31 -22.552 -10.52 -18.227 -8.6831 2.7501 9.336 5.2025 -3.7548 -2.9757 -9.1651 -1.8609 -0.40683 3.2992
1 1 2 1 75.224 -21.042 -3.476 -14.43 -2.445 10.869 8.1241 8.8361 -4.7369 -5.9652 -12.07 1.9418 -2.2059 6.993
1 1 2 1 72.73 -23.028 -6.0915 -13.105 -7.6347 11.656 9.8722 8.8655 -1.4705 -8.2199 -13.651 0.98304 -0.40366 7.5474
1 1 2 1 74.347 -18.877 -5.5383 -17.31 -6.2454 6.9603 10.612 13.524 -2.7164 -8.4259 -10.323 0.053037 -1.4505 5.5448
1 1 2 1 83.562 -21.621 -9.3532 -16.617 -6.9099 6.0938 12.176 6.1633 -3.8316 0.58165 -7.9253 -2.0862 -0.73866 1.6926
1 1 2 1 83.562 -21.621 -9.3532 -16.617 -6.9099 6.0938 12.176 6.1633 -3.8316 0.58165 -7.9253 -2.0862 -0.73866 1.6926
1 1 2 1 71.054 -20.868 -8.2167 -23.682 -0.67037 6.8579 11.697 10.054 -2.4623 -4.9828 -16.071 3.0165 -4.6035 11.613
1 1 2 1 70.864 -20.618 -5.9279 -18.874 -2.2914 9.2212 10.111 11.211 -4.8989 -4.9757 -16.708 5.9478 -5.717 11.105
1 1 2 1 71.079 -23.854 -12.54 -13.118 -4.8521 8.44 4.9122 9.1247 -6.5314 -4.3726 -13.282 6.0755 -3.8034 14.021
1 1 2 1 74.475 -23.198 -7.2006 -16.436 -5.0426 8.9746 6.8686 9.8789 -5.0781 -8.1893 -9.8164 5.9776 -2.0918 5.0907
1 1 2 1 83.178 -22.715 -10.738 -18.194 -10.035 4.8382 8.2209 4.3381 -6.3893 -0.53873 -8.6592 -3.9195 -2.7252 -0.64548
1 1 2 1 71.552 -22.915 -9.0074 -21.188 -1.0349 9.2395 11.694 8.9165 -5.4136 -6.1541 -13.668 2.1776 0.19459 8.6897
1 1 2 1 72.352 -23.163 -13.251 -21.964 -3.863 10.191 9.5847 12.78 -1.4297 -6.7835 -18.971 0.94625 -1.6967 8.1039
1 1 2 1 72.241 -23.076 -6.6848 -13.211 -3.4122 13.014 5.6723 12.714 -7.5691 -6.7333 -12.403 4.3927 0.87458 7.3825
1 1 2 1 83.467 -22.574 -10.896 -17.16 -7.7983 4.4265 9.7717 6.014 -2.5643 -1.9435 -9.0056 -2.3099 -1.2108 2.8174
1 1 2 1 72.786 -20.126 -5.7481 -15.088 -5.4355 10.023 5.8809 15.274 -4.006 -8.9394 -10.19 1.6585 -3.9197 9.5789
1 1 2 1 71.565 -21.347 -5.933 -19.332 -5.1772 6.5701 12.561 15.521 -6.114 -11.489 -16.29 9.8752 -6.531 13.634
1 1 2 1 83.37 -22.463 -10.767 -17.349 -8.007 4.2036 9.697 6.0961 -5.1621 -2.757 -11.09 -3.7665 -0.30359 3.2448
1 1 2 1 72.968 -23.668 -8.6874 -16.207 -7.5243 7.4241 6.398 14.479 -5.678 -4.2779 -13.506 4.2869 -2.2733 8.3888
