1 0 2 1 84.927 -18.695 -6.4921 -18.959 6.3121 11.457 5.3999 1.2743 -4.0143 -12.606 1.8418 3.4598 5.3398 2.9967
1 0 2 1 77.875 -19.525 -1.4089 -5.6733 -9.1553 13.214 7.3381 -3.7495 -4.5 -8.8245 6.303 7.6139 1.6557 -1.1351
1 0 2 1 76.879 -19.632 -1.703 -5.419 -15.776 12.026 12.186 3.0973 -5.9438 -15.987 0.30362 11.511 5.008 2.6066
1 0 2 1 86.549 -16.918 -4.8549 -14.96 8.156 11.061 7.4064 5.0686 0.45318 -7.7863 2.1721 3.1833 1.7132 -2.1399
1 0 2 1 73.583 -23.193 0.75457 5.0855 -10.424 10.718 -1.5715 -0.94071 -3.8705 -8.2707 1.5316 8.909 0.33133 2.1107
1 0 2 1 73.774 -23.31 1.6106 1.1972 -14.29 9.9881 3.6572 1.1322 -3.9589 -8.1033 -3.0351 7.7645 2.229 1.5911
1 0 2 1 84.899 -19.068 -7.9579 -18.205 3.8142 9.176 4.4075 -2.3661 -6.1502 -13.776 2.3523 4.3823 8.1114 4.073
1 0 2 1 85.326 -18.974 -8.0948 -17.292 4.2921 9.35 2.7547 -3.0729 -5.9122 -12.415 1.8185 4.4688 6.9859 3.9675
1 0 2 1 78.412 -18.017 -1.428 -4.4995 -8.4511 14.892 4.4503 -6.2944 -5.6141 -12.118 4.4086 7.4917 0.19682 -1.3298
1 0 2 1 73.502 -24.532 0.19563 6.8965 -12.04 6.1688 4.6898 3.4371 -4.0539 -10.224 1.3123 4.3007 -1.1395 2.4763
1 0 2 1 86.318 -15.988 -3.8707 -17.406 6.9812 9.7467 1.5229 -0.06868 -4.7735 -14.832 1.0469 4.1471 4.8686 2.3406
1 0 2 1 74.392 -24.067 -3.3957 3.9415 -10.343 7.9779 3.8417 -0.93923 -7.4998 -5.1994 9.0041 2.3882 -5.6954 0.78857
1 0 2 1 86.274 -15.917 -3.4291 -15.793 10.134 11.938 3.122 -0.39672 -2.7811 -11.282 0.5773 6.7153 4.8503 4.0681
1 0 2 1 85.972 -16.704 -5.3339 -18.575 5.9878 9.3594 0.89665 0.36982 -2.565 -13.74 4.9065 7.2987 6.2447 4.9007
1 0 2 1 75.527 -19.109 6.6735 6.7031 -10.488 6.9942 -4.6591 1.3532 0.85018 -5.09 -0.23997 5.0877 -2.9256 0.99232
1 0 2 1 85.27 -18.463 -6.3357 -20.053 4.2771 10.489 2.8818 0.78927 -1.4948 -10.099 2.3287 5.3646 3.5768 1.506
1 0 2 1 86.665 -16.376 -3.8327 -14.727 7.1887 12.916 5.0694 -1.8557 -1.8222 -10.645 2.6413 6.6238 6.8534 3.2871
1 0 2 1 73.55 -23.518 -0.97259 -0.44983 -13.685 13.783 9.1595 -0.84011 -6.1889 -10.451 -0.14048 5.7875 4.1788 2.4759
1 0 2 1 76.427 -17.247 5.4757 7.7441 -11.124 5.9434 -0.92667 -0.58415 0.9091 -5.5169 -0.51495 3.3269 0.17585 1.6539
1 0 2 1 85.637 -18.417 -6.2825 -18.807 5.6142 9.0596 4.115 1.0035 -4.4297 -11.208 1.8985 4.0257 2.5487 0.45535
1 0 2 1 86.06 -18.061 -5.5779 -14.358 8.6005 9.8793 5.4661 -0.29645 -4.5786 -10.384 -0.16527 5.2839 2.6736 -1.4332
