0 1 2 1 78.155 -26.076 -3.5008 -16.034 -3.8111 11.423 6.9424 14.486 -12.754 0.22884 -11.383 5.8824 -1.4099 7.762
0 1 2 1 80.172 -24.563 -11.188 -15.781 -7.3667 20.111 -1.9508 16.34 -7.5518 0.050425 -8.2125 2.4364 1.85 10.401
0 1 2 1 80.787 -27.493 -5.1424 -15.281 -4.1319 10.889 0.78953 15.62 -7.172 -0.83063 -13.769 4.0135 -4.3254 7.9895
0 1 2 1 81.997 -28.722 -6.6169 -13.142 -5.3932 12.229 -0.32871 12.092 -7.8679 -0.21354 -10.337 4.1942 -0.89136 6.5488
0 1 2 1 78.739 -25.689 -5.5304 -15.043 -7.8704 17.189 1.5187 16.647 -7.568 -1.9166 -13.631 2.1857 -5.1932 6.4222
0 1 2 1 77.675 -20.439 -7.0232 -17.577 -4.9059 17.146 -1.4904 21.482 -13.419 4.1481 -14.842 0.7164 -1.5318 8.0148
0 1 2 1 83.298 -25.542 -6.2311 -15.857 -5.816 13.246 -0.62419 13.23 -13.686 -0.00073305 -11.144 -0.15832 0.38403 3.2049
0 1 2 1 85.786 -22.491 -6.1703 -18.668 0.84761 9.9505 7.7118 -2.0877 -14.426 -6.2408 -3.9929 -1.2551 2.4287 1.7319
0 1 2 1 74.598 -23.741 -6.8143 -17.51 -2.1782 5.3408 4.3981 13.962 -10.711 -0.23959 -6.7522 8.1016 -1.9739 7.9901
0 1 2 1 86.899 -20.469 -2.6123 -17.782 -8.0252 6.9408 4.8779 10.286 -7.9543 1.9153 -8.2726 2.8188 -5.2585 7.2738
0 1 2 1 85.461 -21.589 -6.0083 -17.995 2.1855 10.587 7.2843 -3.5835 -15.429 -4.2284 0.32232 1.0186 5.2525 2.3866
0 1 2 1 75.696 -24.719 -8.7014 -13.574 -3.0975 1.8659 8.9686 11.22 -11.299 3.4612 -9.3915 6.9932 -1.0834 7.3607
0 1 2 1 87.085 -19.772 -2.4637 -19.145 -7.2718 4.996 3.2166 11.423 -8.5551 1.4636 -12.669 0.50976 -7.4735 4.981
0 1 2 1 85.774 -22.355 -6.4312 -18.002 1.7753 10.653 8.1345 -3.48 -14.307 -5.3431 -3.0863 1.3258 4.7071 2.1122
0 1 2 1 75.561 -21.367 -3.6976 -14.343 1.2214 6.2352 3.8732 12.414 -11.481 -0.07221 -7.5878 6.353 -3.8433 5.9575
0 1 2 1 87.001 -20.14 -2.2753 -17.403 -8.1373 5.209 3.8263 12.246 -9.2471 1.2171 -8.7561 3.1313 -7.1828 3.5741
0 1 2 1 85.736 -22.258 -6.5114 -17.698 2.0053 12.622 7.9194 -5.7747 -15.634 -4.7252 0.52031 1.2915 7.1267 4.7796
0 1 2 1 86.749 -19.867 -2.034 -18.492 -9.756 7.1293 3.7698 11.202 -7.8882 2.067 -9.4114 3.2278 -5.9275 4.3573
0 1 2 1 84.954 -22.933 -7.8078 -17.584 3.6701 13.392 10.22 -1.1012 -13.965 -5.7356 -1.6374 1.2171 4.9804 3.2123
0 1 2 1 86.479 -19.428 -1.2617 -18.008 -7.9975 6.9278 4.9553 12.392 -7.5913 1.6664 -11.155 2.5997 -5.3789 5.7695
0 1 2 1 84.754 -22.398 -7.7963 -17.367 2.8328 13.615 11.491 -1.2843 -12.335 -3.0904 -2.6107 2.6528 7.3298 4.0009
0 1 2 1 85.505 -21.304 -3.9025 -19.14 -9.5892 5.7954 4.8644 11.709 -10.092 0.2117 -13.892 2.2611 -5.1873 4.8473
0 1 2 1 85.872 -21.639 -7.0372 -17.223 0.69294 11.608 7.4346 -4.7302 -14.988 -4.2203 0.087215 0.17619 3.9939 2.3872
0 1 2 1 86.71 -20.326 -3.7471 -20.323 -9.753 3.6594 3.1855 11.805 -7.9214 2.9059 -11.137 4.0541 -3.0778 7.1876
0 1 2 1 85.682 -21.226 -6.8006 -17.823 1.9641 12.451 9.561 -2.325 -12.056 -1.7599 0.20843 4.8066 6.0461 3.4467
0 1 2 1 75.122 -21.476 -4.3 -16.332 -1.3773 4.5491 5.9994 14.896 -11.051 0.13227 -6.5451 8.5254 -2.4387 5.4342
0 1 2 1 86.602 -20.239 -1.9596 -18.785 -7.812 7.7201 5.7183 11.308 -6.3403 1.5999 -10.27 3.6722 -4.1873 4.6718
0 1 2 1 85.497 -22.647 -7.8257 -18.624 2.7765 12.494 7.9611 -3.3527 -15.653 -6.2072 -2.7719 1.1652 7.1636 5.4809
0 1 2 1 86.646 -19.665 -1.9059 -20.101 -7.8862 4.3782 4.7459 12.691 -7.5202 2.4968 -10.767 4.2405 -5.0958 3.8563
0 1 2 1 84.92 -22.565 -6.7595 -16.993 4.0831 13.899 9.0392 -3.4544 -16.207 -2.0133 1.2763 2.8066 7.7708 3.2864
0 1 2 1 74.683 -23.169 -7.4417 -19.298 -2.3841 7.7367 5.1964 14.498 -9.7048 -0.37223 -8.5653 7.7133 -3.9099 7.6707
0 1 2 1 87.004 -19.882 -4.0898 -19.842 -9.9663 3.7961 4.3229 12.518 -9.0659 0.78312 -10.889 3.9133 -4.6971 6.7743
0 1 2 1 85.34 -22.97 -8.3822 -17.76 1.9717 11.259 7.0178 -4.9002 -15.833 -5.7637 -1.3707 2.1928 5.0229 2.4026
0 1 2 1 86.83 -19.54 -2.9531 -18.514 -9.1814 4.8733 3.0304 10.088 -9.3589 3.1639 -11.476 3.0787 -4.4185 4.8795
0 1 2 1 84.525 -22.79 -8.8236 -18.089 1.4411 15.92 10.752 -1.87 -14.157 -5.4347 -2.6608 2.2075 6.1171 4.1184
0 1 2 1 87.229 -19.77 -2.9242 -19.486 -7.7824 5.8451 4.0468 13.557 -6.6726 2.3812 -10.479 2.7687 -4.6548 5.1418
0 1 2 1 83.493 -23.37 -9.6032 -19.024 1.6184 14.477 9.4527 -3.3209 -13.022 -3.5672 -3.2231 0.58303 5.2536 2.6139
0 1 2 1 79.309 -22.559 -3.8172 -20.053 -6.3554 11.75 9.8337 13.263 -7.5079 -0.62642 -15.522 2.7659 -3.9919 6.237
