0 1 2 1 72.446 -27.286 -7.2341 -14.213 -4.3909 15.545 6.0099 11.767 -7.6173 -3.5599 -13.814 2.4684 -1.843 6.9569
0 1 2 1 73.539 -27.695 -4.5362 -19.368 -2.7866 9.9104 5.125 13.697 -12.228 -0.52981 -17.528 2.6421 -1.9033 8.2639
0 1 2 1 75.604 -26.941 -8.0313 -15.477 -5.8999 12.842 3.0018 18.941 -3.2363 1.0066 -10.242 4.8401 -3.9833 13.81
0 1 2 1 77.757 -26.229 -12.481 -17.389 -6.8987 19.468 -2.9622 17.635 -9.394 0.46168 -11.305 4.9582 2.3365 9.4179
0 1 2 1 77.774 -27.871 -5.9647 -17.276 -4.9823 12.278 4.2692 9.6607 -12.874 1.9083 -10.087 6.4921 3.4328 5.9982
0 1 2 1 80.979 -25.627 -4.7415 -10.928 -5.2962 11.21 -4.7412 17.477 -11.654 -3.9345 -7.1934 4.8216 -0.56158 9.46
0 1 2 1 74.782 -24.95 -6.6544 -10.463 -11.318 13.997 2.5165 14.178 -0.88306 -6.3755 -19.926 11.02 1.3657 1.6247
0 1 2 1 76.546 -28.093 -8.7181 -11.988 -2.8479 16.664 6.9916 13.886 -8.4208 -5.2495 -10.586 3.0276 -4.3675 10.859
0 1 2 1 79.964 -27.028 -4.1257 -19.701 -4.9499 10.93 4.2209 16.327 -10.162 1.7348 -16.365 1.9952 0.17799 11.2
0 1 2 1 79.652 -25.919 -6.8262 -14.229 -4.3748 13.315 1.7849 17.683 -9.1607 -3.2081 -9.5434 3.2628 -1.1087 5.2626
0 1 2 1 80.579 -26.314 -3.6554 -13.381 -3.8027 14.238 0.93181 12.254 -10.242 1.9773 -15.45 1.6328 -0.15437 7.1011
0 1 2 1 77.96 -25.297 -11.093 -15.69 -4.6794 18.164 -3.171 14.947 -14.54 -1.1541 -4.3569 3.3054 3.1989 9.7446
0 1 2 1 79.367 -23.269 -0.64642 -11.686 -5.5907 13.395 1.5035 13.437 -7.6057 -0.54492 -17.694 7.7761 -2.8853 3.8189
0 1 2 1 79.754 -27.379 -6.9414 -8.4926 -6.9856 17.669 0.3588 7.6237 -5.6497 -3.9858 -4.0534 0.26763 -3.1649 3.8368
0 1 2 1 76.686 -27.789 -7.3397 -15.354 -7.4539 13.455 2.9798 18.771 -3.5405 -1.7677 -11.818 6.0714 -6.4399 8.0617
0 1 2 1 78.53 -25.329 -2.1743 -17.369 -1.3195 11.455 5.189 16.451 -11.666 1.3346 -14.281 4.3497 -1.6635 9.5783
0 1 2 1 77.958 -25.195 -9.1193 -21.242 -0.99892 13.834 10.463 6.599 -3.9933 -4.9693 -10.094 0.67036 4.2415 8.4933
0 1 2 1 76.54 -22.383 -7.3603 -15.304 -9.2941 16.972 5.8034 16.153 -14.941 4.376 -22.158 3.3757 -3.8541 9.1297
0 1 2 1 79.694 -26.914 -2.9213 -12.245 -5.933 10.496 0.38122 17.077 -8.4225 0.38903 -15.692 1.6342 -4.0428 6.6598
0 1 2 1 77.123 -25.669 -1.9727 -8.4193 -10.158 14.036 1.2433 13.866 -0.95299 -2.6353 -20.118 7.0789 -2.1046 -0.025297
0 1 2 1 80.755 -27.178 -4.7471 -12.929 -8.1686 13.508 5.0535 7.4212 -1.8714 -2.6111 -11.253 2.4718 -0.32378 5.7776
0 1 2 1 81.177 -27.173 -8.1203 -16.38 -1.1944 14.802 -3.4357 8.4632 -12.87 -0.4143 -6.8058 6.9491 2.6242 10.037
0 1 2 1 78.041 -27.394 -5.2942 -18.969 -2.2861 14.174 3.963 12.763 -6.9436 0.56526 -12.701 2.0714 1.694 9.4334
0 1 2 1 80.142 -24.875 -8.1662 -13.016 -8.1221 17.527 3.279 17.338 -9.5432 -1.7284 -11.169 1.799 -6.6541 11.797
0 1 2 1 78.908 -27.281 -4.9412 -13.835 -6.043 15.879 5.2752 14.092 -7.785 9.5192 -16.688 4.7693 -3.2517 3.6461
0 1 2 1 76.925 -22.393 -3.0642 -7.6865 -10.055 15.587 1.5085 9.5829 -2.1776 -1.5222 -16.801 4.6297 4.0028 -7.6159
0 1 2 1 79.428 -26.6 -9.4156 -11.161 -8.2377 17.448 8.8615 7.8498 2.1352 -10.905 -8.4579 1.0947 2.9293 2.5075
0 1 2 1 76.408 -26.799 -0.38368 -14.049 -5.5818 15.132 0.82164 14.658 -13.83 0.018028 -12.121 3.1138 -1.4042 9.99
0 1 2 1 80.218 -27.276 -5.8225 -13.867 -1.774 13.423 1.6649 14.176 -12.247 -6.345 -12.707 3.2811 -3.5219 11.126
0 1 2 1 81.571 -27.283 -7.7692 -12.985 0.034135 17.577 -1.9493 9.4424 -13.776 -3.8498 -8.6692 3.6835 1.0985 7.4531
0 1 2 1 82.014 -26.02 -5.6338 -15.933 -4.5221 9.7716 1.9265 12.706 -6.7403 -0.61476 -12.035 4.3078 -5.1033 9.2417
0 1 2 1 81.91 -26.363 -5.389 -18.707 -4.2367 13.775 5.77 9.1806 -11.975 4.6668 -10.195 1.6906 0.22928 3.4363
0 1 2 1 81.333 -27.145 -7.6245 -9.5031 -9.6847 12.874 0.79787 15.08 -7.5389 -1.3888 -14.627 3.4958 -3.8763 3.626
0 1 2 1 81.691 -25.559 -6.684 -15.783 -0.66538 15.547 1.3329 11.508 -12.487 -0.58839 -12.274 2.5014 -1.8324 6.5599
0 1 2 1 80.199 -25.593 -8.3402 -15.715 -6.6693 17.725 7.9757 11.778 -5.8256 -10.438 -6.881 -2.3511 -0.20324 6.0311
0 1 2 1 71.389 -26.177 -5.3522 -19.982 1.5675 6.0601 15.062 13.878 -12.511 -7.8047 -5.5116 7.0861 -4.4202 16.885
0 1 2 1 81.757 -25.918 -4.1162 -14.627 -7.2656 13.744 5.2937 12.237 -10.906 -0.32881 -15.407 -0.01626 -0.86733 8.5793
0 1 2 1 76.468 -25.875 -6.8274 -5.8276 -13.369 12.764 -0.4528 14.037 1.678 -5.2074 -16.474 8.949 3.4216 -4.1068
0 1 2 1 79.557 -27.892 -10.202 -6.2043 -9.8916 14.839 2.252 7.6582 0.69311 -5.466 -10.042 3.0954 0.36259 1.0064
0 1 2 1 80.045 -27.833 -10.654 -6.2768 -8.626 16.009 4.0602 5.5146 0.11322 -5.6818 -8.0796 1.7511 0.6893 1.8667
0 1 2 1 79.049 -24.584 -3.758 -19.439 -2.7341 10.597 6.5536 12.072 -11.853 -8.2336 -5.4296 6.507 -0.63908 8.2591
0 1 2 1 78.892 -24.742 -10.897 -16.722 -2.0501 18.577 -1.6554 16.676 -12.485 -1.7326 -8.1413 0.62688 0.28165 9.1268
0 1 2 1 79.037 -25.949 -5.8338 -18.265 -1.5418 8.6898 5.0961 14.801 -12.532 1.5755 -16.549 4.7561 -1.3378 7.2763
0 1 2 1 79.048 -26.344 -7.6353 -15.733 -5.9108 13.61 2.6402 19.036 -6.6606 -1.8572 -11.74 5.0968 -3.2875 9.2082
0 1 2 1 78.703 -21.99 -8.4287 -16.542 -10.406 13.963 5.929 20.663 -9.4736 1.1962 -15.579 2.0134 -4.3152 8.3487
