0 0 2 1 79.68 -14.35 -7.1455 -19.476 -0.52923 5.0601 9.8963 -0.95719 -13.944 -11.604 5.8189 -3.0484 8.5401 -3.7484
0 0 2 1 80.584 -14.096 -6.9759 -19.002 -0.21312 4.7026 7.705 -1.8377 -12.773 -9.8987 4.3014 -2.1539 6.0271 -3.9936
0 0 2 1 82.775 -13.323 -5.5869 -14.794 0.6538 4.7632 11.544 -1.0135 -11.303 -6.692 1.6686 -1.592 3.1415 -1.8516
0 0 2 1 83.266 -13.461 -5.7119 -11.825 0.72223 4.2188 10.763 -2.0136 -10.227 -1.2003 -0.94691 -3.0728 -0.77432 0.71555
0 0 2 1 69.307 -22.908 -2.8202 9.5997 -5.6224 -8.1421 8.5377 12.146 -7.8103 -2.8572 8.2488 -4.8629 -4.6074 7.7947
0 0 2 1 80.782 -13.025 -4.9794 -17.757 2.3519 9.0984 11.634 0.023532 -10.959 -10.236 6.169 -1.7389 8.3888 -3.116
0 0 2 1 80.782 -13.025 -4.9794 -17.757 2.3519 9.0984 11.634 0.023532 -10.959 -10.236 6.169 -1.7389 8.3888 -3.116
0 0 2 1 79.381 -13.873 -4.9493 -18.583 1.1229 9.8545 14.198 0.76021 -11.561 -11.993 4.4665 -3.3148 9.6255 -5.5177
0 0 2 1 80.41 -13.65 -4.9605 -17.647 1.4556 9.6253 12.631 0.1479 -10.474 -9.6807 2.5601 -2.5681 7.0375 -5.5816
0 0 2 1 80.664 -13.99 -6.4621 -17.111 1.3581 6.4893 11.527 -0.26007 -12.433 -8.725 7.946 -2.276 5.2253 -2.7615
0 0 2 1 80.664 -13.99 -6.4621 -17.111 1.3581 6.4893 11.527 -0.26007 -12.433 -8.725 7.946 -2.276 5.2253 -2.7615
0 0 2 1 81.016 -13.192 -5.582 -16.539 2.026 9.5969 11.678 0.58441 -10.426 -9.2323 6.5442 -3.841 5.5529 -3.254
0 0 2 1 81.016 -13.192 -5.582 -16.539 2.026 9.5969 11.678 0.58441 -10.426 -9.2323 6.5442 -3.841 5.5529 -3.254
0 0 2 1 81.073 -12.734 -3.9919 -17.352 2.5704 10.489 9.5399 0.6808 -8.2817 -11.451 4.0096 -1.4839 5.1122 -3.7851
0 0 2 1 81.073 -12.734 -3.9919 -17.352 2.5704 10.489 9.5399 0.6808 -8.2817 -11.451 4.0096 -1.4839 5.1122 -3.7851
0 0 2 1 80.673 -12.802 -5.1009 -19.561 1.4312 8.9428 6.9141 -1.2551 -7.6031 -9.2811 4.5431 2.0061 9.563 -2.4748
0 0 2 1 81.411 -12.705 -5.1197 -18.79 1.7055 8.8426 5.512 -1.6455 -6.6226 -7.5891 2.7841 2.6464 7.5324 -2.2953
0 0 2 1 81.376 -12.873 -5.3318 -18.892 -0.29625 8.7021 6.3463 -4.2552 -11.88 -9.2496 3.3014 -4.1169 4.6703 -2.9993
0 0 2 1 81.376 -12.873 -5.3318 -18.892 -0.29625 8.7021 6.3463 -4.2552 -11.88 -9.2496 3.3014 -4.1169 4.6703 -2.9993
0 0 2 1 80.965 -12.488 -3.5125 -17.502 2.218 8.2003 7.5326 -3.5019 -13.794 -14.479 4.5007 -4.3929 4.9891 -3.8093
0 0 2 1 81.697 -12.452 -3.571 -16.48 2.588 7.8562 6.3621 -4.0965 -13.177 -12.555 3.8259 -4.5183 2.7313 -3.2282
0 0 2 1 80.746 -13.634 -4.3533 -15.997 3.5724 10.503 7.4509 -5.2454 -15.401 -13.507 2.3568 -2.8172 6.8594 -4.7234
0 0 2 1 80.746 -13.634 -4.3533 -15.997 3.5724 10.503 7.4509 -5.2454 -15.401 -13.507 2.3568 -2.8172 6.8594 -4.7234
0 0 2 1 80.796 -13.965 -6.5953 -19.117 1.2175 7.6763 10.638 -0.80384 -11.36 -8.0422 4.4235 -3.8008 7.0631 -3.5268
0 0 2 1 80.796 -13.965 -6.5953 -19.117 1.2175 7.6763 10.638 -0.80384 -11.36 -8.0422 4.4235 -3.8008 7.0631 -3.5268
0 0 2 1 76.6 -16.732 -4.7444 2.9794 -2.2607 -0.28762 12.973 11.429 -10.731 -14.147 5.7304 10.004 -1.2568 4.5341
0 0 2 1 80.644 -13.36 -4.9155 -17.981 0.4675 8.6378 11.393 -2.2817 -14.447 -9.628 4.3778 -5.8246 6.4352 -2.1378
0 0 2 1 81.548 -12.986 -4.6989 -17.389 0.65397 8.4143 9.3611 -3.3083 -13.101 -7.8422 2.5123 -4.8566 4.0798 -2.5432
0 0 2 1 74.847 -18.789 -7.7921 -1.1975 1.3598 -0.9943 5.5202 5.9179 -14.27 -4.4703 8.0328 -1.5104 -6.8603 -0.63374
0 0 2 1 74.646 -21.047 -3.1092 8.5357 -4.1724 -5.972 6.2242 3.1629 -8.8484 -0.59554 10.593 0.38505 -6.629 5.3982
0 0 2 1 75.04 -20.484 -3.4628 7.0242 -5.2515 -5.8132 8.7859 3.0575 -8.8155 -2.6149 7.5072 1.8076 -3.703 6.7409
0 0 2 1 70.128 -22.754 -3.0711 9.771 -3.6735 -11.755 4.5549 14.669 -8.1965 -10.464 9.5855 4.7945 -2.9334 3.5251
0 0 2 1 81.251 -12.961 -4.6778 -17.233 1.2205 9.158 10.331 -2.6461 -12.712 -9.279 0.8271 -6.0872 4.3509 -5.1912
0 0 2 1 82.033 -12.912 -4.8286 -16.142 1.6505 8.4402 8.8003 -2.7948 -12.514 -7.6483 0.4826 -6.3271 1.7437 -4.202
0 0 2 1 81.164 -14.337 -5.9956 -8.5382 1.8305 4.2934 5.5889 -3.2195 -13.006 -1.5515 1.9844 -8.811 -7.95 1.0559
0 0 2 1 71.795 -23.989 -4.1363 8.896 -4.9498 -8.8326 6.278 10.73 -5.3083 1.6693 5.9333 2.2733 -3.5651 3.2914
0 0 2 1 77.942 -18.634 -3.6632 6.193 -0.2637 -4.5688 6.8795 5.9974 -8.2491 1.2801 12.278 0.024325 -6.6356 2.1888
0 0 2 1 74.811 -23.017 -1.996 8.8674 -2.9789 -7.4177 5.9428 10.263 -13.263 -4.3192 6.5177 0.86617 -0.11365 -0.43489
0 0 2 1 73.988 -24.259 -2.5036 9.8439 -3.2568 -9.6585 3.0462 6.027 -10.917 -4.3879 5.3988 -2.4859 -5.1259 3.9919
0 0 2 1 74.312 -24.99 -2.9301 5.8582 -4.9978 -12.475 1.5965 12.44 -7.4657 -5.9772 2.8793 4.8766 -2.4723 2.6584
0 0 2 1 74.146 -25.194 -2.6567 7.1434 -4.0416 -11.867 1.3539 12.281 -7.4183 -4.8061 3.7522 4.7979 -1.379 3.6799
0 0 2 1 71.958 -25.452 -1.9729 8.8987 -2.6462 -7.8723 3.007 10.191 -14.17 -6.9981 7.1752 4.223 -3.4769 7.2208
0 0 2 1 72.468 -24.817 -3.0364 10.126 -3.7467 -10.5 1.0735 12.947 -9.7205 -6.0474 10.22 0.45948 -8.9877 4.9215
0 0 2 1 72.54 -24.765 -2.932 10.046 -3.7674 -10.141 1.6532 13.456 -9.5179 -7.1093 9.7069 0.0079824 -8.0302 5.21
0 0 2 1 72.506 -24.548 -5.7923 11.004 -6.53 -8.7728 9.7627 9.4111 -13.523 -7.5234 7.7008 -2.6108 1.1901 4.852
0 0 2 1 75.759 -20.755 -1.2756 -8.5679 0.39098 1.464 17.532 10.256 -11.557 -21.694 9.158 10.754 11.099 -0.18621
0 0 2 1 75.013 -19.95 -2.949 1.2719 4.7664 0.59715 2.791 9.3106 -10.681 -8.7223 4.3335 8.2476 0.85546 1.0309
0 0 2 1 71.837 -24.956 -3.3335 9.9161 -1.8395 -7.7837 5.7318 10.906 -10.739 -8.7074 11.683 1.2844 -7.4647 7.2406
0 0 2 1 72.321 -24.227 -2.7668 11.7 -3.1714 -8.8045 6.3994 9.1807 -14.718 -3.8018 6.7569 -0.50463 -5.1364 2.0802
0 0 2 1 72.962 -22.409 -2.4077 11.59 -0.70578 -7.7228 4.5783 7.4581 -9.5049 -2.7459 10.148 2.1091 -5.3352 6.7872
0 0 2 1 79.795 -14.103 -5.6558 -17.533 2.1947 8.0579 15.476 2.1212 -11.301 -7.7524 6.5047 -2.2612 11.429 -3.8979
0 0 2 1 80.81 -13.806 -5.7818 -17.022 2.6238 7.5554 13.336 1.4652 -10.647 -5.4209 4.2469 -1.9453 8.6097 -3.868
0 0 2 1 79.973 -14.316 -6.5357 -17.777 0.62302 3.4069 12.115 1.6474 -14.773 -13.464 8.8666 0.095714 7.2117 -1.4785
0 0 2 1 81.017 -13.822 -6.1517 -17.271 1.3202 3.5 10.25 0.84733 -13.181 -10.715 7.1545 1.0498 5.7042 -0.63598
0 0 2 1 79.549 -14.265 -6.0516 -19.971 -0.070872 6.6704 10.5 -2.9532 -12.819 -12.896 4.4706 -2.4467 10.978 -1.6478
0 0 2 1 80.559 -13.929 -5.9964 -19.185 0.14759 6.1199 8.3749 -3.6976 -11.3 -10.657 3.105 -1.1854 8.266 -1.324
0 0 2 1 79.651 -14.332 -5.118 -19.212 0.59012 9.2955 10.776 -1.255 -12.608 -8.4453 7.0422 -1.0838 9.2847 -0.19299
0 0 2 1 80.257 -14.166 -5.1078 -18.964 0.85 9.1632 8.2591 -2.0435 -11.623 -6.9036 5.6412 -0.4144 6.8085 0.058432
0 0 2 1 78.612 -13.287 -5.3174 -19.058 2.8734 9.4273 14.118 2.6599 -12.358 -14.217 7.316 -3.993 11.574 -4.6451
0 0 2 1 80.899 -12.58 -5.4101 -17.417 3.7406 7.9183 9.9128 1.7384 -10.095 -9.811 3.1287 -3.1877 4.5548 -4.9951
0 0 2 1 79.329 -13.356 -5.1614 -19.855 -0.098132 5.6078 8.8444 -1.9572 -15.635 -16.574 2.9299 -4.2471 9.2886 -5.0072
0 0 2 1 81.449 -12.92 -5.4893 -17.989 1.0011 5.1331 5.5061 -2.8171 -13.179 -12.139 -1.3597 -3.2382 3.4656 -4.3543
0 0 2 1 79.902 -14.116 -6.6533 -17.766 -0.10709 4.3501 9.3849 -1.0269 -13.635 -13.554 4.1618 -3.2049 9.8607 -1.3608
0 0 2 1 80.636 -14.073 -6.7492 -18.008 -0.16966 3.8129 7.3579 -2.2508 -13.01 -11.215 1.8092 -2.6772 8.1217 -1.3075
0 0 2 1 81.364 -12.517 -3.6813 -16.487 3.3603 8.889 8.1484 -0.2044 -11.625 -9.9889 2.7593 -1.5649 5.7085 -4.2128
0 0 2 1 81.364 -12.517 -3.6813 -16.487 3.3603 8.889 8.1484 -0.2044 -11.625 -9.9889 2.7593 -1.5649 5.7085 -4.2128
0 0 2 1 81.053 -13.366 -5.0834 -17.843 1.3568 7.4037 9.3719 -1.258 -10.096 -7.2553 7.2727 0.81946 6.3153 -2.3796
0 0 2 1 81.053 -13.366 -5.0834 -17.843 1.3568 7.4037 9.3719 -1.258 -10.096 -7.2553 7.2727 0.81946 6.3153 -2.3796
0 0 2 1 74.041 -18.588 -3.3532 6.6741 -2.3866 -1.3377 8.7651 4.7672 -12.163 -0.29373 14.894 1.3215 -9.4266 2.7342
0 0 2 1 79.845 -13.793 -5.5931 -19.683 -0.64314 6.7887 8.7667 -2.3919 -12.284 -12.942 3.1518 -3.7244 7.4712 -3.5012
0 0 2 1 80.752 -13.501 -5.5624 -18.84 -0.13392 6.4991 6.7806 -2.8411 -11.363 -10.861 1.5717 -3.0343 4.7968 -3.6956
0 0 2 1 80.197 -13.674 -6.3608 -19.34 -0.084689 4.9178 8.4459 -0.37679 -12.147 -11.576 5.3148 -0.63024 8.4092 -4.2974
0 0 2 1 81.104 -13.347 -6.0712 -18.437 0.46584 5.0742 7.0615 -1.1524 -10.91 -9.1467 3.6359 0.068591 6.2343 -4.291
0 0 2 1 72.547 -21.203 -1.7507 13.839 1.7769 -7.5193 6.365 5.4144 -9.6899 -2.4798 5.7979 0.70496 -3.3546 4.9313
0 0 2 1 81.312 -13.234 -4.2298 -17.025 1.3183 8.86 9.6034 -1.1766 -9.5769 -13.231 -0.39685 -2.561 2.8854 -2.8746
0 0 2 1 81.312 -13.234 -4.2298 -17.025 1.3183 8.86 9.6034 -1.1766 -9.5769 -13.231 -0.39685 -2.561 2.8854 -2.8746
0 0 2 1 73.214 -24.36 -6.4111 6.0119 -3.2502 -4.7849 10.015 10.543 -12.899 -4.6763 9.2161 3.2828 -2.2511 -1.6944
