1 0 3 2 70.607 -23.575 -4.1098 1.0833 6.1098 6.2449 4.071 -4.439 5.8697 3.1411 -1.6922 4.1508 -4.9024 0.4881
1 0 3 2 67.165 -21.437 7.5419 -2.1852 5.0815 3.1876 -0.19704 0.15186 1.2632 2.8774 -3.1854 2.2031 -2.1048 1.0664
1 0 3 2 66.838 -19.718 10.726 -3.9226 2.5721 2.3989 -0.55032 5.4396 -1.6871 3.838 0.12104 -2.7334 0.27994 3.584
1 0 3 2 67.273 -18.233 12.001 -4.6965 -1.9524 5.2215 -0.39632 4.232 -2.4348 1.4887 0.74754 -1.0864 0.45853 2.4539
1 0 3 2 66.42 -20.055 12.663 -1.6148 -2.6261 6.2909 -2.9035 3.7404 0.16662 3.2985 1.6852 -3.2631 2.6206 3.7561
1 0 3 2 66.854 -19.765 12.2 -2.1838 -3.1055 7.76 -2.7115 5.0214 -0.3202 3.1316 2.7446 -2.3816 -0.11967 0.95346
1 0 3 2 64.645 -24.31 9.3797 -0.85339 -0.5861 11.536 -6.2438 3.2846 3.0174 -2.8607 1.1161 -0.60616 0.48064 3.3757
1 0 3 2 64.469 -24.351 7.278 -3.1385 -7.1217 9.8254 -7.0892 3.2258 6.5466 -3.0255 -1.1138 0.29174 -3.2912 0.69312
1 0 3 2 61.982 -20.932 6.4881 -7.1141 1.7179 0.2412 2.7953 3.074 -1.8242 3.3101 -2.7156 1.7115 0.76967 0.72306
1 0 3 2 66.111 -14.188 8.0934 -5.807 3.6729 -1.3822 -1.0617 1.9099 -1.7177 1.6846 -1.1531 1.3614 -0.48128 0.055834
1 0 3 2 62.848 -20.906 6.2877 -5.2136 2.6142 2.9921 -0.83561 2.1767 -0.31989 2.9123 1.182 0.38544 2.0646 2.66
1 0 3 2 65.861 -15.356 7.7219 -5.9312 2.1709 0.27448 -0.123 0.45059 -1.6894 1.1458 -0.80122 -0.14847 0.017865 2.0587
1 0 3 2 63.368 -18.093 5.3101 -3.901 3.3468 0.91463 -0.42589 5.3206 -0.32983 1.5167 -2.1995 1.8021 0.017182 5.5095
1 0 3 2 64.876 -16.005 5.5123 -4.5359 1.7972 1.2796 -2.1898 1.8561 -1.0836 1.1769 -1.6756 -0.82797 -0.45061 1.8726
1 0 3 2 63.196 -16.584 9.8459 -2.1593 -0.20227 7.9064 -2.7366 5.2878 4.9182 -3.2355 4.3789 -3.222 1.2176 2.6605
1 0 3 2 61.796 -22.33 9.6035 -8.3573 2.0863 0.93099 -1.8924 0.28715 1.8634 -1.071 -3.0565 1.2125 -1.8363 1.8381
1 0 3 2 64.01 -21.591 10.531 -2.3064 2.873 8.0368 -4.2225 5.0559 3.4084 1.7495 0.63334 -4.0605 2.5917 1.4325
1 0 3 2 66.186 -19.719 10.02 -4.6772 -0.94968 4.2767 -5.5528 4.8971 -2.5586 0.92339 2.0448 -4.1426 0.90503 -0.3315
1 0 3 2 63.604 -22.517 10.815 -4.4923 -2.7306 7.2723 -7.9102 6.0529 1.3014 -0.69321 2.3786 -0.13725 3.2317 -0.26876
1 0 3 2 62.53 -23.559 10.544 -2.62 -4.627 6.4986 -7.3484 6.1403 1.0831 -4.7068 3.0053 -1.7478 1.1489 1.0865
1 0 3 2 65.922 -16.833 10.187 -4.2227 -3.9375 7.0063 -7.1659 2.2394 1.3843 -3.803 2.3378 -1.0257 -0.598 1.9421
1 0 3 2 64.532 -17.783 9.6412 -1.1608 -3.3616 11.356 -4.8001 5.6316 1.8613 0.64045 3.7235 -3.7878 5.9894 0.74162
1 0 3 2 61.86 -20.637 8.8855 1.1184 1.2435 16.099 1.8092 5.4021 4.0096 -0.021929 1.5363 -2.5211 5.3336 -2.2726
1 0 3 2 62.567 -19.332 7.4398 0.075377 -0.57933 12.921 -1.6159 7.4111 4.0771 0.74233 3.8205 0.2796 6.427 -3.2852
1 0 3 2 63.877 -18.29 7.3046 0.12934 1.8792 11.717 -4.198 3.5514 1.8472 -1.1445 3.6945 -0.58451 5.7438 -0.55701
1 0 3 2 62.066 -20.878 10.124 -0.34413 -0.2308 10.214 -0.9358 6.7256 5.6034 0.91615 4.3239 -0.52466 2.9541 -0.6581
1 0 3 2 61.044 -20.23 7.7658 -1.7895 1.7197 3.4414 -2.95 5.8446 4.7693 0.11627 0.91392 1.5802 1.0422 2.5989
1 0 3 2 62.171 -17.977 8.8993 -2.5532 1.1199 8.6191 -2.7978 3.2315 0.97661 -1.5051 4.4691 -0.84414 4.5641 2.0269
1 0 3 2 62.037 -18.386 8.0583 -3.0766 3.2447 7.1002 -2.2859 2.3841 0.6748 -0.049997 2.6732 0.6057 3.4143 2.6694
1 0 3 2 67.152 -13.043 7.5529 -2.7245 -3.8663 7.0083 -6.6083 3.9718 -0.62528 -0.70008 1.8603 -2.3559 2.6264 -1.606
1 0 3 2 60.207 -23.689 9.4001 -8.0051 5.8117 2.1584 -0.92286 4.4682 2.9671 2.8319 -1.4059 -0.9152 0.63142 3.6862
1 0 3 2 63.999 -19.251 9.6032 -2.2438 1.0275 6.1522 -2.0421 3.615 0.58932 2.9254 -2.3227 -1.7825 0.96342 -3.5165
1 0 3 2 64.969 -20.64 11.845 -5.263 -0.10391 6.5707 -4.5308 3.2617 -0.92299 1.9311 -0.22442 -0.33667 3.5474 1.0069
1 0 3 2 65.36 -18.955 12.234 -5.3654 -2.634 5.4278 -6.5266 5.4191 -3.6268 0.72416 2.2403 -1.805 0.69853 0.18886
1 0 3 2 64.261 -21.89 9.2718 -2.7718 -0.3545 12.471 -2.8056 7.7205 3.9163 -1.782 5.4891 3.1527 1.4147 -0.88076
1 0 3 2 62.216 -22.165 9.2587 0.0030393 -2.8671 9.3192 -6.019 4.868 3.1781 -2.0951 2.5684 -1.5308 -0.1273 3.4085
1 0 3 2 62.682 -19.543 7.7126 1.3899 -1.6198 12.373 -2.5339 8.562 3.5527 -3.5953 6.0246 -0.91173 0.80162 -0.92434
1 0 3 2 60.971 -21.465 10.188 -0.11289 0.15758 10.672 -0.33746 6.8202 5.1889 -2.007 2.789 -1.6374 2.6349 -1.7112
1 0 3 2 65.71 -13.42 8.5441 -4.4269 -2.5788 6.3846 -7.0022 4.5032 -1.3539 -1.0911 2.4761 -2.9161 3.1787 -2.3785
1 0 3 2 65.874 -15.467 10.078 -3.645 -2.2067 4.7272 -1.3793 3.6833 -2.141 4.0999 -1.736 0.15453 2.8905 -0.80383
1 0 3 2 67.387 -12.602 5.8538 -2.1674 -0.6774 2.1607 0.38877 3.3676 -3.9374 5.6914 -2.3856 0.26261 1.2031 -1.5526
1 0 3 2 67.432 -11.9 5.719 -1.9859 -0.27448 2.4093 -1.0515 4.7259 -3.0359 5.7686 -2.5274 0.29247 1.2017 -2.1277
1 0 3 2 67.984 -12.133 4.4539 -1.7915 -0.32697 1.8362 -1.6299 4.6254 -3.129 4.1882 -0.20658 -0.22311 2.0359 -0.73356
1 0 3 2 66.988 -12.476 6.6594 -1.5485 -0.98672 4.49 -1.2965 4.8301 -2.3387 3.9744 -1.5096 0.51096 2.4903 -0.68075
1 0 3 2 67.315 -14.162 7.3807 -3.0442 -0.86138 4.398 -4.2461 6.2107 -2.0778 0.86895 3.2304 -0.69718 2.7399 -1.5813
1 0 3 2 69.415 -20.247 6.1517 -0.88555 -2.7517 0.72609 2.0085 0.91307 -2.8288 3.1749 -1.6869 -0.91771 0.73323 -1.2513
1 0 3 2 63.311 -23.854 10.354 -4.5356 0.9265 6.5122 -1.097 6.0408 0.20462 6.0626 -0.42133 -2.7758 2.7231 -1.8273
1 0 3 2 62.457 -22.863 11.597 -7.0568 -0.41674 9.2663 -4.9494 7.4808 0.62537 2.3064 1.1371 -3.9204 3.2818 2.7651
