0 1 2 3 60.368 -12.71 13.85 -3.7106 2.2678 8.4574 2.526 -1.6546 -2.1743 -4.421 -4.2061 -1.7651 -2.225 0.91445
0 1 2 3 61.673 -12.994 13.393 -0.96774 -2.2753 9.7937 -1.5151 1.8938 -0.17375 -5.5355 -2.2014 0.023771 -3.405 -4.6728
0 1 2 3 63.141 -12.384 12.419 -0.28421 -2.5589 10.773 -2.8774 -1.2081 2.3764 -3.7931 -1.2088 0.27911 -2.2183 -3.7301
0 1 2 3 62.703 -12.053 11.417 4.6556 -4.2068 10.712 -0.58147 -9.1145 -0.00027726 -3.493 -2.7098 2.0393 -1.2314 -2.4795
0 1 2 3 62.915 -9.2941 6.7189 6.9119 -8.3321 14.123 -0.12792 -5.9796 -4.7607 -6.6409 1.2169 0.81659 1.6591 -4.3666
0 1 2 3 65.17 -11.954 9.8371 -2.8016 -0.38422 11.183 0.59813 -4.8403 -6.0217 2.2423 -1.9637 4.8162 -3.9081 -4.602
0 1 2 3 66.442 -12.796 7.4681 3.165 -0.3942 8.1714 5.3646 -3.1448 -11.401 -1.2489 0.80396 4.1494 -3.7874 -3.5364
0 1 2 3 66.599 -11.702 7.913 2.3295 2.4863 8.1124 5.149 -4.1919 -10.631 -3.4467 0.69665 2.8133 -0.15438 -5.9402
0 1 2 3 66.317 -11.397 10.033 -0.28283 3.3311 8.101 0.70699 -4.6914 -4.2169 0.010366 1.5648 4.4665 4.1726 -8.6895
0 1 2 3 66.346 -11.908 10.107 0.70206 1.2853 6.9394 0.20045 -2.924 -9.0735 -2.2865 -1.5395 -0.20958 1.6622 -3.5019
0 1 2 3 66.33 -12.837 10.692 1.9249 1.855 5.2657 -7.4407 2.0731 -6.1836 -0.90775 1.6025 -0.30322 0.7803 -2.7427
0 1 2 3 66.172 -12.401 11.042 3.7255 0.61964 5.9135 -7.947 2.468 -3.6376 1.0132 -0.19808 -3.4231 -0.014116 0.82117
0 1 2 3 67.721 -10.317 9.2957 1.078 -1.8145 6.8541 -6.7797 2.5897 -2.4378 -1.152 -0.99266 -1.4425 -0.57412 -0.33201
0 1 2 3 66.08 -9.2631 9.036 2.8476 -6.3317 8.1491 0.47602 -0.99506 -3.7341 -4.3489 -2.7618 0.63912 -1.0278 -3.4973
0 1 2 3 66.366 -9.9467 14.241 -8.1564 -3.0678 6.287 -0.84368 2.0604 -3.6818 -2.7148 -3.1204 -1.75 1.9138 -4.3261
0 1 2 3 66.143 -10.288 14.555 -7.0972 -2.1753 8.1699 -2.2257 2.4334 -3.7253 -4.7793 -2.8587 -2.2189 -0.075888 -2.9201
0 1 2 3 66.07 -10.41 14.667 -6.7538 -2.4943 8.8869 -2.1922 1.859 -3.2695 -5.4837 -3.0283 -1.9704 -0.55113 -2.7355
0 1 2 3 66.466 -10.934 13.662 -5.1489 -2.8177 8.1233 -1.7963 0.95793 -2.0991 -5.7306 -2.8614 -1.4763 -0.063244 -1.9125
0 1 2 3 66.19 -11.302 13.585 -3.1411 -5.1263 9.6657 -0.76073 -0.018844 -1.5561 -6.9348 -2.9356 -0.081164 -0.27965 -0.22123
0 1 2 3 66.122 -11.042 14.708 -1.3302 -7.7217 8.097 0.39815 1.7012 1.8844 -8.6117 -3.298 1.6753 -0.1444 -1.4877
0 1 2 3 65.08 -9.0429 9.6371 5.4043 -8.0066 8.453 0.67802 -6.778 -3.242 -4.074 2.6597 3.8273 -1.5683 -3.4154
0 1 2 3 64.688 -8.4106 9.81 4.5311 -7.9279 8.1073 1.3435 -6.7623 -1.7227 -4.1505 -2.1831 -0.38752 1.0632 -2.356
0 1 2 3 65.094 -12.813 14.634 2.1544 -2.3645 4.597 -1.4462 -1.0986 -4.5326 -2.4515 -6.6333 5.54 -0.29576 -2.3071
0 1 2 3 65.261 -12.146 11.501 1.2421 -0.77549 5.4811 -3.2243 -2.0701 -4.5808 0.055074 -1.7414 1.5579 -3.2874 0.58447
0 1 2 3 65.619 -12.818 10.973 4.2268 -0.12987 -1.5001 -3.3449 3.4574 -5.1222 0.33647 -2.2828 -0.15674 -1.4198 -3.5552
0 1 2 3 65.237 -13.842 11.041 4.2766 0.64994 1.9604 -0.53204 -1.3522 -6.093 -5.2335 -2.5998 0.018147 2.6046 -3.908
0 1 2 3 65.024 -13.693 11.043 3.7134 0.22445 3.0589 -1.7504 -1.5002 -5.4475 -5.2336 -3.8495 0.11729 1.9079 -2.0528
0 1 2 3 65.781 -13.044 11.123 0.55206 -2.0452 3.1567 -3.4033 2.5601 -7.3532 -1.7009 -1.5245 -2.9662 0.94637 -0.75697
0 1 2 3 65.508 -12.752 10.876 1.1383 -3.4859 4.287 -4.6483 4.7246 -7.0716 -2.7458 -0.94137 -2.3967 0.9363 1.1653
0 1 2 3 64.701 -12.98 12.755 2.1682 -3.6241 6.7992 -3.6576 5.6234 -4.4997 -2.6615 -1.6624 -1.0209 -0.12245 1.3344
0 1 2 3 65.159 -12.488 11.676 1.5362 -3.3462 8.2393 -3.6264 3.4755 -2.7728 -2.5695 -2.5202 -1.2564 -2.6056 0.8371
0 1 2 3 64.282 -13.197 12.369 1.5048 -4.8579 9.493 -3.0221 1.8405 -2.7762 -3.4568 -2.7438 -2.9421 -4.0492 1.0654
0 1 2 3 64.293 -12.456 12.015 2.9176 -6.1908 7.9275 -5.0637 1.3773 -1.2762 -3.7419 -3.583 -2.1919 -2.1346 1.1523
0 1 2 3 64.113 -13.962 14.445 -2.4156 -1.668 6.5228 -0.72385 1.2096 -1.9641 -1.0995 -3.2786 -2.2564 2.1166 -4.5242
0 1 2 3 64.759 -13.254 12.538 -1.4368 -2.3762 9.485 -3.6983 2.2988 2.2776 -5.08 -1.002 -2.2058 -1.7995 -3.8959
0 1 2 3 65.376 -13.131 11.454 -0.98046 -4.4006 10.501 -1.6201 0.15979 2.1773 -4.1888 1.6142 -0.063395 -2.5983 -2.4859
0 1 2 3 64.834 -11.893 7.4833 3.6586 -6.8764 11.504 0.59199 -4.6685 0.18947 -3.0045 -2.3265 2.3129 -0.69901 -3.7398
0 1 2 3 64.408 -11.23 3.9309 4.2579 -6.2065 11.633 0.99733 -2.4841 4.8315 -5.532 0.29481 0.48761 1.6803 -4.5705
0 1 2 3 66.007 -13.94 6.2089 -0.49009 -2.5109 4.2687 2.8469 3.3179 -0.49088 2.3649 -5.3582 -0.94608 -5.411 -2.9035
0 1 2 3 64.391 -14.587 8.5893 -2.3618 -2.5753 9.2036 6.1648 1.1577 1.1485 1.9296 -4.4544 -4.2605 -5.7494 -3.7411
0 1 2 3 68.125 -10.584 5.9568 -2.2726 -1.2657 2.9977 -0.05173 -0.42528 -0.84562 -0.17414 -1.3781 0.084671 0.14518 -1.7273
0 1 2 3 65.313 -14.501 7.8573 -1.0756 -3.0453 5.6028 5.8655 0.22236 -6.962 -0.46855 1.6119 -3.0266 -2.7337 -4.7215
0 1 2 3 65.492 -14.461 8.5393 -1.3528 -2.0497 4.4475 1.504 0.090678 -4.5053 -1.4452 -3.707 -0.39356 2.3131 -4.4087
0 1 2 3 65.803 -14.145 8.521 0.45769 1.5886 4.7104 -1.6912 3.221 -5.1223 -0.31194 -2.4581 -3.9109 1.2729 -2.4648
0 1 2 3 66.769 -12.058 9.1953 -3.1947 -1.2443 6.9345 -3.2948 5.0848 -2.6954 -1.8282 0.60445 -3.9597 -0.44469 -0.2044
0 1 2 3 65.445 -13.409 10.68 -1.5717 -4.0099 8.3277 -2.6471 4.9042 -3.6473 -1.7245 -1.6986 -2.67 -2.2 1.0628
0 1 2 3 64.769 -12.255 8.0993 2.2377 -6.4727 8.1921 -3.4259 3.2981 -2.5203 -3.1327 -3.7231 -0.49872 -1.4877 -2.3993
0 1 2 3 63.622 -12.956 11.54 -6.148 -0.79925 3.83 -3.5139 -0.45038 -5.5651 1.4236 -1.4164 -2.0083 1.4857 -2.5269
0 1 2 3 63.262 -13.363 12.19 -7.3168 -0.56009 4.4795 -2.5653 3.0332 -3.2191 1.3987 0.54591 -4.0423 -0.21451 -3.3144
0 1 2 3 63.184 -13.107 12.058 -2.3124 -3.9192 8.7549 -1.6641 0.075821 1.2821 -1.2828 1.9063 -0.20666 -1.6255 -1.9208
0 1 2 3 63.323 -12.376 10.721 -0.91778 -3.9445 8.2922 -3.0951 -3.3077 2.9327 -2.3348 -2.4886 0.71045 -1.028 -3.6079
0 1 2 3 64.047 -13.205 12.146 -2.0949 -4.9829 7.697 -4.4335 -1.1153 1.7089 -2.7156 -1.5227 -2.1148 1.9916 -1.8641
0 1 2 3 63.428 -11.624 12.708 -2.987 -4.397 7.3356 -4.2315 4.4559 0.65811 -5.7147 -0.533 -4.1509 -0.30432 -0.92377
0 1 2 3 63.479 -12.281 10.678 0.42841 -4.1716 10.802 -6.1684 -2.1647 4.1917 -7.1187 0.75973 -2.1072 -0.54631 -0.31392
0 1 2 3 63.316 -12.736 8.5976 2.4733 -7.7852 10.927 -2.2547 -3.4246 3.0449 -5.1203 -1.0361 0.29026 -1.2865 -0.75159
0 1 2 3 64.146 -15.605 9.6469 2.9202 -2.6926 1.9212 -1.4276 4.1334 -2.2623 0.087714 -3.9948 -1.6356 -3.3352 1.6427
0 1 2 3 64.628 -15.078 9.7873 1.3696 -4.4415 2.4423 5.3771 3.6305 -2.1053 -2.0983 -4.3905 0.64158 -1.0482 0.35393
0 1 2 3 64.75 -14.394 8.4711 1.5218 -3.0639 5.2337 -0.32087 0.36538 -3.7524 -1.5444 -2.7172 0.22222 -1.6007 -1.6935
0 1 2 3 68.227 -10.39 5.8526 -1.4774 -1.168 2.5392 -1.637 0.69302 -0.49062 -0.45465 -0.93684 -0.89304 0.35344 -2.3921
0 1 2 3 65.595 -14.502 8.0091 2.399 -0.35207 1.0384 -1.3867 -1.5885 -3.0067 -2.5961 -2.747 -3.7305 -0.87873 -4.0307
0 1 2 3 64.963 -14.213 9.1864 2.0403 0.64023 -0.92549 -3.2074 1.4757 -3.3103 -4.0922 -4.8768 -2.3725 -0.025845 -3.9041
0 1 2 3 65.443 -14.739 10.123 1.8827 -1.5132 2.0991 -0.56627 5.0945 -4.7764 0.94417 -2.2086 -2.3819 1.5344 -1.9629
0 1 2 3 65.115 -14.584 10.846 0.098057 -1.7686 3.8299 -3.1287 5.5544 -5.2369 -2.3675 -3.4694 -2.4986 3.5714 0.73294
0 1 2 3 64.487 -13.804 10.345 -0.037648 -5.1035 7.4238 -4.0964 5.6288 -2.2328 -0.22614 0.48757 -2.1132 1.4694 1.2553
0 1 2 3 63.231 -10.916 13.156 -7.4612 4.962 3.4627 1.2547 0.062456 -0.30827 -0.14657 -6.9765 -0.75814 1.201 -1.7197
0 1 2 3 64.194 -11.958 13.111 -4.776 0.31356 6.3493 -2.7054 -0.26904 -0.95909 -0.30547 -4.0452 -0.39473 3.2677 -4.5171
0 1 2 3 64.462 -13.242 11.576 -1.5245 -3.6059 8.4872 -1.3364 -1.9722 -0.1714 -2.1885 -0.83729 -2.0277 0.78863 -2.6998
0 1 2 3 63.626 -11.832 10.572 -2.4135 -0.3362 6.8745 -0.56081 2.7417 0.066888 -2.3439 -5.6885 -2.625 0.53093 -5.4454
0 1 2 3 63.855 -11.959 10.937 -0.52244 -3.2202 8.5374 -0.84136 2.3115 0.86613 -4.6835 -2.8248 -5.896 -0.34984 -1.4277
0 1 2 3 64.461 -11.483 9.7224 1.1671 -5.4718 9.5146 -1.2297 3.0037 4.5693 -8.03 -0.19833 -1.7241 -1.6123 -0.93252
0 1 2 3 63.824 -12.136 10.529 2.142 -5.125 12.115 -1.2667 2.8441 6.5482 -6.9836 -0.94134 -0.43145 -1.8585 -1.6883
0 1 2 3 63.822 -11.716 10.014 2.3422 -6.2606 13.706 -0.68005 -0.15765 5.445 -7.5509 -6.5621 0.12784 0.25941 -1.6483
0 1 2 3 63.164 -10.623 5.6048 3.5374 -11.319 8.0929 5.4868 0.35044 4.7966 -4.1194 -2.6623 -0.0061817 0.57831 -1.7898
0 1 2 3 65.048 -15.222 7.4401 0.42427 -6.0115 0.95273 4.265 4.7559 -4.2119 -4.7089 -6.3911 0.33868 -0.72231 -0.10167
0 1 2 3 65.656 -14.275 6.9184 -1.3854 -3.5764 0.85987 1.1532 1.6733 -4.028 -3.704 -6.7974 0.37018 -0.040944 0.68279
0 1 2 3 64.949 -15.195 6.1356 -0.78004 -6.5662 1.6512 1.6047 4.9773 -3.5127 -1.4302 -2.5446 -0.54684 1.5565 2.372
0 1 2 3 65.371 -14.77 6.0168 -0.015996 -5.0771 -1.0039 5.6123 1.7802 -5.7209 -1.8408 -4.9247 -5.6536 0.9323 -2.2428
0 1 2 3 64.796 -14.387 8.5302 -3.8265 -7.2696 2.1629 1.0927 1.8007 -2.9609 -3.6108 1.0342 -2.7377 1.0435 -2.7874
0 1 2 3 65.035 -14.468 8.3778 -4.8462 -5.6119 5.5712 -1.2395 4.8499 -6.0072 -1.5663 -1.3378 -3.416 1.2578 0.82034
0 1 2 3 65.888 -12.777 8.3959 -4.1919 -3.8947 8.1659 -3.3887 4.4414 -3.8128 -3.0432 -0.55856 -0.61598 -0.91676 2.4163
0 1 2 3 65.268 -13.15 7.6936 -3.7433 -5.476 8.937 -4.1887 4.1639 -3.764 -2.2108 -1.0113 -0.41999 -0.82944 1.0062
0 1 2 3 64.086 -11.78 6.9544 2.4079 -9.3509 9.8856 2.1542 3.2954 -1.4833 -3.9207 -1.8713 -2.1283 -1.2742 -0.2148
0 1 2 3 63.8 -9.7107 4.9251 4.0485 -9.1248 7.7907 -0.32262 -0.53261 2.2646 -3.1047 -2.2641 -1.7166 0.67352 -2.7199
0 1 2 3 64.858 -11.134 12.887 -7.2156 -1.1271 4.9779 -0.28267 5.5662 -2.2905 -2.2724 -3.0267 -4.7285 2.5287 -0.39341
0 1 2 3 64.577 -11.32 12.551 -6.4191 -1.6309 4.8039 1.282 4.851 -2.862 1.2846 -5.0051 -6.0437 3.2814 -1.9074
0 1 2 3 64.594 -10.918 12.408 -4.0131 -2.8325 5.7768 -1.1966 4.886 2.2351 -8.2014 -5.3631 -1.6253 2.0639 -0.82032
0 1 2 3 64.5 -11.679 13.193 -3.4364 -2.3862 8.5243 3.3799 4.5459 0.60989 -8.6835 -1.6345 -0.44332 -0.74324 -0.44656
0 1 2 3 64.878 -10.458 11.273 -4.5473 -1.562 8.1535 0.63771 1.0252 -2.6956 -2.7999 -3.5477 0.76578 1.6215 -4.2147
0 1 2 3 64.705 -10.816 12.022 -3.7661 -1.7988 8.6682 1.2624 -0.1415 -5.0089 -4.2906 -3.1639 -0.721 2.0568 -2.1175
0 1 2 3 64.815 -10.624 12.645 -2.7481 -1.7361 10.136 -0.71102 0.55743 -4.6403 -8.2727 -2.7327 -1.2419 4.1294 0.054944
0 1 2 3 65.334 -10.307 12.016 -2.7397 -2.822 10.731 -0.031198 2.6809 -2.6764 -8.1233 -1.2172 -1.8029 1.2939 -1.8895
0 1 2 3 65.435 -10.549 11.109 -2.2426 -4.1141 11.694 0.81488 2.8969 -0.06403 -9.4224 0.038429 -1.4534 -2.3707 -0.83377
0 1 2 3 65.261 -11.045 11.085 -1.3736 -3.9584 11.844 1.0003 2.8476 0.83798 -10.659 -2.0606 -2.0344 -1.8618 -0.27168
0 1 2 3 65.02 -11.015 11.088 -1.2743 -4.8218 14.334 0.43816 -1.2566 2.6521 -9.0581 -4.1155 -1.708 -2.1653 -0.86931
0 1 2 3 64.877 -10.147 10.544 1.5641 -6.1935 14.698 1.8009 -5.6312 3.9714 -7.2038 -4.6096 -0.41614 0.035646 -2.6268
0 1 2 3 64.93 -9.7514 9.8858 3.4194 -8.1676 10.713 4.3622 -5.5794 0.31586 -3.6278 -5.3454 -1.0312 1.6409 -0.4981
0 1 2 3 66.65 -11.662 11.106 3.1462 0.73365 5.7486 -1.7389 1.9583 -3.0174 -0.043411 -3.6198 -0.73651 -4.6033 0.056775
0 1 2 3 65.78 -11.617 13.153 2.1637 -2.0366 4.5767 3.4107 5.1797 -0.54343 -0.27785 -5.9669 -3.8206 -2.6342 -0.31902
0 1 2 3 66.406 -11.679 10.806 5.2985 -0.53191 3.5571 -0.13421 4.2889 -3.3221 -6.5739 -4.9977 -0.56294 -0.88879 -4.8071
0 1 2 3 66.423 -11.325 12.094 4.8434 -0.85545 2.0127 -1.8716 0.27228 -3.4373 0.57398 0.3085 -2.9893 -2.6652 -5.5982
0 1 2 3 66.854 -11.379 12.409 4.9715 -1.1221 1.9284 0.54394 -0.45484 -2.5265 0.14087 -3.0489 -2.6451 -1.3458 -4.7762
0 1 2 3 66.776 -11.492 12.77 1.2912 1.2565 7.8143 -2.7266 2.0002 -5.6393 1.1617 -2.2112 -4.649 -0.12004 -1.2677
0 1 2 3 65.997 -11.38 13.553 4.9945 -2.014 8.225 -4.2239 3.7557 -5.1601 -2.0132 -1.5296 -3.0744 -3.8903 -1.1718
0 1 2 3 65.982 -10.982 13.553 4.8264 -3.4215 8.0539 -3.4134 4.1011 -4.5229 -3.9084 0.63444 -2.255 -3.8274 -0.96501
0 1 2 3 66.28 -12.091 14.029 -1.2519 -1.4722 8.5797 -0.40359 3.8146 0.45857 -7.0424 -4.6601 -4.3438 0.41425 0.53723
0 1 2 3 67.911 -11.093 11.128 -1.721 -0.60065 9.1255 -1.1581 3.1221 2.054 -4.3116 -1.8842 -3.1267 -1.5502 -0.50153
0 1 2 3 66.418 -11.758 12.453 -1.2755 -5.3938 12.242 0.86306 -0.29352 3.2691 -4.5176 -3.8039 -4.0604 -2.2624 -0.84632
0 1 2 3 65.875 -9.7171 8.8622 3.9681 -7.5101 9.513 3.9413 -4.2495 2.1 -2.9929 -8.3007 -2.1806 0.41201 -4.2158
0 1 2 3 65.183 -8.5838 8.3725 4.1969 -7.6302 7.8164 2.6898 -1.2208 1.0925 -6.5341 -4.2435 -3.9172 -1.8707 -1.667
0 1 2 3 66.526 -11.571 10.568 -0.26644 -1.7958 6.7043 2.2579 4.5019 -0.76461 0.1827 -7.6002 1.1686 -1.2769 -4.7067
0 1 2 3 66.244 -12.282 9.9746 2.7122 0.97455 3.1825 4.5409 6.1266 -1.6309 -4.3431 -7.7573 -1.6275 -0.70488 -3.7151
0 1 2 3 66.327 -11.888 10.162 0.74325 1.8466 1.845 2.6711 6.2858 -0.80823 -3.8627 -4.6795 -2.8111 -3.3892 -3.2149
0 1 2 3 66.833 -11.836 9.8505 1.7787 0.76894 0.19035 2.3221 5.4018 2.4588 -2.7826 -3.3176 -2.4713 -2.3924 -5.7241
0 1 2 3 67.19 -11.228 9.6472 0.65686 0.34429 2.4397 2.703 2.9966 2.251 -1.6116 -3.3476 -3.2095 -2.5514 -5.2471
0 1 2 3 66.939 -12.139 10.567 0.66961 0.7469 4.9296 0.058958 6.7658 -3.3701 -0.78208 -4.8613 -4.2261 0.1068 -1.4808
0 1 2 3 66.297 -12.081 12.352 -0.39305 -3.1057 9.1846 0.084607 7.5808 -2.182 -0.35078 -3.0001 -3.5632 -2.1963 -0.14779
0 1 2 3 64.722 -12.443 15.219 -3.2894 -0.36179 8.1853 -0.10909 3.1716 -2.1253 -1.727 -2.8939 -3.3848 0.69281 -3.2886
0 1 2 3 66.011 -11.601 13.091 -2.694 1.0533 7.086 -1.8822 3.8265 -2.4132 -1.2818 -2.3811 -3.2344 0.41184 -3.1343
0 1 2 3 65.543 -13.009 14.822 1.5905 -1.2445 8.9195 0.0276 1.9418 -1.6211 -0.55564 -1.2149 -4.2258 0.222 -3.0172
0 1 2 3 66.294 -13.035 14.499 1.1521 -4.0884 8.3481 1.8011 4.0604 0.20121 -3.3812 1.2073 -4.0328 -3.1845 -2.4724
0 1 2 3 65.794 -11.98 11.941 4.184 -6.5397 11.569 2.264 -1.0939 3.5978 -3.5254 -2.9037 -0.27096 -1.7701 -5.4958
0 1 2 3 65.813 -14.031 9.8157 3.7376 -0.14018 3.8906 0.49947 3.8103 -0.95194 -0.92312 -7.8866 -3.1924 -4.0201 -0.72636
0 1 2 3 65.214 -14.124 11.075 3.1953 0.48985 5.8139 -1.3316 -6.3942 -2.7513 2.6286 -5.103 -0.89059 1.0113 -1.058
0 1 2 3 65.923 -13.803 11.528 -0.48018 0.098796 3.2605 1.3457 2.2336 -4.7423 0.77036 -2.7428 -4.2267 -0.22786 -2.571
0 1 2 3 67.188 -12.078 9.2286 -0.52646 -0.29725 5.903 -3.2254 4.9209 -4.2605 -0.16144 -2.682 -4.1976 -1.4649 -2.0118
0 1 2 3 64.674 -11.786 10.89 3.456 -6.2382 7.4852 -4.2193 3.4668 -1.3478 -2.992 -3.3314 0.028922 -3.6865 -3.1929
0 1 2 3 64.262 -11.744 13.527 -4.7294 0.066503 4.2416 -1.258 4.3816 -3.1983 -1.1901 -3.7324 -3.2344 0.10892 -4.8623
0 1 2 3 64.457 -11.611 12.11 -3.0669 -3.8375 7.5424 -1.1648 2.5261 1.0553 -5.3076 -2.9808 -2.9772 -2.4695 -2.2753
0 1 2 3 64.198 -13.029 14.342 -1.1116 -3.4781 7.2073 0.83767 0.60145 -1.0563 -5.5443 -4.2924 -2.6766 0.10458 -4.2672
0 1 2 3 64.112 -11.529 12.977 -0.8065 -0.31565 4.8962 -0.21402 5.2035 -0.22581 -3.8529 -2.9957 -1.7025 -0.53769 -5.7465
0 1 2 3 64.078 -11.732 12.933 0.31543 0.095333 5.1408 -0.17228 4.7216 -1.3891 -3.8527 -1.6968 -3.1216 -0.64623 -5.8713
0 1 2 3 64.026 -11.104 13.086 -0.43798 -3.0795 7.9996 -4.009 1.6187 2.3284 -6.1264 0.61713 -3.4541 -2.8953 -2.5941
0 1 2 3 64.457 -11.263 11.371 2.0114 -2.4276 11.019 -3.5023 1.863 2.4793 -8.5679 1.1087 -3.5948 -4.7711 -1.3422
0 1 2 3 64.421 -11.146 11.758 2.4344 -7.0351 9.8821 0.24381 -2.3305 5.4395 -7.4973 -3.3289 -2.0621 -3.4568 -0.52049
0 1 2 3 64.418 -9.7559 15.358 -3.6659 5.9715 3.6333 2.9055 1.9531 0.32793 -1.0122 -6.6735 -1.0703 -1.4999 -3.4983
0 1 2 3 64.747 -11.312 14.001 -4.2479 1.3694 4.7423 0.46018 4.9051 0.99496 -0.32506 -0.76319 -4.7677 -1.2731 -6.498
0 1 2 3 64.201 -12.095 14.858 -2.3043 0.16801 5.9834 -1.4744 3.3831 -1.9952 -1.113 -3.7499 -3.7565 -0.07428 -5.2793
0 1 2 3 64.207 -11.556 14.167 -0.91203 -2.3775 7.5344 -2.6613 1.8651 2.2127 -2.6725 -1.2818 -3.2465 -4.9722 -4.9493
0 1 2 3 63.873 -11.028 14.13 3.0123 -3.1264 9.2043 -2.3296 -2.6365 4.3983 -1.9101 -5.4263 -3.5001 -4.3454 -3.1623
0 1 2 3 64.268 -11.688 14.557 -1.3111 3.0651 4.7271 -1.2677 1.107 2.5356 0.24564 -3.1598 -4.8209 -6.885 -6.4568
0 1 2 3 64.598 -14.429 13.053 0.72713 -0.52268 6.6876 -0.08571 4.0771 -0.3657 -0.78353 -3.8392 -3.3866 -6.2222 -4.8982
0 1 2 3 66.095 -14.669 10.929 5.5092 -0.57149 4.4611 2.5032 2.3025 1.6756 -1.3817 -3.0423 -3.0771 -0.28052 -5.5846
0 1 2 3 66.575 -15.063 9.4528 4.3738 -5.0427 7.6576 -2.0219 3.5944 -3.7552 -4.3381 -0.37781 -4.6943 -2.4747 -5.0141
0 1 2 3 66.762 -14.769 9.6522 2.3687 -0.99842 4.3733 -2.4242 3.649 -1.6406 -2.3836 -2.2833 -1.0338 -2.0778 -1.7357
0 1 2 3 66.374 -14.389 10.863 2.8018 -3.4364 6.1734 -1.1749 3.0876 -2.7568 -4.784 -3.28 -1.0301 -1.7697 -0.79267
