1 1 3 3 67.554 -15.61 7.5973 -4.4221 0.90867 0.19463 -0.7188 2.4239 2.5577 1.8929 -2.7193 -0.14495 0.6999 1.2555
1 1 3 3 66.738 -17.351 4.4826 -5.8466 0.78052 2.7638 1.4733 6.7686 3.2662 -0.59329 -1.0452 -2.4518 1.8224 3.0509
1 1 3 3 67.338 -16.727 5.0283 -6.5355 -1.1179 0.39832 -3.1187 6.3426 3.8891 -0.29297 -3.2346 -1.2353 -0.02173 0.5812
1 1 3 3 66.332 -17.121 7.1703 -3.7822 -0.17778 2.9273 -4.3157 4.6358 -0.66092 -3.4359 2.2303 0.78844 0.36074 0.49882
1 1 3 3 66.531 -16.972 5.1681 -7.0662 1.7655 1.6375 -2.6389 6.3081 0.98623 1.3445 1.1865 2.1589 3.7693 -1.253
1 1 3 3 66.704 -16.64 6.2413 -6.427 0.94206 1.3769 -3.9425 5.652 -0.69012 -1.4957 0.096449 -1.6284 0.23972 0.45329
1 1 3 3 65.641 -18.899 5.3689 -5.3498 -0.91906 3.0147 -4.1811 5.2169 1.7964 0.26529 -0.75865 -0.40188 -0.59524 0.59652
1 1 3 3 68.759 -12.834 5.1238 -3.2863 -0.21049 3.1124 -6.6098 6.0334 -0.62475 -0.89682 1.4464 -3.5435 1.9584 -0.59561
1 1 3 3 65.788 -17.923 4.8649 -8.5365 -0.038401 0.19603 -2.5141 4.5715 0.080612 0.5075 -3.839 -1.6734 0.48908 0.55082
1 1 3 3 69.705 -13.556 7.2421 -6.6384 2.9884 0.45595 -3.9018 6.4517 -2.5464 1.3459 -2.6203 -0.34762 1.5001 -0.15586
1 1 3 3 67.203 -17.495 5.7958 -7.2044 0.65008 0.99361 -4.1197 9.3343 0.21631 0.97303 -4.0444 -0.68025 1.9302 -0.82661
1 1 3 3 66.544 -18.045 3.6655 -6.3803 1.3209 2.6224 -2.9301 8.8108 0.68176 -1.9458 -1.7811 -1.4082 -0.055389 2.1322
1 1 3 3 67.98 -16.624 4.7846 -5.7971 3.9986 0.7948 -2.029 3.1696 1.2138 0.18916 -3.2481 0.96635 2.8225 0.56081
1 1 3 3 67.541 -17.949 6.3252 -3.5844 -0.3506 0.23803 -0.45734 5.3279 0.56936 1.4327 -1.857 0.3671 1.16 1.0603
1 1 3 3 69.019 -16.642 6.4603 -3.8591 -2.0914 -0.16426 -2.0674 6.584 3.2072 -0.6616 -1.4118 -2.5279 0.29873 1.969
1 1 3 3 67.395 -16.379 6.8104 -3.9816 0.86789 2.5511 0.01792 5.6175 -1.7543 0.21111 0.48274 -0.54661 1.4002 2.3658
1 1 3 3 68.232 -14.668 6.4927 -4.8591 0.4867 2.1631 -2.2633 1.8832 2.6256 0.13282 0.24233 -1.2698 -0.18756 2.867
1 1 3 3 68.946 -13.755 7.1274 -4.0965 2.6223 5.3207 -2.461 5.7116 4.7039 -2.2049 -0.9444 -2.1095 1.4604 0.99551
1 1 3 3 74.205 -4.5862 13.219 -6.6249 -1.0745 0.77674 -4.4796 2.3943 -6.1325 -1.698 -3.0699 -4.4892 -2.0823 -2.2669
1 1 3 3 76.08 -1.2317 11.483 -8.7781 -4.1077 -0.18521 -6.9955 2.8433 -2.6433 0.78825 -1.2936 -1.9304 2.3505 -1.2039
1 1 3 3 77.329 1.46 7.207 -11.075 -3.4139 2.2118 -9.6638 0.81443 0.89324 2.6533 1.9077 -0.057464 2.1581 -1.3795
1 1 3 3 78.968 0.3066 8.5027 -8.7155 1.4926 2.4548 -6.2087 -1.2948 -4.2855 2.0866 -3.1112 -5.489 -2.683 0.901
1 1 3 3 78.968 0.3066 8.5027 -8.7155 1.4926 2.4548 -6.2087 -1.2948 -4.2855 2.0866 -3.1112 -5.489 -2.683 0.901
1 1 3 3 78.753 2.0251 4.2818 -3.1285 -3.7354 -1.8459 -3.0462 2.6442 -3.423 -3.4111 -1.3997 -5.6167 -0.9447 -2.7403
1 1 3 3 77.766 -0.91507 8.8519 -10.273 -2.838 3.9652 -6.356 2.2048 -1.7575 -1.272 -3.6245 -2.9571 -2.6928 -0.32547
1 1 3 3 76.164 -1.1983 10.465 -10.051 -3.4521 3.9083 -7.2381 1.462 -2.9633 -0.44506 1.5928 -0.40392 -1.1861 -0.18753
1 1 3 3 79.351 1.5329 -1.4834 -13.124 -5.1085 1.5472 -7.0893 -2.0477 -1.3939 -2.1262 -1.361 0.13764 2.1339 0.3186
1 1 3 3 79.984 1.9493 -0.3617 -11.904 -5.3461 0.93689 -8.7818 1.0108 -3.9403 -3.956 -2.4182 -2.0388 1.8339 -0.32033
1 1 3 3 80.973 1.5213 -0.29003 -10.351 -5.4295 0.41812 -9.1857 1.5425 -4.9256 -1.7761 -1.7757 -5.8167 -0.36607 -1.7006
1 1 3 3 80.952 2.6348 -1.1057 -9.6431 -5.3712 0.17457 -8.3532 0.6407 -4.3907 -1.0119 -0.974 -5.4658 -0.15545 -1.1934
1 1 3 3 80.674 3.3409 -1.6635 -10.033 -4.2753 -0.59585 -6.9172 0.20968 -3.7546 -1.2998 0.04689 -4.0107 0.64612 -1.3748
1 1 3 3 80.645 2.1253 -1.8175 -9.3253 -2.4323 -0.88478 -5.8902 0.073522 -3.5689 -2.025 2.3604 0.3997 -1.6611 -2.4352
1 1 3 3 80.623 2.0738 -1.553 -9.058 -2.5138 -0.19273 -5.8904 0.41645 -3.447 -1.7005 2.7472 0.27794 -2.1853 -2.4593
1 1 3 3 79.668 2.1321 -2.6176 -8.9728 -1.5295 0.93809 -4.0636 2.4053 -3.6781 -0.63821 4.9259 -4.2453 0.53847 0.80329
1 1 3 3 80.234 1.7989 -2.0458 -9.0738 -1.5917 -0.85879 -4.6623 0.70552 -3.3699 -0.27115 2.0882 -3.0354 -0.51029 -1.5233
1 1 3 3 80.383 1.7254 -1.9629 -8.9101 -0.76381 -1.2193 -4.7244 0.65614 -2.7552 0.51872 1.7053 -2.365 -0.90479 -1.8041
1 1 3 3 80.854 1.2006 -3.6774 -8.6082 3.4601 -0.32406 -4.2259 2.2083 -2.0559 0.89308 0.51684 -0.62123 -1.3704 -2.1491
1 1 3 3 80.759 1.0331 -3.9489 -8.5767 3.6769 0.10901 -4.151 2.1876 -2.1088 0.41547 0.062358 -0.46578 -1.3552 -2.8124
1 1 3 3 82.06 2.0297 -1.3859 -9.5326 0.9712 0.42661 -1.5579 -3.5335 -8.2504 -3.4992 -2.8877 -1.142 0.39392 2.1817
1 1 3 3 82.128 1.9965 -0.58693 -9.8125 1.8003 -0.066255 -2.3049 -3.263 -8.1303 -3.271 -3.0495 -1.5554 1.1146 1.1471
1 1 3 3 80.935 3.3974 3.4079 -9.9345 1.5983 1.7271 -4.2097 1.3795 -0.43781 1.1867 0.33724 -2.3509 1.7054 0.53032
1 1 3 3 80.734 3.7774 2.7489 -9.9917 1.4609 2.3664 -5.2134 1.047 0.3166 0.91848 0.88631 -2.229 2.0292 1.1025
1 1 3 3 80.734 3.7774 2.7489 -9.9917 1.4609 2.3664 -5.2134 1.047 0.3166 0.91848 0.88631 -2.229 2.0292 1.1025
1 1 3 3 80.347 4.0182 1.8505 -9.9176 1.1271 3.1476 -6.7477 0.2141 -0.39096 0.2641 0.42942 -1.9337 2.2573 1.6438
1 1 3 3 80.146 3.187 2.2412 -10.338 1.1744 2.2883 -7.3941 0.43709 -2.6783 0.24036 -1.4016 -2.5337 1.7926 1.8521
1 1 3 3 78.877 0.32273 6.2343 -11.067 2.0896 2.7115 -9.0669 2.1967 -3.8067 -1.0302 -2.481 -2.6659 -0.45609 -1.1854
1 1 3 3 70.463 -12.076 7.4978 -1.4846 0.95332 3.2793 -3.7047 4.7161 -0.49915 0.1971 -2.3415 -4.0447 3.979 1.2828
1 1 3 3 81.739 1.1632 -0.95167 -3.9778 -2.8475 -5.7909 -2.319 0.13547 -4.2658 -3.0465 -2.8138 -3.0399 -1.6147 -2.8582
1 1 3 3 81.642 1.3437 -0.98127 -3.7197 -2.7829 -5.5931 -2.2926 0.24016 -4.2671 -2.9022 -2.6985 -3.0008 -1.5161 -2.7578
1 1 3 3 75.512 -4.6464 12.49 -4.8886 -0.8345 2.6343 -5.0186 1.2905 -3.0707 -0.61293 -1.16 -2.9437 -1.9866 0.41993
1 1 3 3 69.164 -13.206 6.3952 -3.2879 0.91508 1.9253 -4.0469 5.419 0.12916 0.67417 -3.7517 0.39291 2.0442 -1.817
1 1 3 3 78.11 1.6336 2.3372 -10.546 -2.6827 0.28955 -7.4037 0.96688 -1.0348 1.3718 3.1024 -0.19335 1.2066 -2.836
1 1 3 3 67.437 -16.314 2.4783 -2.5234 -4.9568 4.8283 -5.3727 6.031 3.4228 -0.33009 0.091471 -2.7909 1.3661 -1.0438
1 1 3 3 67.389 -18.243 4.9616 -6.5721 -1.3001 0.13776 -3.6789 8.4962 -1.4395 -1.8263 -0.68614 0.44716 4.3399 1.5589
1 1 3 3 67.181 -17.201 6.8963 -5.8809 0.75179 3.8227 -1.3775 5.1713 -0.59155 -0.84426 1.5601 -0.34092 2.8638 0.63026
1 1 3 3 68.632 -14.596 7.3391 -4.0528 1.7701 3.1051 0.57435 6.6979 3.6775 0.5571 1.2708 1.8782 1.6608 1.4899
1 1 3 3 67.26 -17.141 4.5172 -5.0081 2.6786 4.3871 -3.9479 8.5843 -0.15688 -1.1722 0.29656 1.7158 1.3819 -2.2684
1 1 3 3 66.951 -16.982 4.1573 -5.1743 -0.13348 2.8218 -3.3841 3.6965 1.6835 -1.7246 -2.6807 2.5197 0.77825 1.0404
1 1 3 3 67.976 -14.092 9.5483 -3.8732 2.5227 3.3076 -2.3673 4.6756 0.36459 -2.047 0.4562 -2.2224 0.25223 1.5782
1 1 3 3 69.941 -13.11 7.3513 -5.812 1.5371 0.43343 -4.4574 4.0379 -0.49047 -0.99245 -0.78992 2.2988 1.1003 -0.15887
1 1 3 3 68.448 -16.768 4.1601 -5.6148 4.4719 4.0517 -3.5238 3.8959 -2.3102 -0.42026 -0.13318 -0.81385 1.9956 0.55818
1 1 3 3 68.613 -14.719 6.3573 -3.0426 2.8861 3.8822 -4.4724 8.2473 -1.2782 -1.4638 -2.2274 2.0704 2.3764 -1.2526
1 1 3 3 68.563 -15.957 2.287 -4.0217 0.21922 5.2106 -3.5866 5.03 0.95622 -2.4123 1.9231 -2.4059 1.5895 -1.8103
1 1 3 3 69.079 -13.8 10.698 -1.7588 3.946 4.8662 -3.5546 4.161 0.22679 -2.8895 -3.1236 -2.954 -0.26616 -3.8777
1 1 3 3 67.68 -18.123 6.0021 -5.5548 0.97239 7.3691 -3.9156 8.7639 1.0638 -4.4109 -2.3385 -1.8114 5.196 3.1111
1 1 3 3 67.676 -15.897 7.4537 -1.4048 2.2872 5.976 0.59048 5.9362 3.9963 0.070235 0.29141 -0.95476 0.37589 3.1848
1 1 3 3 67.362 -16.74 5.0521 -5.2745 0.92268 1.1114 -2.6934 4.3002 0.001775 0.39369 -2.4626 0.19175 1.7617 -0.67742
1 1 3 3 66.948 -15.894 6.7265 -2.7938 1.3101 3.1413 -2.9953 2.8586 -0.15575 -0.36099 0.36009 -1.0965 1.452 0.42497
1 1 3 3 68.657 -14.361 7.4323 -5.3781 0.7227 1.0432 0.99872 3.9358 0.22903 -0.19671 -3.0015 1.9778 -0.36809 1.747
1 1 3 3 67.822 -16.394 7.4979 -5.3333 4.5404 2.8838 0.48629 6.141 4.7596 2.3179 -2.7749 1.5329 -2.0871 -1.2482
1 1 3 3 69.645 -13.631 5.6908 -4.8365 1.7779 0.55793 -0.51773 2.8763 0.54642 2.3009 -5.4053 -3.7083 -2.4485 -2.0938
1 1 3 3 69.624 -14.252 6.1008 -3.5942 3.9509 2.3672 1.9761 0.64964 -3.5222 -0.4341 1.4425 1.9278 -2.6262 -0.58678
1 1 3 3 68.841 -12.9 10.401 -0.68875 4.1556 2.5925 -5.5882 2.3467 -2.3382 3.83 -0.64398 -4.0315 0.10731 3.1397
1 1 3 3 69.373 -12.353 9.2308 -4.5933 4.8229 4.0341 2.4269 7.3559 -3.7676 -0.19535 -4.5376 1.1212 0.42576 0.074367
1 1 3 3 70.656 -10.57 9.7813 0.31803 3.0793 5.1254 1.3459 0.71236 -1.4143 -0.5667 -1.491 -2.4937 -0.33505 -0.58614
1 1 3 3 69.686 -13.738 7.126 -4.0954 1.3273 3.4473 1.765 0.1235 -0.56903 2.5851 0.78927 -0.050248 -0.13158 1.1207
1 1 3 3 69.567 -13.311 6.0096 -4.0757 2.6291 4.7738 -1.5705 2.2828 1.8203 1.9446 -0.48089 -1.9092 0.6498 1.3446
1 1 3 3 68.38 -14.872 6.4131 -2.8593 3.7339 6.7204 0.74583 4.6384 2.1002 1.6057 -0.53303 -0.3655 1.0302 0.15654
1 1 3 3 69.198 -14.019 7.7674 -1.2742 3.5959 2.4959 -0.047421 5.1804 2.5821 -1.1747 -1.2821 1.0485 0.55271 -2.1673
1 1 3 3 69.271 -14.464 8.827 -1.279 1.9911 1.9205 0.20752 6.9201 -0.42997 1.9626 -2.6746 -0.85799 -0.4063 1.1278
1 1 3 3 69.108 -14.989 9.5519 -0.12893 2.2038 2.408 0.022806 8.32 0.77296 0.51583 -4.9681 -2.3318 -0.55856 0.81641
1 1 3 3 69.533 -13.401 8.3149 -0.70908 0.33041 3.3711 -0.29328 5.428 0.97804 0.92498 -2.0558 -1.777 -0.17086 1.4409
1 1 3 3 68.702 -12.941 10.429 -0.83926 3.0774 -0.6603 -5.4712 2.0396 -5.7711 -2.6609 -0.76235 3.3515 2.4228 0.28661
1 1 3 3 70.93 -11.02 10.259 -6.5986 -4.5223 -2.2454 -8.0998 4.0058 -1.7425 -3.7148 0.2868 -1.8694 -3.1685 -1.395
1 1 3 3 68.745 -14.632 10.938 1.148 -1.6949 3.1599 -3.7055 7.3275 0.15991 -4.8353 -0.40414 0.8783 0.043463 0.54275
1 1 3 3 71.536 -8.8835 11.013 -5.8514 -3.4428 -1.1273 -3.8431 4.4097 0.11014 -2.4895 -0.043805 -1.6789 -1.6457 -0.42956
1 1 3 3 73.583 -5.9081 11.057 -5.0387 -5.9635 -0.289 -4.3775 -0.1234 -2.4715 -3.6741 -2.7149 1.671 -3.0613 0.9909
1 1 3 3 77.037 -0.77874 10.34 -11.202 -2.0511 2.286 -4.8981 1.7377 -2.2526 -3.246 -6.7531 -1.5445 2.4633 -0.92387
1 1 3 3 72.529 -7.7053 11.772 -2.6417 -2.9574 -1.8267 -9.5305 -0.514 -0.21189 -1.4242 -0.39666 -3.6924 0.33002 -0.43856
1 1 3 3 76.863 -1.8377 8.1242 -11.864 -2.4754 3.1168 -8.573 0.19308 -1.8883 -3.8999 1.4733 0.61908 0.22005 1.2794
1 1 3 3 75.383 -3.4724 12.117 -9.5153 -5.5687 2.5546 -7.5389 -1.0889 -2.8307 -1.3015 -1.2637 -1.6927 -0.71211 -0.80028
1 1 3 3 76.526 -1.9488 9.6714 -8.0832 -3.295 0.15938 -9.0117 -1.3956 -1.9033 -1.4424 -0.14084 0.69456 0.12024 -0.063302
1 1 3 3 76.273 -2.374 8.9409 -8.1762 -2.3792 2.2801 -7.4737 -0.10863 -6.9227 -3.412 1.9972 -3.7424 0.8023 0.36614
1 1 3 3 77.575 1.4154 6.2719 -9.9393 -4.5542 0.94075 -10.999 -6.1464 -5.3152 -4.5013 -1.5019 -6.3447 -3.1676 1.2232
1 1 3 3 76.874 1.3136 9.8615 -7.8731 -1.6656 2.1302 -8.1246 -6.1922 -7.0268 -2.0471 0.19437 -2.4934 -0.71151 -1.7908
1 1 3 3 75.879 -2.109 10.316 -8.1074 -1.8692 1.0911 -9.5126 -4.4376 -2.787 -3.5825 0.97357 -0.9524 -0.89154 0.25734
1 1 3 3 80.612 0.75654 2.9831 -8.4748 -2.2811 -0.90869 -4.1553 -2.6023 -7.2266 -1.8385 -2.5624 -2.2694 -3.9312 1.316
1 1 3 3 84.596 4.1382 -4.2094 -5.9294 1.872 -4.324 -5.7022 -4.1587 -7.0777 -3.1293 -0.84741 -6.2504 -4.3956 0.866
1 1 3 3 84.596 4.1382 -4.2094 -5.9294 1.872 -4.324 -5.7022 -4.1587 -7.0777 -3.1293 -0.84741 -6.2504 -4.3956 0.866
1 1 3 3 84.71 3.9378 -4.2817 -6.1725 1.6598 -4.5352 -5.2858 -4.1855 -7.3284 -3.4567 -1.0028 -5.5031 -3.9907 0.88935
1 1 3 3 84.71 3.9378 -4.2817 -6.1725 1.6598 -4.5352 -5.2858 -4.1855 -7.3284 -3.4567 -1.0028 -5.5031 -3.9907 0.88935
1 1 3 3 83.871 2.3544 -2.7946 -8.067 -1.8534 -5.4873 -3.8866 -4.1619 -7.3843 -4.8625 -1.0762 -1.8084 -1.4775 -0.60521
1 1 3 3 83.417 2.2196 -2.2691 -7.324 -3.427 -5.876 -3.125 -3.7105 -7.0951 -5.7266 -0.93603 -0.098898 -0.54947 -1.9835
1 1 3 3 83.429 2.99 -2.2363 -6.4149 -4.0262 -5.7251 -4.0265 -3.5169 -6.9136 -6.045 0.095165 0.53874 -0.83156 -2.224
1 1 3 3 83.429 2.99 -2.2363 -6.4149 -4.0262 -5.7251 -4.0265 -3.5169 -6.9136 -6.045 0.095165 0.53874 -0.83156 -2.224
1 1 3 3 83.141 3.5913 -2.2424 -6.6319 -4.0748 -5.4538 -5.4314 -3.8821 -6.124 -5.7614 1.0665 0.54029 -1.3619 -2.2847
1 1 3 3 82.648 3.1952 -1.525 -10.634 -1.1506 -4.8469 -8.6801 -5.6187 -7.5301 -2.0327 -0.75138 0.070531 -3.0715 -2.7496
1 1 3 3 82.791 3.3113 -1.2894 -10.477 -0.83012 -5.5309 -8.3786 -4.9251 -8.7391 -0.74903 0.24494 -0.91571 -2.5311 -2.2253
1 1 3 3 82.684 3.4741 -1.0122 -10.256 -0.86544 -5.621 -8.2876 -4.726 -9.2867 -0.72858 0.83321 -1.51 -2.2114 -1.5509
1 1 3 3 77.824 1.2668 9.0879 -10.39 -3.9145 -3.14 -5.4951 -2.7977 -5.487 -4.4387 -3.1214 -2.2404 -2.0485 -0.93199
1 1 3 3 78.19 1.4324 6.6643 -10.633 -2.1258 -2.3166 -10.565 0.53232 -4.7204 -6.3473 -2.4168 -2.3162 0.31124 1.4765
1 1 3 3 76.69 1.3944 7.4088 -8.2461 -4.6961 -2.5057 -10.369 -4.6798 -5.2575 -5.2205 -2.7749 -3.9997 -0.14381 -0.80298
1 1 3 3 79.72 2.3349 4.5788 -12.118 -2.6687 -0.97432 -8.1407 -0.081667 -8.3662 -7.7573 -3.0922 -3.2969 3.4106 2.0017
1 1 3 3 79.745 2.4454 4.3541 -12.138 -2.5655 -1.2656 -7.7439 -0.36388 -8.5719 -7.5594 -3.3886 -2.818 3.8615 2.0633
1 1 3 3 79.515 2.6011 4.2727 -12.51 -2.3627 -1.407 -7.8748 -0.71959 -8.8774 -7.3586 -3.5598 -2.3608 4.0291 1.9778
1 1 3 3 80.665 2.8728 6.1291 -10.185 -4.0286 -3.0019 -6.2207 -1.0988 -9.0869 -3.1496 0.45753 -1.3114 -1.9316 -0.32903
1 1 3 3 80.669 2.9844 5.9729 -10.426 -3.9413 -2.8262 -5.9027 -1.4685 -8.4467 -2.83 -0.36377 -0.83927 -1.9252 -0.88733
1 1 3 3 80.004 2.7217 5.874 -10.944 -4.1043 -2.794 -6.1316 -2.2401 -7.0139 -3.7062 -1.4411 -0.57601 -2.0332 -1.5204
1 1 3 3 79.541 2.156 5.868 -11.448 -3.7938 -3.0935 -5.8782 -2.7031 -6.633 -4.6391 -1.2472 -1.3056 -1.3421 -0.67799
1 1 3 3 79.817 1.7595 5.5246 -9.8583 -1.8063 -2.6277 -5.7746 -0.38937 -6.6526 -6.3805 -0.63105 -2.4757 -0.93995 -0.11331
1 1 3 3 78.865 2.0032 4.8833 -8.1044 -4.6341 -3.4827 -9.2812 -0.038628 -4.6127 -3.7961 0.10564 0.68621 -0.56154 -2.7395
1 1 3 3 78.245 2.2532 9.0511 -6.974 -4.8224 -1.0517 -9.9501 -2.7619 -4.5969 -4.3719 -2.5011 0.34602 1.248 1.5243
1 1 3 3 78.112 1.9468 9.077 -7.4088 -4.802 -5.6657 -7.8387 -3.0201 -5.139 -4.7885 -3.0055 -2.5937 -1.6195 -1.3796
1 1 3 3 77.614 2.0786 9.0688 -7.9583 -5.0098 -3.4669 -8.12 -1.4397 -3.7701 -6.1372 -4.1318 -3.288 -2.829 -1.721
1 1 3 3 76.216 0.094617 12.001 -8.4853 -5.6112 -3.9426 -5.1673 -0.52463 -4.2777 -3.104 -5.4011 -2.3708 -2.0063 0.97541
1 1 3 3 77.69 -0.15859 6.3676 -7.8511 1.3314 -3.2272 0.4517 -3.7544 -5.6194 -2.3883 -4.3086 -2.0752 -3.541 1.3482
1 1 3 3 77.17 1.5269 9.6271 -8.6492 -7.0845 -1.3093 -8.0969 -2.8465 -5.3226 -4.4883 -5.8917 -5.0988 -0.8619 0.39887
1 1 3 3 73.597 -6.3131 13.974 -3.7918 -2.3696 -3.376 -4.0123 -2.8852 -3.3238 0.2877 -5.4324 -4.7325 0.43514 1.084
1 1 3 3 77.999 -2.2201 10.004 -10.436 -0.7104 -1.5407 -5.3466 0.46927 -5.3735 -2.4533 -5.4687 1.0889 -1.1267 -2.0002
1 1 3 3 81.744 -0.17724 2.2601 -5.0567 -5.1142 -3.7087 -2.6334 -6.8128 -8.1717 -2.4589 -0.41444 -1.4756 -0.66932 -0.10585
1 1 3 3 81.753 0.050938 2.1722 -4.533 -4.3809 -3.2708 -2.4872 -6.3639 -8.1904 -2.5818 -0.72435 -1.0955 0.15838 0.15689
1 1 3 3 81.657 0.35814 2.0283 -4.0093 -3.8165 -2.6505 -2.5056 -5.7067 -7.8463 -2.8127 -1.0782 -0.90025 0.6585 0.28418
1 1 3 3 79.256 0.29977 6.7039 -8.5464 -2.0245 -0.19857 -5.1171 -1.6482 -3.7635 -0.9327 -2.5005 0.25565 -1.2122 0.33531
1 1 3 3 84.181 -0.99049 -5.3442 -2.9986 0.1823 -5.8916 -1.2909 -2.7564 -2.5213 -2.8803 -7.3309 -0.1873 -2.1722 -1.029
1 1 3 3 86.604 0.866 -9.2456 -1.186 -1.6588 -4.2004 -1.1818 -4.471 -1.0581 -3.5661 -7.0194 1.5858 -2.244 -0.64585
1 1 3 3 86.627 1.06 -9.7369 -0.91994 -2.3609 -3.6048 -1.6837 -4.4926 -1.6247 -3.5228 -6.7573 1.763 -2.0783 -0.7925
1 1 3 3 86.627 1.06 -9.7369 -0.91994 -2.3609 -3.6048 -1.6837 -4.4926 -1.6247 -3.5228 -6.7573 1.763 -2.0783 -0.7925
1 1 3 3 86.627 1.06 -9.7369 -0.91994 -2.3609 -3.6048 -1.6837 -4.4926 -1.6247 -3.5228 -6.7573 1.763 -2.0783 -0.7925
1 1 3 3 86.627 1.06 -9.7369 -0.91994 -2.3609 -3.6048 -1.6837 -4.4926 -1.6247 -3.5228 -6.7573 1.763 -2.0783 -0.7925
1 1 3 3 85.626 0.10004 -6.4603 -1.3854 -3.9356 -3.0424 -3.8011 -3.8573 -6.4295 -3.8018 -6.7456 -1.0364 -3.9429 -0.79193
1 1 3 3 85.228 0.054984 -5.3419 -1.402 -3.643 -3.0522 -3.475 -3.4147 -6.6399 -3.989 -6.9093 -1.4466 -3.9463 -0.59507
1 1 3 3 78.998 1.7436 7.0817 -5.7051 -4.5399 -3.549 -5.9978 -1.1352 -8.8354 -1.3369 -2.2874 -0.50191 -1.1835 0.59897
1 1 3 3 82.066 2.3572 -0.86003 -6.7033 -3.347 -4.0569 -3.5063 -0.18113 -8.145 -0.6989 -0.58915 0.32842 -1.4612 1.4993
1 1 3 3 82.066 2.3572 -0.86003 -6.7033 -3.347 -4.0569 -3.5063 -0.18113 -8.145 -0.6989 -0.58915 0.32842 -1.4612 1.4993
1 1 3 3 78.064 2.2309 7.1049 -5.5172 -1.7909 1.3266 -7.366 -5.2112 -7.5457 -0.072457 -0.51512 -0.32015 -1.2821 -0.087145
1 1 3 3 82.585 -0.64471 -1.0742 -7.3726 -1.2068 -0.21341 -5.558 -4.3673 -5.5736 -1.6804 -3.6964 -0.53169 0.4104 -2.9021
1 1 3 3 82.687 -0.15543 -0.93833 -7.6194 -0.36264 -0.36873 -5.4014 -3.9563 -5.725 -1.9456 -3.7632 -0.51907 0.19216 -2.9858
1 1 3 3 82.557 0.40979 -0.64196 -7.8264 0.53113 -0.48819 -5.2242 -3.6026 -5.7478 -2.1551 -3.6856 -0.4091 -0.016321 -2.8923
1 1 3 3 77.368 -1.3517 8.1467 -9.5387 -5.4005 -3.0438 -4.9974 -4.902 -5.3449 -2.5888 -0.61961 -0.02495 -3.5863 -2.1311
1 1 3 3 81.21 0.6949 -2.4045 -3.0076 -5.656 -3.5453 -3.6502 -2.7474 -5.0287 -9.9732 -9.3754 1.9963 4.3314 1.0943
1 1 3 3 81.21 0.6949 -2.4045 -3.0076 -5.656 -3.5453 -3.6502 -2.7474 -5.0287 -9.9732 -9.3754 1.9963 4.3314 1.0943
1 1 3 3 79.208 -0.57405 3.0393 -7.6426 -3.7309 -5.849 -1.7677 -0.0069081 -6.2497 -5.5557 -2.7955 2.2609 1.1829 -0.67496
1 1 3 3 82.292 1.7464 0.9916 -5.5378 -4.5501 -1.1009 -0.20843 -7.5113 -9.7105 -1.9126 0.3464 2.8569 -0.38887 -2.8458
1 1 3 3 82.606 1.5621 1.2574 -5.8035 -3.9047 -1.03 -0.032452 -6.4795 -9.7125 -1.5936 -0.19556 2.8742 -0.55533 -2.5343
1 1 3 3 82.606 1.5621 1.2574 -5.8035 -3.9047 -1.03 -0.032452 -6.4795 -9.7125 -1.5936 -0.19556 2.8742 -0.55533 -2.5343
1 1 3 3 82.472 1.1529 1.9951 -6.3224 -2.4581 -1.0936 0.074104 -4.1403 -9.3983 -1.2417 -0.71303 2.4995 -0.46053 -2.1252
1 1 3 3 79.922 1.3012 3.9868 -7.2453 -2.6316 -3.0097 -1.5987 -1.2771 -8.4942 -1.9495 0.4854 1.2921 -1.4404 -2.517
1 1 3 3 77.294 -1.8494 6.6595 -3.9113 -5.535 -6.1876 0.88116 -0.92954 -8.1714 -4.257 -2.5589 3.23 -1.8087 0.42482
1 1 3 3 80.382 1.2872 3.2168 -9.0615 -8.473 -4.12 -2.8603 -0.20252 -5.0523 -2.4528 -0.10608 -0.88366 0.80503 0.44165
1 1 3 3 80.382 1.2872 3.2168 -9.0615 -8.473 -4.12 -2.8603 -0.20252 -5.0523 -2.4528 -0.10608 -0.88366 0.80503 0.44165
1 1 3 3 82.163 2.5049 -1.9016 -5.352 -7.3814 -8.3067 -4.9185 2.0793 -5.4815 -7.9713 -4.4746 -1.7266 -1.4086 0.51754
1 1 3 3 81.669 3.7132 -0.92159 -6.6194 -6.1196 -7.8407 -7.6607 -0.79826 -4.6254 -5.6713 -2.6083 -3.3914 -3.1125 0.20514
1 1 3 3 82.827 3.4713 -1.8045 -8.2105 -5.8335 -10.159 -5.922 0.20909 -4.8181 -4.0934 -3.4205 -0.75909 2.233 5.023
1 1 3 3 83.897 4.4642 -3.3897 -8.4482 -4.5961 -6.9835 -6.7126 -2.6914 -5.0499 -2.11 -1.0669 -0.22237 0.014874 3.4195
1 1 3 3 84.099 4.4501 -3.2024 -8.5362 -4.2206 -6.2936 -6.6451 -3.2803 -5.1033 -2.507 -0.85238 -1.2451 -0.91053 3.1189
1 1 3 3 84.161 4.3262 -2.8092 -8.7531 -3.8923 -5.7713 -6.5255 -3.5966 -5.0994 -2.8141 -0.82915 -2.2436 -1.9985 2.8384
1 1 3 3 82.308 4.0181 0.029508 -9.7512 -2.8224 -5.5461 -5.438 0.1822 -4.2641 -5.8463 -6.659 -0.33582 0.8519 -1.0714
1 1 3 3 82.423 3.7814 0.39304 -9.9357 -2.2072 -6.0022 -4.8846 -0.54642 -4.2185 -5.8107 -6.8373 -0.51896 0.33714 -1.0617
1 1 3 3 82.618 1.5995 0.62577 -7.1702 -2.6571 -8.1742 -3.9026 -6.1581 -5.9212 -1.9674 -3.294 -2.4311 -2.4004 -1.3066
1 1 3 3 82.877 1.2823 -1.0251 -5.9472 -4.4208 -7.8522 -4.4235 -7.1838 -7.4419 -2.4368 -1.563 -2.516 -2.4972 -2.3866
1 1 3 3 82.877 1.2823 -1.0251 -5.9472 -4.4208 -7.8522 -4.4235 -7.1838 -7.4419 -2.4368 -1.563 -2.516 -2.4972 -2.3866
1 1 3 3 81.64 2.081 3.3824 -10.293 -6.1045 -6.8039 -4.2643 -6.2298 -7.6679 -4.1915 -0.87097 -1.0323 1.5969 1.3014
1 1 3 3 81.64 2.081 3.3824 -10.293 -6.1045 -6.8039 -4.2643 -6.2298 -7.6679 -4.1915 -0.87097 -1.0323 1.5969 1.3014
1 1 3 3 80.421 1.9809 5.2741 -8.1924 -5.9768 1.4337 -1.382 -3.8648 -5.8227 -2.1891 -3.9194 -4.2053 -3.6466 -2.4465
1 1 3 3 80.478 1.8496 5.9922 -8.729 -5.0365 1.8858 -1.8773 -3.4113 -7.1951 -3.3536 -3.9098 -3.1512 -3.7611 -3.1775
1 1 3 3 80.478 1.8496 5.9922 -8.729 -5.0365 1.8858 -1.8773 -3.4113 -7.1951 -3.3536 -3.9098 -3.1512 -3.7611 -3.1775
1 1 3 3 80.224 1.7327 6.414 -9.011 -4.7072 1.9088 -2.2774 -3.2114 -7.7101 -4.0714 -3.6312 -2.5405 -3.6006 -3.1945
1 1 3 3 77.032 -0.76853 9.7349 -6.1723 -5.6365 -5.9806 -6.2406 -2.7188 -6.102 -1.4154 -1.1984 0.56192 0.66429 -0.64568
1 1 3 3 78.854 -0.55286 0.86582 -11.157 -6.6866 -2.3329 -4.328 -4.3588 -8.1186 -4.1909 -0.78715 3.0064 2.738 -3.3699
1 1 3 3 78.931 -0.43432 0.85644 -11.04 -6.6471 -2.148 -4.5081 -4.5511 -8.3335 -3.7909 -0.31663 3.1179 2.1264 -3.5544
1 1 3 3 78.89 -0.29071 1.2315 -10.723 -6.6439 -1.8448 -4.7754 -4.7565 -8.4257 -3.2895 0.21889 3.2695 1.6659 -3.4748
1 1 3 3 78.81 0.12416 8.5768 -10.19 -7.1863 -1.6885 -7.4615 -4.7335 -4.8553 -2.3704 -0.095727 -1.6111 -1.8836 -3.0954
1 1 3 3 78.834 0.12609 9.1317 -9.7932 -7.0997 -1.5326 -6.7656 -4.3165 -4.5279 -1.7557 -0.38802 -1.6355 -1.9378 -3.0238
1 1 3 3 76.769 -3.7079 10.345 -6.7161 -9.0795 -7.034 -5.7991 0.33765 -3.4224 -4.3805 -3.8331 -1.8292 -1.2174 -1.6275
1 1 3 3 76.877 -1.1747 9.1029 -8.4458 -5.1765 -1.4897 -7.3865 -6.1262 -4.5696 1.3651 -3.2462 -0.78527 -2.563 -2.5913
1 1 3 3 80.752 2.94 3.0006 -9.7844 1.1872 1.3768 -7.5744 -5.2219 -2.4566 -0.70755 -1.924 0.11698 -4.2715 -3.496
1 1 3 3 80.898 2.8168 3.283 -9.6713 1.5263 1.7703 -7.0877 -5.0459 -2.4073 -0.5379 -2.1469 0.34469 -4.3331 -3.5636
1 1 3 3 81.258 1.504 3.4608 -13.216 -3.1002 -2.9941 -7.594 -7.1355 -8.526 -2.2805 -2.6392 -0.35659 0.27572 -1.1537
1 1 3 3 81.444 1.9225 3.5048 -12.989 -3.0394 -3.42 -6.7638 -6.7954 -8.6716 -3.1642 -3.4045 -0.3185 -0.12454 -0.59459
1 1 3 3 80.914 3.2265 4.4568 -11.674 -6.3924 -2.5252 -3.4915 -2.094 -9.4075 -8.1022 -4.2778 -0.084302 -0.88819 0.70218
1 1 3 3 80.914 3.2265 4.4568 -11.674 -6.3924 -2.5252 -3.4915 -2.094 -9.4075 -8.1022 -4.2778 -0.084302 -0.88819 0.70218
1 1 3 3 77.734 -1.5523 8.9977 -8.8484 -8.6812 1.0549 -1.3133 2.1206 -10.001 -8.6132 -3.0711 -1.9958 -1.6986 -1.0756
1 1 3 3 75.165 -5.4943 10.826 -3.0476 -2.8218 4.0105 -1.5426 -3.781 -10.755 -2.968 0.044189 0.27372 0.25177 0.42687
1 1 3 3 82.391 2.1597 2.9807 -5.9439 -2.0622 -3.1268 -3.2796 1.0876 -3.4677 -1.4648 1.5808 0.70059 -2.6316 -1.9706
1 1 3 3 82.391 2.1597 2.9807 -5.9439 -2.0622 -3.1268 -3.2796 1.0876 -3.4677 -1.4648 1.5808 0.70059 -2.6316 -1.9706
1 1 3 3 82.757 1.4685 1.9169 -6.0682 -0.95645 -2.8555 -4.3298 -0.24212 -2.7492 -0.69372 1.7773 0.73083 -3.0876 -1.1892
1 1 3 3 82.718 1.0684 1.3788 -6.1205 -0.30401 -2.6445 -4.9521 -0.78818 -2.4949 -0.26062 1.1829 0.45517 -3.1666 -1.0005
1 1 3 3 82.274 0.37743 -0.092394 -5.3293 1.8189 -1.4844 -5.6144 -1.5427 -2.3132 0.16671 -1.7161 -1.4194 -2.5678 -0.54013
1 1 3 3 78.367 0.29665 10.088 -7.34 -10.003 -0.68112 -0.75827 2.6482 2.0149 2.9269 0.65472 -3.3559 -3.1617 -1.8311
1 1 3 3 77.098 -1.5984 12.356 -5.5663 -8.5576 -1.7883 -0.8326 1.8512 -0.42521 3.0864 -0.061336 -1.9977 -3.8055 -0.091059
1 1 3 3 73.696 -7.6176 12.702 3.9125 -1.306 0.97626 -4.1175 0.679 -3.4374 -2.3804 -2.4017 0.45977 0.69692 -2.7912
1 1 3 3 80.37 0.84269 3.0967 -9.0119 -4.3932 0.84044 -6.1017 2.5668 -1.5133 -1.2194 1.1794 1.1429 0.80016 0.35444
1 1 3 3 82.23 2.7317 -0.20558 -9.5817 -3.4399 0.11503 -5.4436 4.6648 -0.86115 -2.3418 1.7769 1.5815 1.9674 -0.36403
1 1 3 3 82.181 2.9162 -0.4519 -9.3976 -3.3875 0.30168 -5.1064 4.4573 -0.91976 -2.8465 1.5252 1.6421 2.0073 -0.29383
1 1 3 3 77.641 -1.0783 10.622 -6.1114 -5.2701 0.7824 0.46047 3.0122 -3.4094 0.071415 -2.739 2.004 1.4508 -3.3964
1 1 3 3 76.371 -4.0779 13.726 1.4373 -1.7957 -1.3387 -4.2395 -1.2815 -5.786 -2.1363 -2.4847 -2.7798 -2.8001 -3.2365
1 1 3 3 80.182 1.8591 6.5123 -7.846 -4.101 1.6708 -2.0825 -2.9502 -4.6121 -4.3853 -6.2783 -2.9671 0.32621 -0.84597
1 1 3 3 80.431 1.4203 5.6133 -8.5945 -2.9918 1.1328 -2.8923 -0.57785 -4.9893 -6.3479 -5.1671 -1.9293 -0.72414 -0.0001108
1 1 3 3 80.786 1.4458 2.4092 -8.322 -0.67642 0.23822 -3.1133 2.7239 -3.9668 -6.8793 -2.758 -1.5631 0.045241 2.0069
1 1 3 3 84.2 4.0113 -2.9847 -6.2369 -3.7804 -0.17379 -9.4765 -5.3409 -0.14578 0.56127 -1.611 -1.8893 4.5106 -1.3061
1 1 3 3 84.794 5.1315 -4.2014 -5.0307 -3.0819 -0.57973 -8.2256 -5.5691 -0.70738 1.5089 -1.2721 0.066043 5.7288 -0.72176
1 1 3 3 84.794 5.1315 -4.2014 -5.0307 -3.0819 -0.57973 -8.2256 -5.5691 -0.70738 1.5089 -1.2721 0.066043 5.7288 -0.72176
1 1 3 3 84.794 5.1315 -4.2014 -5.0307 -3.0819 -0.57973 -8.2256 -5.5691 -0.70738 1.5089 -1.2721 0.066043 5.7288 -0.72176
1 1 3 3 81.983 3.4513 0.64623 -6.5171 -1.4994 -0.21654 -5.714 0.15353 -0.92037 -2.4767 -1.7887 -2.3031 0.48455 -2.3682
1 1 3 3 79.229 2.4954 5.8881 -6.9516 -4.9574 0.67533 -0.31313 -3.0348 -0.92705 -1.2626 2.5001 0.45962 -4.3826 -1.8292
1 1 3 3 79.167 1.6017 5.8073 -11.212 -6.961 1.7062 -0.87895 -2.0807 -2.9584 -1.0011 -2.0866 -2.2265 -4.1627 -1.8153
1 1 3 3 77.932 -0.55514 8.1564 -10.301 -8.4217 2.5111 0.3853 -1.2709 -2.2421 0.81699 -0.59595 -0.15974 -0.69853 0.55696
1 1 3 3 75.513 -4.2255 10.059 -5.006 -3.7355 0.12695 -1.412 -0.23492 -4.4571 -1.3225 -1.2163 -0.13361 3.6696 -0.17556
1 1 3 3 82.56 2.7753 4.0306 -11.689 -5.0675 -3.5922 -0.37986 -2.2127 -2.7929 -2.1385 -0.62727 -0.18054 -1.1752 -1.5049
1 1 3 3 82.77 2.6619 3.9184 -11.727 -4.8871 -4.0801 -1.199 -2.1812 -2.2771 -2.3928 -0.48113 0.16994 -1.7208 -1.5357
1 1 3 3 82.692 2.2617 3.5947 -10.804 -4.097 -4.0849 -4.1336 -2.1484 -0.82537 -3.0908 -0.11297 -0.28695 -3.5596 -0.97082
1 1 3 3 80.579 -1.022 8.3223 -6.3266 -6.2569 0.20769 1.2254 -3.0573 0.47562 -0.69998 -4.0281 -0.51716 -3.7963 -3.6646
1 1 3 3 80.579 -1.022 8.3223 -6.3266 -6.2569 0.20769 1.2254 -3.0573 0.47562 -0.69998 -4.0281 -0.51716 -3.7963 -3.6646
1 1 3 3 80.393 -0.72817 8.7661 -7.4689 -6.4184 0.47404 0.87692 -2.2126 -0.10271 -0.83847 -3.7878 -0.88186 -3.211 -3.6619
1 1 3 3 77.108 -3.3712 11.152 -5.2695 -4.8296 2.4252 1.5573 4.9204 -3.5794 -3.1145 -3.7854 -1.3782 2.2559 -0.87528
1 1 3 3 75.404 -3.7987 12.941 -2.989 -4.8206 -4.0662 -4.5182 3.2755 -3.044 -3.6482 -2.6155 -4.284 0.58213 0.15184
1 1 3 3 75.899 -3.7626 10.272 -4.7792 -9.2529 -2.5808 -4.9792 0.66186 -2.1411 0.07101 0.18879 -0.23033 3.0363 0.8634
1 1 3 3 74.643 -4.9815 11.467 -5.2111 -6.9701 -5.1692 -3.9772 -1.2626 -1.6531 1.979 -0.73439 -1.4521 -1.618 -0.81465
1 1 3 3 73.128 -8.3 10.902 -1.3142 -5.1952 -2.2828 -2.6558 0.5666 -1.1701 -1.5766 -5.9057 -2.1035 0.91208 -2.9539
1 1 3 3 73.288 -8.384 10.633 -0.73369 -4.5743 -1.3862 -2.4707 0.56732 -1.1018 -1.9361 -5.7148 -2.6802 0.56876 -2.8287
1 1 3 3 76.714 -2.4505 10.705 -2.1502 -7.1241 -0.61325 -5.1192 -2.6899 -5.6296 -2.1545 -3.4816 -2.6794 0.48073 -1.4852
1 1 3 3 72.865 -11.624 1.2401 -5.356 -1.3512 3.7669 -0.78156 6.325 -1.4715 -0.083332 -0.80027 1.375 1.9881 -1.0635
1 1 3 3 71.715 -13.582 4.715 -3.7079 0.26159 5.3079 -1.3271 6.7558 2.316 3.3376 -0.0030053 -1.0363 -1.7829 -0.66225
1 1 3 3 72.182 -9.325 10.89 2.1698 0.90355 2.8317 -3.7359 -1.1955 -3.5056 -1.3239 -2.3085 0.5432 0.31971 -0.049218
1 1 3 3 72.326 -9.4075 10.407 2.2764 0.49225 3.3075 -4.1453 -1.807 -3.915 -2.4184 -3.6751 0.42539 -0.094868 0.292
1 1 3 3 74.131 -6.1841 11.827 -3.9167 -5.8128 -0.11681 -5.3262 -0.041333 -5.4059 -2.392 2.116 -3.4104 -1.5515 -2.1208
1 1 3 3 76.937 -3.944 11.881 -5.8299 -1.9024 -0.33843 -3.6095 -0.53116 1.5914 3.9989 -2.7418 -2.4391 -4.6368 -0.27369
1 1 3 3 81.115 -1.1154 1.6926 -7.4774 2.2405 1.8406 -11.126 -1.0221 -3.3679 1.2781 -1.2642 -1.1281 2.0267 -0.37167
1 1 3 3 81.206 -0.82688 1.8544 -6.8604 2.297 2.1725 -10.676 -0.97512 -3.0872 1.3926 -1.384 -1.4908 2.1644 0.06677
1 1 3 3 81.206 -0.82688 1.8544 -6.8604 2.297 2.1725 -10.676 -0.97512 -3.0872 1.3926 -1.384 -1.4908 2.1644 0.06677
1 1 3 3 83.343 0.56074 -1.017 -7.7256 -0.80629 -1.5247 -3.139 1.5789 -1.1871 -2.3384 0.49875 -2.6333 -0.57122 0.069406
1 1 3 3 83.563 0.91644 -1.7812 -7.8592 -1.7855 -2.141 -4.3009 1.8489 -0.55898 -3.6043 0.24389 -2.9954 0.068139 -0.41524
1 1 3 3 83.467 1.0178 -2.6709 -8.0611 -2.2381 -2.5905 -5.4983 1.2626 0.86689 -4.0965 -0.73705 -3.0689 0.62505 -1.6661
1 1 3 3 85.03 1.6497 -3.9596 -8.0031 0.58592 -1.2037 -6.2407 -2.2137 -1.0725 -0.97098 3.0373 -1.628 -1.6881 -1.8765
1 1 3 3 85.263 3.0586 -5.1252 -7.5912 -0.93381 -1.525 -6.3564 -3.5354 -4.5269 0.88122 2.6981 -3.1544 -0.3171 -1.104
1 1 3 3 85.068 3.3149 -5.0715 -7.3978 -1.4161 -1.981 -6.2621 -3.9281 -4.886 1.0039 2.5186 -3.3362 -0.23774 -1.1218
1 1 3 3 84.031 2.415 -4.0633 -5.5376 -2.7029 -5.0318 -4.8876 -3.2752 -4.2476 -0.89305 3.1009 -2.3703 -0.99003 -0.48826
1 1 3 3 81.878 2.5878 -1.9884 -7.5702 -0.95321 -1.13 -4.0063 2.3948 -2.8891 -0.69434 -1.3601 -3.8912 -1.69 -1.5381
1 1 3 3 81.794 2.4762 -2.3849 -8.9945 1.0221 -1.1002 -3.2614 1.4515 -2.4683 -0.59336 -1.8629 -2.7783 -1.1945 -2.1448
1 1 3 3 84.299 1.0854 -7.7094 -7.3341 -2.5892 -1.6885 -2.1266 -2.1201 -0.69994 0.062804 0.15745 -4.9191 -0.89102 -1.7373
1 1 3 3 85.274 1.1178 -6.8461 -5.0898 0.74373 -2.5255 -4.3787 -2.7059 -0.32974 -0.86661 1.7055 -1.7685 0.64915 0.43097
1 1 3 3 85.775 1.5611 -6.6927 -4.6226 0.15432 -2.3892 -4.9449 -2.6566 -0.45596 -2.1052 2.1226 -0.6424 -0.0022297 -0.66362
1 1 3 3 85.775 1.5611 -6.6927 -4.6226 0.15432 -2.3892 -4.9449 -2.6566 -0.45596 -2.1052 2.1226 -0.6424 -0.0022297 -0.66362
1 1 3 3 86.04 2.9901 -7.1963 -4.8235 0.0071898 -1.3934 -3.2183 -3.3297 -2.1024 -3.4222 4.7261 0.57301 -1.0661 -3.078
1 1 3 3 86.04 2.9901 -7.1963 -4.8235 0.0071898 -1.3934 -3.2183 -3.3297 -2.1024 -3.4222 4.7261 0.57301 -1.0661 -3.078
1 1 3 3 85.78 3.6791 -7.1735 -5.1221 0.98647 -1.83 -1.9195 -3.6098 -3.7094 -3.0372 5.2555 1.0831 -1.0237 -3.5147
1 1 3 3 85.623 3.7402 -6.8639 -5.6213 1.5948 -2.1982 -1.6965 -3.3405 -4.3442 -2.2209 4.4 0.99756 -0.86659 -3.2848
1 1 3 3 85.623 3.7402 -6.8639 -5.6213 1.5948 -2.1982 -1.6965 -3.3405 -4.3442 -2.2209 4.4 0.99756 -0.86659 -3.2848
1 1 3 3 84.481 2.8965 -3.7155 -7.3059 -0.47812 -3.5439 -5.137 2.5175 -1.6608 -1.1885 -0.97736 -3.0841 -1.3832 -0.79528
1 1 3 3 84.979 2.4728 -4.3365 -0.3576 -1.3192 -6.8103 -0.7474 -1.2241 -6.7097 2.1162 -2.9198 -3.8822 -4.6403 -0.85436
1 1 3 3 84.74 3.0489 -4.4504 -3.8931 -2.1011 -7.0079 -2.6734 -3.0522 -5.7951 1.1685 -2.2878 -1.7148 -3.6475 -1.2802
1 1 3 3 84.74 3.0489 -4.4504 -3.8931 -2.1011 -7.0079 -2.6734 -3.0522 -5.7951 1.1685 -2.2878 -1.7148 -3.6475 -1.2802
1 1 3 3 83.849 2.9792 -6.1476 -4.9894 0.76496 -7.7912 -4.1105 -0.67536 -4.4848 -4.174 1.6849 -1.2879 -1.795 -0.010934
1 1 3 3 83.767 2.9678 -6.3391 -4.5941 1.0361 -7.9368 -3.7493 -0.34308 -4.4434 -4.5349 1.7845 -1.0922 -1.6512 0.054305
1 1 3 3 81.539 2.4103 3.1505 -11.074 -2.5419 -4.2936 -2.9056 -0.028133 -2.2441 -0.12595 -2.6433 -1.5727 2.0258 0.8571
1 1 3 3 81.391 2.7276 4.0869 -11.407 -3.8878 -4.3711 -3.4939 -0.96929 -1.2919 0.092491 -3.5355 -0.57344 3.597 0.38033
1 1 3 3 81.092 2.8172 4.9173 -11.238 -4.6942 -4.164 -3.624 -1.6415 -0.66484 0.080827 -4.1258 -0.10597 3.9078 0.060432
1 1 3 3 77.412 0.99389 14.786 -6.1358 -6.044 0.41607 -5.6295 1.8284 -4.7724 -3.4123 -1.9988 0.41799 -1.4647 -0.75732
1 1 3 3 80.889 0.68029 1.2638 -8.4648 -0.4649 -2.4809 -3.7277 2.8918 -4.6643 -0.095317 -4.1131 -3.5238 -3.1111 -1.5898
1 1 3 3 83.971 2.9688 -3.4656 -6.9639 -0.090289 -5.0985 -1.2235 0.66734 -2.7208 -1.4662 -2.319 -3.7679 -1.6065 -1.16
1 1 3 3 84.067 3.0869 -3.4212 -6.6037 -0.45734 -4.7868 -1.0653 0.67473 -2.2444 -1.8751 -1.6322 -3.6587 -0.91632 -0.8715
1 1 3 3 84.067 3.0869 -3.4212 -6.6037 -0.45734 -4.7868 -1.0653 0.67473 -2.2444 -1.8751 -1.6322 -3.6587 -0.91632 -0.8715
1 1 3 3 84.067 3.0869 -3.4212 -6.6037 -0.45734 -4.7868 -1.0653 0.67473 -2.2444 -1.8751 -1.6322 -3.6587 -0.91632 -0.8715
1 1 3 3 77.631 -0.4826 10.09 -7.608 -4.73 -2.165 -2.2339 -1.7035 -2.7569 1.3448 -1.7206 -3.017 -1.0194 0.94894
1 1 3 3 85.376 1.2776 -6.5299 -4.1503 -0.48799 -4.6362 -3.5122 0.36111 -3.9551 -2.1584 1.0264 1.7926 1.5182 0.86623
1 1 3 3 85.376 1.2776 -6.5299 -4.1503 -0.48799 -4.6362 -3.5122 0.36111 -3.9551 -2.1584 1.0264 1.7926 1.5182 0.86623
1 1 3 3 85.27 1.558 -5.5082 -4.8242 -0.040461 -3.619 -2.8742 0.65591 -4.5308 -2.9489 -0.15634 1.2526 1.8388 0.92376
1 1 3 3 85.27 1.558 -5.5082 -4.8242 -0.040461 -3.619 -2.8742 0.65591 -4.5308 -2.9489 -0.15634 1.2526 1.8388 0.92376
1 1 3 3 80.956 -0.38391 5.9612 -5.6746 -3.1777 -0.81099 -6.6442 -1.8263 -1.9563 0.2987 -0.35021 -2.5675 -0.8627 -2.8274
1 1 3 3 80.956 -0.38391 5.9612 -5.6746 -3.1777 -0.81099 -6.6442 -1.8263 -1.9563 0.2987 -0.35021 -2.5675 -0.8627 -2.8274
1 1 3 3 80.907 -0.71426 6.4552 -5.8447 -3.5615 -0.78379 -6.2605 -2.6422 -2.2545 0.59262 -0.69691 -2.7554 -1.5032 -2.2151
1 1 3 3 80.823 -1.0684 6.0495 -6.5173 -3.6203 -1.2797 -6.0701 -2.4558 -1.8477 0.23251 -1.8631 -4.1973 -3.1752 -0.59883
1 1 3 3 84.59 2.1616 -5.2342 -6.3439 -0.88081 -2.0912 -1.3761 1.7073 1.591 0.77711 -1.3617 -1.5695 -0.29145 -2.8622
1 1 3 3 84.59 2.1616 -5.2342 -6.3439 -0.88081 -2.0912 -1.3761 1.7073 1.591 0.77711 -1.3617 -1.5695 -0.29145 -2.8622
1 1 3 3 84.647 2.2422 -4.9563 -6.6727 -0.9241 -2.0386 -1.7863 1.8051 1.0718 0.35609 -1.5433 -1.2304 0.14423 -2.8531
1 1 3 3 84.585 2.3503 -4.5607 -7.0463 -0.98114 -2.1807 -2.4151 1.9223 0.31096 -0.1243 -1.4293 -0.99114 0.52268 -2.6421
1 1 3 3 83.408 2.6696 -2.1701 -8.9295 1.989 -3.0065 -5.0178 2.0016 -2.3859 -1.8566 0.6149 -0.97073 -0.85564 -1.1861
1 1 3 3 83.579 3.5063 -1.6465 -8.4048 1.9556 -1.202 -5.1544 -0.80059 -5.2162 -1.8458 0.57247 -0.23515 2.4227 -1.6866
1 1 3 3 83.579 3.5063 -1.6465 -8.4048 1.9556 -1.202 -5.1544 -0.80059 -5.2162 -1.8458 0.57247 -0.23515 2.4227 -1.6866
1 1 3 3 83.105 2.1098 0.10075 -9.8291 3.23 -0.14181 -5.439 0.87075 -5.0317 0.63155 -0.42073 -1.1597 -0.50381 -1.7253
1 1 3 3 82.414 1.4609 1.6448 -10.423 3.6568 1.2181 -5.5173 1.501 -3.8814 1.0917 -0.019287 -1.0692 -0.583 -2.0873
1 1 3 3 81.522 1.4044 2.4152 -10.948 1.8587 1.9673 -5.2792 0.37478 -3.6586 -1.6677 -0.3041 -0.0089671 -0.91518 -1.9648
1 1 3 3 80.764 1.7589 1.3017 -9.1642 0.014125 2.0768 -3.472 1.0148 -2.4408 -5.7806 -1.7335 0.42805 -0.82614 -0.86411
1 1 3 3 78.91 -0.54522 8.5377 -9.2891 -1.2941 3.8351 -2.8172 -1.1898 -6.771 -2.9158 -6.3127 -5.2439 -1.4008 -1.1743
1 1 3 3 79.722 1.332 5.0474 -11.178 -0.44181 3.9972 -6.1433 0.10651 -1.6288 -2.5759 -0.18646 -2.1045 -0.49533 -0.67962
1 1 3 3 74.473 -4.8648 12.758 -5.2187 -3.4088 0.32672 -3.3892 0.77654 -4.0915 -3.4731 -3.4295 -1.6068 0.26327 2.3039
1 1 3 3 75.068 -6.7308 9.4187 -3.5049 0.00906 2.9391 -8.8501 -3.106 -4.7448 -2.0753 -0.6184 -0.50015 1.4252 1.1453
1 1 3 3 74.832 -7.0536 9.6654 -3.2681 -0.52827 3.0118 -8.2916 -2.8295 -4.4367 -1.7186 -0.68355 -0.79497 1.5654 1.0449
1 1 3 3 74.303 -8.7451 7.4308 -5.6201 1.5847 2.2191 -3.9823 -0.0348 -2.7043 1.64 -1.3937 -3.0195 0.56608 -0.4973
1 1 3 3 79.942 -0.13139 4.56 -9.0842 -2.8987 4.0053 -3.9749 -2.2339 -2.8435 -0.24647 -2.4741 -2.8156 3.5369 -1.1159
1 1 3 3 79.876 -0.49367 4.7429 -9.2116 -3.1033 4.3584 -3.9713 -2.3985 -2.5107 0.013422 -2.2224 -2.301 4.1539 -1.3109
1 1 3 3 71.161 -12.537 4.2224 -4.7324 -0.37783 1.8902 -2.0465 1.6619 0.50303 4.583 1.3826 -1.6001 0.43739 -2.3467
1 1 3 3 70.512 -15.02 3.1499 -6.1712 1.0737 4.7611 0.47656 1.627 0.33548 0.072944 -2.0797 -0.65696 -1.192 -3.4093
1 1 3 3 69.954 -14.972 4.1249 -2.2761 -1.9574 3.068 -0.38037 4.6193 2.0406 -0.85742 -3.5921 -0.26389 -0.24301 -2.2968
1 1 3 3 70.493 -14.509 3.1855 -5.0408 -4.4623 3.8648 0.60433 -0.28724 2.9379 2.686 -0.49759 -1.3562 -3.4367 -1.043
1 1 3 3 69.773 -15.632 4.3566 -6.5249 1.1178 2.0227 0.78723 2.0922 -1.9122 1.7943 -1.5932 3.1763 0.72474 -1.0983
1 1 3 3 71.425 -13.342 3.9235 -4.2678 1.0458 7.6918 0.035844 1.6903 -3.6774 -1.4647 -2.742 1.1984 1.6801 -5.7773
1 1 3 3 70.384 -11.19 10.065 0.77832 4.9996 1.8307 -4.8593 0.4332 -1.4638 -1.9844 -2.7576 -2.1793 -1.6227 -1.4783
1 1 3 3 69.968 -12.081 7.915 -0.72886 3.4479 0.6503 -5.938 0.39921 -3.7657 1.685 -7.0774 -2.8458 -2.1651 -2.3829
1 1 3 3 72.132 -9.0251 9.5405 -0.65382 -2.4881 -2.0369 -9.9708 -0.55986 -3.3005 -2.2368 -2.0172 1.2403 1.0935 1.4407
1 1 3 3 71.818 -12.065 9.3486 -6.2494 1.0318 0.80075 -3.5136 -2.3602 -4.3011 -0.6181 -2.8139 -0.17159 1.5351 -2.3951
1 1 3 3 72.64 -7.6943 13.146 0.86317 1.6891 -2.4728 -5.705 -0.8259 0.58203 2.0447 -2.8085 -2.6589 -0.93844 -0.37944
1 1 3 3 71.797 -7.3543 12.25 -0.027196 1.9411 1.9068 -9.1195 -2.6425 -0.50794 -1.4439 -4.089 -0.11034 -0.84237 -2.097
1 1 3 3 76.365 -3.3659 6.5288 -5.0905 4.1778 -0.27852 -4.3717 2.9748 -4.2816 -3.356 -3.73 -4.9873 -1.4078 0.7803
1 1 3 3 68.206 -13.96 10.594 -1.4854 3.8513 4.2654 -4.0699 6.2356 0.21271 -3.9895 -3.2024 -0.36813 -0.22526 -2.5658
1 1 3 3 72.709 -6.0637 13.556 -3.7289 0.75394 -0.85163 -6.3365 0.92992 -2.5111 4.1167 -0.81849 0.56485 -0.95206 -1.238
1 1 3 3 70.182 -13.876 8.2018 -4.0066 2.1643 1.9542 -1.4896 4.5206 0.92361 1.5937 -0.79931 0.50892 -1.4111 -2.2721
1 1 3 3 70.02 -13.346 9.6535 -2.2256 5.4032 4.1915 -2.0001 7.3434 0.71611 -0.19502 0.063153 0.93134 0.029192 0.807
1 1 3 3 69.609 -14.292 9.2704 -0.55177 1.9252 4.3989 1.0405 2.696 0.62133 -0.42236 -4.5019 -4.0874 -1.8275 0.75546
1 1 3 3 71.459 -11.497 10.327 0.06434 4.2752 6.781 0.38713 4.1508 1.712 -5.3203 -7.3648 -0.7292 2.0991 -1.6477
1 1 3 3 71.091 -10.354 10.088 0.66214 3.8029 3.0549 -1.9721 0.98822 0.51537 -5.0621 -6.0224 2.7301 2.5202 -0.98866
1 1 3 3 70.218 -11.542 10.084 1.4249 3.1806 7.047 -3.6461 4.603 -3.4048 -1.8239 -1.8027 -0.68593 2.2162 -3.928
1 1 3 3 70.151 -12.3 9.7563 0.4107 6.2555 5.9586 -2.2558 6.2393 -2.1896 -0.47378 -6.3697 0.63015 2.2046 0.34828
1 1 3 3 69.598 -14.887 5.6694 -6.217 2.6523 4.0706 0.035694 8.5368 0.48497 -2.3688 -5.7357 -0.78402 2.9055 -0.025385
1 1 3 3 68.584 -17.657 2.9436 -6.7215 0.54357 1.9183 -5.5532 3.7087 3.7574 -2.9419 -9.5354 -1.1923 1.1155 -1.3202
1 1 3 3 69.249 -15.812 5.3168 -3.4569 -0.97338 2.6643 -3.2197 1.6593 0.2517 2.7828 -5.7271 0.2401 1.4332 -0.58161
1 1 3 3 68.436 -16.942 1.8585 -4.925 -0.51378 6.5362 -1.2812 8.7942 1.662 0.20567 -4.7701 -0.75586 2.8659 0.25008
1 1 3 3 68.655 -14.762 7.8797 -2.3341 2.9792 5.1265 -1.2127 5.7327 2.9399 -3.1186 -1.957 -0.50065 1.9773 -0.66641
1 1 3 3 68.252 -14.709 6.4997 -4.7862 0.25606 1.8598 -2.2229 1.8745 -0.22648 -0.081202 -1.9518 2.0371 -2.3436 0.70723
1 1 3 3 67.063 -17.623 3.7899 -7.8289 -1.3283 3.5521 -2.7507 5.3077 0.59136 1.0268 -5.8177 -0.82788 1.9118 -1.3165
1 1 3 3 67.895 -16.726 3.7512 -7.7985 0.1787 4.108 -2.9333 4.5449 2.611 -3.4475 -6.9958 2.4879 -0.52714 -1.9837
1 1 3 3 67.174 -17.258 3.6469 -8.0826 0.24884 2.986 -4.296 4.0619 2.8371 0.9489 -5.0465 -0.19629 1.8744 -1.7551
1 1 3 3 68.056 -15.999 4.9924 -6.96 2.7367 2.6146 -1.5945 6.1703 -0.17744 1.7288 -4.6371 -0.44277 2.9903 -0.045063
1 1 3 3 68.696 -16.719 4.8249 -8.7061 0.43928 3.0708 -2.9251 5.927 1.3864 -1.372 -2.4665 -1.2535 3.6225 -0.53394
1 1 3 3 66.818 -17.625 4.9547 -7.8402 -2.1356 2.6499 -3.6315 8.1676 -1.5999 1.8919 -3.0487 -4.1382 1.7869 1.533
1 1 3 3 66.776 -18.482 3.6056 -8.5433 1.1257 2.6117 -2.9126 9.9801 1.0629 1.3887 -0.80097 -2.3798 2.2218 1.5114
1 1 3 3 66.595 -18.079 3.0231 -9.3308 -0.70919 5.1613 -4.6668 4.7976 2.2641 -3.6934 -4.7497 -1.3093 1.573 -0.14197
1 1 3 3 68.67 -13.586 8.7485 -4.4898 5.571 0.014253 -4.7563 1.2476 -0.29091 -0.66191 -0.83577 -1.2779 0.21346 1.1027
1 1 3 3 70.303 -9.639 13.069 -0.8693 3.7956 -2.7165 -10.254 -2.5165 -1.2522 1.7674 -1.4555 3.0757 1.9636 0.12204
1 1 3 3 71.242 -8.4378 13.567 -1.391 5.2451 1.7678 -8.4121 -1.6763 -0.57377 -0.24855 -3.4187 -1.6776 -0.92764 0.19829
1 1 3 3 71.838 -7.0271 15.714 -3.0317 1.6166 -1.0292 -8.5441 -3.0602 -1.2422 0.12646 -0.59141 3.1343 -0.70991 1.2681
1 1 3 3 76.846 -0.44186 13.137 -10.987 -5.6553 -4.7088 -7.274 -2.5805 -6.051 -3.5531 -2.1018 -2.3553 -3.059 -4.7563
1 1 3 3 77.396 -0.67955 11.218 -11.054 -3.6394 -2.3751 -9.6809 -2.6126 -3.4024 -4.0261 -4.9374 -3.0852 -0.54627 0.49742
1 1 3 3 77.567 0.88729 10.847 -12.428 -3.6482 -3.1882 -9.5868 -0.17898 -1.6593 -3.1364 -4.5482 -3.0896 -0.6062 -0.79903
1 1 3 3 77.221 -0.6684 11.118 -10.927 -5.4021 1.1739 -4.4096 0.65599 -3.2384 -3.2746 -3.9678 -0.8772 -1.7497 -1.4332
1 1 3 3 77.082 0.75032 8.8789 -7.3311 -4.4269 -2.7966 -7.9682 -3.7332 -4.684 -4.5813 -1.6467 -1.6665 0.092664 -1.1057
1 1 3 3 76.989 -0.81362 10.448 -8.8184 -5.0434 0.34979 -7.1356 -3.0838 -1.2995 -5.4673 -3.6808 -0.31409 -0.26474 -0.75282
1 1 3 3 76.546 0.84884 10.967 -10.785 -9.3211 -0.97144 -5.8699 -1.157 1.1064 -3.5162 -6.1119 0.40818 0.55351 -2.6188
1 1 3 3 77.884 1.3865 8.4682 -10.628 -6.0022 0.88035 -6.5886 -2.2906 -6.0786 -3.6809 -6.6458 -1.9392 0.2782 -2.6175
1 1 3 3 71.67 -7.4213 13.104 -2.1613 -3.1131 1.5924 -7.9116 0.18868 0.050942 -0.55078 -4.3161 0.62457 -0.55926 -0.025063
1 1 3 3 74.079 -4.8087 10.342 -7.5341 -1.518 -0.85393 -5.8164 -1.4612 -9.4475 -4.8271 -1.9534 -2.2242 -1.6303 -2.4456
1 1 3 3 72.822 -7.5485 9.6989 -5.6672 -3.3291 1.8815 -5.448 -0.85293 -3.0522 -3.0517 -3.1578 1.433 -2.4605 -4.4018
1 1 3 3 70.621 -9.8842 12.906 -0.56551 0.33412 0.82584 -5.1492 0.20616 2.6658 -2.2894 -3.0584 0.2422 -0.27933 0.293
1 1 3 3 74.114 -6.943 7.2778 -7.7 -1.791 6.6594 0.58626 2.1624 -1.2659 0.35924 -1.639 0.33943 -0.57192 -0.18876
1 1 3 3 80.365 1.7718 -3.5893 -9.7563 0.026804 1.6964 -3.5239 0.51683 -4.7221 -1.7795 -1.1541 -3.6077 1.6059 -1.1352
1 1 3 3 79.235 0.47919 -2.4198 -9.2485 7.7024 -1.8018 -5.6522 1.3922 -4.3936 -3.7778 0.25787 2.2042 1.0044 -1.2373
1 1 3 3 79.235 0.47919 -2.4198 -9.2485 7.7024 -1.8018 -5.6522 1.3922 -4.3936 -3.7778 0.25787 2.2042 1.0044 -1.2373
1 1 3 3 79.381 -0.91783 -0.53902 -7.439 7.0537 -1.9741 -6.0857 0.6315 -5.5226 -2.0961 -1.8748 -0.57246 -1.3379 -2.6001
1 1 3 3 74.141 -4.7297 12.979 -8.8014 -2.2625 1.1706 -1.9061 2.4108 -3.5765 -3.177 -1.8097 0.54467 1.0728 -0.66804
1 1 3 3 71.806 -5.8787 14.564 -7.1636 -2.1195 -1.1519 -4.5423 0.752 -3.2884 -1.6482 1.0338 -0.040847 -2.5207 -1.0529
1 1 3 3 71.871 -8.1632 11.176 -5.8353 0.69456 0.18071 -6.3 1.6552 -2.5086 -1.3518 -0.98778 5.2071 -1.6086 -2.3139
1 1 3 3 72.503 -8.8937 13.939 -2.3456 3.5694 0.36541 -6.3026 2.0781 1.404 4.2603 -0.13305 2.7916 1.4049 -0.8072
1 1 3 3 69.586 -12.718 10.163 -1.8829 4.8514 3.2038 -4.3433 4.2452 -0.65096 -2.5668 -1.9435 3.0372 3.1708 -1.4833
1 1 3 3 69.612 -12.073 8.4465 -5.4855 3.8918 1.0689 -4.9872 6.0318 -3.0292 -2.4353 -2.0917 -0.17257 0.15926 -1.0845
1 1 3 3 68.584 -15.5 6.6423 -5.5878 2.4488 4.2871 0.016961 6.1255 -0.65752 -1.5993 1.7235 0.97993 1.5292 0.32241
1 1 3 3 69.935 -11.354 8.8929 -1.8349 7.2573 6.5556 -2.6653 3.6674 1.1292 -2.7218 -2.3913 -3.1118 -0.022148 2.0873
1 1 3 3 69.002 -12.781 8.3709 -5.7987 5.4393 1.1903 -2.5954 9.3767 0.86055 -1.991 -0.93403 -0.72347 1.3189 -0.40376
1 1 3 3 70.875 -11.724 11.656 -3.3659 2.1381 -0.11047 -7.7011 0.0084957 -2.275 -3.6678 -3.218 -1.4103 0.15357 -1.3212
1 1 3 3 71.95 -8.4849 10.853 -4.2637 -1.2487 0.97365 -3.6409 0.99904 2.4108 -2.4065 -4.0078 1.5189 1.0954 -0.41639
1 1 3 3 72.845 -6.2943 7.1807 -10.895 -7.3947 -3.0026 -4.9562 0.0037181 -1.2326 2.966 -2.324 1.8713 1.7056 0.53165
1 1 3 3 73.293 -3.9843 12.704 -7.8362 -2.8442 -0.090823 -4.368 2.2983 -4.4588 -4.7861 -2.3531 2.2938 1.3339 -1.8203
1 1 3 3 71.286 -9.379 11.994 -0.70352 2.3364 1.7149 -8.4395 1.8127 -0.2175 -3.6852 -4.121 1.1346 -1.2516 -1.8525
1 1 3 3 71.676 -9.1762 10.421 -4.3455 1.3144 2.5875 -4.5294 4.97 -0.1915 -3.6052 -7.8782 -2.9407 -1.9353 -2.1084
1 1 3 3 69.404 -12.657 8.7551 -2.4898 0.644 6.0207 1.1131 3.5229 -1.4976 -0.079568 -3.1802 0.037489 2.0593 0.11168
1 1 3 3 70.575 -10.171 11.347 -1.8315 -0.74148 -0.28464 -2.1389 2.0509 1.6276 3.5198 1.4567 2.2945 -1.0668 -1.7526
1 1 3 3 69.277 -14.73 7.7363 -3.7787 2.1833 5.7994 -5.0479 3.9518 1.0137 -1.7646 -4.3468 1.1435 -0.79129 -0.82304
1 1 3 3 71.232 -8.6205 11.052 -1.523 4.0228 -1.4641 -5.8855 1.627 -1.4176 -4.2833 -4.2978 0.0096231 2.1116 3.7044
1 1 3 3 69.405 -12.998 7.7724 -3.9955 2.9918 3.9074 -6.6694 5.1184 4.7188 0.81387 0.57801 -1.5768 3.5076 -4.528
1 1 3 3 69.498 -12.775 5.5027 -6.0402 3.307 1.1748 -3.7805 4.5413 0.10057 -0.85805 -1.3454 0.28319 1.5627 1.9222
1 1 3 3 67.906 -15.496 6.6293 -5.5442 3.4952 1.8164 -0.26306 2.7606 -1.4332 -0.14161 -3.6759 -1.0679 3.2689 2.5481
1 1 3 3 68.601 -17.854 7.118 -7.5459 3.8061 3.598 0.93983 7.4322 -3.3169 -1.3092 -3.3733 1.5209 4.7635 -0.0041094
1 1 3 3 68.474 -18.692 5.5991 -4.4246 1.2774 1.6724 2.2078 7.96 1.6058 -2.2323 -2.959 1.3363 -2.5345 1.5946
1 1 3 3 69.15 -16 8.1686 -5.0901 1.9395 2.1482 -1.5364 3.3018 -0.25802 1.7751 -2.4141 2.1461 -0.54799 -0.66072
1 1 3 3 68.531 -16.28 7.6869 -5.1054 0.24039 4.0557 0.42786 4.0527 4.0316 -2.1364 -2.5514 1.8999 1.829 2.349
1 1 3 3 68.108 -19.038 4.22 -5.836 -1.3795 3.65 -2.4004 3.7648 2.9225 -1.5111 -4.1241 0.83804 2.2318 0.77293
1 1 3 3 68 -18.045 5.2718 -9.2541 -0.32178 -0.44178 0.849 4.203 2.0645 0.16704 -3.1186 3.5268 -0.73807 -1.6291
1 1 3 3 67.012 -19.182 3.2079 -7.0866 -1.1858 1.7588 -5.3087 2.2775 4.8955 0.77229 -4.9756 2.694 3.5444 -2.2174
1 1 3 3 66.658 -19.683 1.3728 -6.1793 -2.1449 0.24769 -5.0323 5.7726 5.2198 0.578 -2.8938 -0.66661 0.73803 -0.25321
1 1 3 3 68.155 -16.071 3.1078 -4.5384 1.43 3.335 -1.8146 2.4714 1.8828 1.3093 -2.0632 2.5569 0.60431 -1.5285
1 1 3 3 67.849 -17.704 2.3427 -7.711 -0.44133 -0.19397 0.88242 2.7593 2.1412 -0.4706 -4.0338 1.7088 1.1699 2.0063
1 1 3 3 68.238 -17.702 3.4647 -7.306 2.6964 0.0033435 -0.41193 6.6837 4.5848 2.7294 -2.0487 1.2925 2.0015 1.1846
1 1 3 3 69.338 -14.465 8.3196 -1.9829 5.2135 4.8078 -0.76891 5.79 -0.69551 0.53369 -2.9304 -1.344 -1.3719 0.2789
1 1 3 3 70.143 -13.66 7.3949 -2.9635 4.2734 5.4436 -2.9495 4.2209 0.1631 -2.2027 -3.3425 2.1204 2.815 -0.6413
1 1 3 3 69.771 -14.247 7.2297 -2.8924 3.1338 5.055 -0.47829 4.2499 0.87585 -2.9827 -3.3841 0.71017 -1.8378 -1.7395
1 1 3 3 68.605 -13.243 6.1214 -4.3586 5.8718 1.5122 -3.4367 5.866 -0.064876 0.24868 -3.6045 -0.46449 1.8567 -1.1185
1 1 3 3 67.884 -14.742 4.5782 -4.0972 3.5164 1.5442 -3.4369 5.775 1.3755 0.49189 -1.177 -1.846 -0.22431 2.4209
1 1 3 3 68.413 -15.925 5.862 -6.5538 1.9689 4.2866 -2.1873 5.1458 0.53696 -1.7513 -3.7956 -0.55344 0.81168 2.9697
1 1 3 3 69.709 -14.255 6.1136 -6.0742 2.5881 -0.24329 -2.9403 4.2548 0.86968 -2.3083 -1.5362 1.2329 -0.53708 0.94381
1 1 3 3 68.389 -18.01 5.6829 -5.693 0.70422 2.9856 -1.1045 4.0121 -1.2427 -0.44246 -0.27243 2.2217 1.1603 0.73966
1 1 3 3 70.066 -16.025 5.8223 -2.7261 0.68867 4.1335 2.2484 7.3868 2.0237 0.61456 -0.10568 2.0177 1.2113 -0.77899
1 1 3 3 69.64 -14.454 9.8829 -2.43 1.0475 4.3163 -0.28271 2.1959 1.9975 0.41237 -1.2704 3.0361 1.3407 0.03261
1 1 3 3 68 -17.405 5.5627 -3.0938 -1.2274 4.8626 -0.28257 2.6115 1.345 -0.42062 -0.94786 3.2116 1.2033 1.5576
1 1 3 3 66.493 -13.961 6.3739 -5.0758 3.8103 0.67735 2.2218 5.6051 1.2954 2.9565 -1.5428 1.2287 -1.7595 1.6903
1 1 3 3 67.337 -15.296 6.0999 -7.5291 1.2077 1.6388 -0.36352 4.3866 -0.74967 -1.3731 -1.4354 0.06102 2.5949 0.7824
1 1 3 3 67.357 -16.874 5.3139 -7.0336 2.565 3.1523 -1.7524 6.5798 1.541 -2.0355 0.23986 -0.7764 2.2905 2.4492
1 1 3 3 69.332 -14.238 5.146 -5.3872 2.515 2.983 -6.7751 6.9918 0.11144 -2.8732 -0.62964 0.046942 1.5673 2.1449
1 1 3 3 67.958 -16.508 4.0786 -4.6401 -2.0557 2.1677 -3.7974 7.1986 0.34184 -1.3375 -1.7972 -0.52282 -1.0575 -1.1214
1 1 3 3 69.191 -15.018 5.5115 -5.1933 -0.12086 0.87699 -0.88108 3.8647 -0.66066 -2.3426 -1.1923 1.1837 -1.3097 1.5272
1 1 3 3 68.151 -17.438 2.2693 -4.6672 -0.94668 2.6591 -0.29739 6.4157 -0.61339 -3.6464 -2.0336 0.28805 4.34 -1.0865
1 1 3 3 67.871 -18.706 1.2515 -6.1463 -1.3433 1.7128 1.1919 7.1093 -0.23113 -3.0544 -2.8749 0.18538 3.2094 -2.1939
1 1 3 3 67.952 -16.737 3.7199 -3.3592 2.851 1.4261 -0.74015 5.5964 2.0837 -0.86926 -2.5049 2.3305 2.2912 0.3311
1 1 3 3 66.634 -17.874 1.5689 -8.0158 -2.776 -0.95203 0.83614 3.0073 2.0333 0.37395 -3.298 -0.30127 0.88676 0.58554
1 1 3 3 66.678 -18.996 2.9268 -6.1995 -2.6207 -1.0422 -0.045572 5.9245 1.0012 1.4422 -0.43438 0.72494 1.2039 -1.4295
1 1 3 3 68.889 -15.908 6.6296 -5.9161 2.9535 0.295 -1.2034 3.6345 2.3986 0.39092 -3.3359 2.773 -0.50804 1.5888
1 1 3 3 67.751 -17.136 2.7426 -6.8708 -0.82554 4.589 4.6892 7.6088 2.3851 1.6698 -1.2887 -0.34156 0.42425 -0.36174
1 1 3 3 67.566 -17.926 3.8291 -5.8645 0.46102 1.6757 -2.4332 4.1219 -0.37631 -0.61772 -0.78565 -0.7453 2.2924 1.3031
1 1 3 3 67.562 -17.151 5.0998 -5.3078 -0.59442 3.0841 -2.2623 6.4654 1.6699 -1.553 -0.09881 -1.0414 0.83364 1.0363
1 1 3 3 69.856 -14.869 5.2745 -4.527 1.0161 -0.10673 -1.4293 1.0228 4.4646 -2.5352 -2.0264 1.5942 -0.49024 1.6071
1 1 3 3 68.278 -16.206 4.4579 -4.0816 3.7103 6.2952 -0.15713 4.7695 1.3127 -2.3542 0.91913 1.1008 -0.60351 0.69419
1 1 3 3 68.222 -17.36 4.4738 -6.9446 -1.2511 4.4896 -0.94959 5.3497 0.61155 -2.7677 -1.2131 3.0324 -0.55835 -0.24175
1 1 3 3 68.988 -16.472 4.7534 -6.5875 0.67658 4.4829 -2.9814 8.0272 -0.13829 -2.9045 1.4296 -1.1113 2.993 3.617
1 1 3 3 69.181 -15.969 4.6579 -6.4407 0.049697 4.3182 -3.915 6.5795 -0.0038129 -3.1801 0.99442 -1.5908 2.1426 2.5901
1 1 3 3 68.766 -15.851 5.131 -5.9985 -1.9171 2.548 -4.5181 2.6338 1.1104 0.2752 1.2806 0.17971 -0.79938 -0.70994
1 1 3 3 68.943 -15.969 5.1066 -5.9843 -1.7366 2.9329 -3.8289 2.51 1.4971 0.91959 1.0983 -0.33357 -1.8695 -0.77355
1 1 3 3 69.179 -16.155 5.6613 -4.994 -1.9101 1.4148 -2.4437 7.5203 1.3976 -3.2774 -0.82154 -0.78884 -1.1936 1.5994
1 1 3 3 69.846 -14.604 6.2127 -5.5686 -1.2663 4.311 -2.9752 6.0419 1.4338 -3.3417 -1.9885 0.96013 1.8 0.46071
1 1 3 3 69.354 -16.814 4.9207 -4.1066 -2.8624 4.2422 -3.5565 4.8655 3.71 -3.0687 -4.2714 -0.39006 4.3928 1.9035
1 1 3 3 69.354 -16.814 4.9207 -4.1066 -2.8624 4.2422 -3.5565 4.8655 3.71 -3.0687 -4.2714 -0.39006 4.3928 1.9035
1 1 3 3 69.732 -15.303 5.9119 -4.2747 -2.4808 5.1243 -4.3021 4.8772 0.92548 -2.0164 0.32862 -1.034 -1.5349 -0.75884
1 1 3 3 69.136 -16.796 4.3643 -6.1797 -3.2279 5.469 -2.2794 6.0316 1.8459 -1.1944 -0.61589 -0.88877 -2.2171 -0.031915
1 1 3 3 68.569 -17.248 2.8058 -3.7969 -1.9348 3.6101 -1.6327 4.5576 0.54061 -2.9664 -1.6827 2.4345 1.2389 0.090183
1 1 3 3 68.036 -16.705 2.9894 -6.3879 -2.3458 2.0722 -4.5821 6.4061 1.6153 -1.5844 -4.7314 0.89418 3.0414 0.87859
1 1 3 3 69.898 -13.586 4.9376 -5.1615 -0.8218 -0.25749 -0.50376 5.1908 0.31415 -0.32523 -1.9271 -0.1766 0.82853 0.8012
1 1 3 3 68.993 -14.652 7.6474 -2.6741 2.5461 6.1944 -1.9062 3.4146 1.2298 -2.3104 -2.8777 -1.5217 2.615 -0.32762
1 1 3 3 68.561 -15.875 6.153 -3.2776 -0.50268 0.82849 -1.1616 6.1406 2.6386 0.78991 -0.76137 -0.72497 3.4869 0.11064
1 1 3 3 68.43 -17.877 2.4205 -4.2993 -0.30818 3.3981 1.2292 6.6357 2.0561 1.2711 0.47463 3.7105 1.654 1.3377
1 1 3 3 69.633 -14.568 4.0572 -3.1935 -1.0956 4.8207 -4.043 1.6454 1.2859 -0.48687 -3.0699 2.6421 -0.94858 -0.61135
1 1 3 3 68.899 -17.308 4.679 -4.1097 -0.88805 3.3652 1.4898 2.0246 2.8489 1.4369 -1.5049 0.68073 2.8924 0.7215
1 1 3 3 72.001 -14.329 4.2906 -5.2356 3.2428 0.86093 -1.4268 3.3905 0.47784 -1.6101 -2.0428 1.8168 1.9241 0.72429
1 1 3 3 72.345 -11.031 2.4364 -4.7406 1.7686 1.0814 4.7554 6.3433 3.0081 -2.2531 0.95139 6.6411 -0.13684 -0.059455
