0 0 2 2 56.161 -11.03 16.104 -1.372 6.719 8.836 8.9771 5.3263 11.621 1.4186 5.2088 2.5446 3.4619 0.3726
0 0 2 2 54.36 -7.9809 16.88 6.5376 3.8927 11.014 6.8499 3.7852 7.8374 1.4587 0.31952 6.8462 -4.1225 4.5296
0 0 2 2 54.679 -11.505 13.013 -0.95153 5.4788 4.6678 10.207 6.3039 13.563 2.5273 4.429 3.9946 2.4969 3.1446
0 0 2 2 56.457 -13.341 15.564 8.0441 2.4573 10.486 13.428 -0.41519 12.336 7.2492 1.0428 7.4918 1.267 -0.83585
0 0 2 2 55.996 -12.914 11.646 1.9417 2.5747 3.6599 8.6445 0.25955 11.006 0.83424 7.1357 4.7872 -0.56392 2.7328
0 0 2 2 58.064 -9.8031 7.728 1.1761 5.6676 5.1965 7.6555 3.0154 11.215 1.3994 7.6118 3.8636 2.0593 4.7121
0 0 2 2 56.907 -7.7475 22.164 5.7192 8.5953 13.427 3.7828 -2.0467 3.1868 -4.3362 2.3456 1.4804 0.9383 6.5221
0 0 2 2 55.549 -13.028 15.647 -0.63637 7.0697 7.5865 9.3779 6.0809 10.146 4.1328 -2.7222 4.7463 4.4097 6.3739
0 0 2 2 53.41 -9.3531 16.123 1.027 8.1921 9.169 6.8444 4.176 12.553 4.7254 6.3508 5.4926 -2.7695 4.2502
0 0 2 2 53.644 -9.353 15.035 -1.3629 8.6021 6.9831 5.8796 8.5587 9.3721 6.2933 -2.091 3.915 -1.9861 4.4176
0 0 2 2 52.838 -10.691 12.649 6.0226 5.6131 15.056 2.2961 6.2874 7.0344 6.455 7.4549 5.4598 -1.5737 1.7386
0 0 2 2 55.222 -10.832 14.971 0.99261 2.5638 10.221 4.8394 3.6367 11.27 -1.3013 4.0306 5.0677 0.48009 -0.35671
0 0 2 2 55.616 -12.148 14.107 1.1371 -2.1883 7.5786 8.9217 3.3267 11.214 2.571 1.9495 2.1574 2.7416 3.2642
0 0 2 2 57.288 -15.379 13.754 4.0768 4.463 10.082 10.122 1.9361 6.9769 1.2225 0.65938 -1.3048 3.4609 0.18384
0 0 2 2 57.479 -8.5962 20.13 6.2213 7.4916 7.642 -0.19996 0.63162 6.2937 -0.44317 0.37386 2.1923 1.7547 8.6396
0 0 2 2 54.884 -9.1737 8.9064 6.3807 7.9868 9.4353 2.9638 3.7243 10.211 1.0799 0.72765 9.4077 -2.5293 1.9403
0 0 2 2 62.426 -12.525 4.1311 1.4833 12.697 4.5251 8.6014 5.6237 7.2293 6.4339 6.8196 -0.14223 2.1027 -0.54078
0 0 2 2 62.259 -6.0971 -3.0551 3.5016 7.9719 4.8857 5.4981 1.7006 3.7816 3.8074 6.0018 4.2593 2.866 5.4035
0 0 2 2 52.986 -8.8406 12.633 4.9952 8.9895 8.7339 6.5429 5.7949 5.0263 2.7432 0.48283 5.7352 2.5324 3.2918
0 0 2 2 63.164 -9.6065 7.5182 2.7783 12.66 6.0534 8.5334 3.5448 3.4144 4.3808 2.2872 0.88198 0.61918 -1.8777
0 0 2 2 65.621 -12.474 -0.68013 4.8776 13.225 5.3911 8.2135 5.9559 7.5611 3.1693 7.333 5.2762 3.9966 0.85392
0 0 2 2 64.363 -9.9485 4.968 3.5639 14.795 2.7707 5.1793 -0.54308 7.9461 1.8252 1.4388 0.56006 4.5368 1.3968
0 0 2 2 64.582 -10.594 4.7962 1.817 13.527 2.9768 4.3379 0.4871 9.7073 2.2287 3.8697 0.91705 5.0551 2.3369
0 0 2 2 68.318 -10.968 -3.4796 9.3208 10.023 5.534 9.3701 5.4706 5.2052 4.0415 0.96425 0.44193 2.881 -2.8678
0 0 2 2 68.064 -11.362 -3.9372 8.7976 9.3312 5.7027 9.2224 6.3276 5.7298 4.9598 1.7633 1.267 3.5172 -2.1733
0 0 2 2 61.17 -12.286 3.6842 11.817 13.755 5.7023 6.8329 14.131 3.2711 -1.3371 -0.66378 2.3707 0.01933 2.4322
0 0 2 2 61.204 -18.063 4.1248 12.363 11.663 6.969 5.9947 3.451 14.476 -1.0813 7.8368 0.42298 -0.0051665 3.006
