1 0 2 3 63.054 -19.655 4.403 -5.5375 2.5925 -1.1427 -2.2222 1.7067 4.277 5.1062 0.075505 1.4254 -2.8928 4.9836
1 0 2 3 63.853 -24.364 7.3678 -10.373 4.658 -0.0038091 -3.1322 5.9296 0.81851 5.561 0.59269 1.4529 -1.5785 0.36656
1 0 2 3 64.092 -23.978 7.7732 -5.8783 2.6722 -2.2888 -5.9584 4.6407 5.3766 5.6665 -2.4763 1.613 3.5781 2.0664
1 0 2 3 64.14 -23.409 7.3487 -8.2512 1.6954 6.5449 -8.5085 7.8203 2.5172 3.8884 2.4109 1.3757 2.2763 0.76128
1 0 2 3 63.726 -22.93 7.5613 -7.298 -0.070989 5.2606 -4.9385 5.8135 -0.85738 1.3644 3.1998 3.8844 3.118 3.4134
1 0 2 3 63 -22.398 5.7793 -6.1945 -4.9516 3.6453 -3.8028 7.1336 -1.0552 0.10334 1.5192 -1.2678 3.1394 3.9827
1 0 2 3 62.521 -22.206 5.7423 -4.3838 -5.8531 3.9664 -4.279 6.5771 -0.018573 2.245 2.9269 -1.5079 3.3036 4.6104
1 0 2 3 64.637 -19.762 6.4285 -4.7011 -1.7384 -0.59563 -3.5816 2.3034 1.0648 3.3153 1.0619 2.3196 -2.0111 -0.60797
1 0 2 3 64.814 -21.991 3.292 -5.6815 -6.3446 3.5867 -1.3298 3.0561 3.2919 2.7001 0.60657 -1.793 -3.4387 0.75333
1 0 2 3 64.161 -22.068 3.7664 -6.6229 -6.1844 4.028 -3.2651 0.70787 1.3635 2.1951 -1.5047 -1.5293 -1.8271 1.4037
1 0 2 3 67.638 -19.76 10.5 -3.7433 -5.1544 -3.3143 -0.52875 -1.4334 3.6576 2.9189 -6.0087 1.5261 0.98404 4.7762
1 0 2 3 66.34 -18.695 9.2876 -6.1779 -2.5825 -1.7141 -4.9659 1.29 -1.9395 1.3972 -2.9325 -1.3172 0.058488 3.8049
1 0 2 3 66.918 -17.729 11.76 -8.5419 0.8566 1.0269 -6.235 -1.7801 -1.6888 -0.016834 -2.5381 1.0373 -0.13493 5.8742
1 0 2 3 66.91 -18.065 10.939 -7.805 0.64342 -0.50035 -5.3603 1.2528 -4.4928 4.3105 -3.4475 -2.02 0.12865 1.3116
1 0 2 3 66.887 -16.424 10.035 -2.3336 0.39741 -0.93418 1.4151 5.1375 1.9358 7.4678 -1.2122 -1.0037 1.6431 1.3042
1 0 2 3 63.071 -21.107 6.4076 -4.8708 0.77795 3.2887 -4.5432 1.4456 3.4789 0.72347 0.61218 -1.0135 1.688 3.3462
1 0 2 3 64.526 -19.924 10.367 -6.7991 6.6534 -1.2446 -3.8972 -0.044748 -1.856 5.4915 3.1798 5.0861 1.1142 3.088
1 0 2 3 64.566 -21.461 8.8362 -5.218 3.5561 -0.99834 -1.6237 -1.1538 0.14416 6.7278 -2.5273 2.8504 -0.65577 -1.6825
1 0 2 3 64.426 -22.158 7.5548 -6.3333 -0.97577 -2.7538 -2.5078 -0.99873 -4.0542 5.4675 -1.3452 -0.20268 1.2997 2.0995
1 0 2 3 62.832 -20.58 9.6339 -6.9384 1.7101 -0.92232 -1.4538 3.8443 0.81232 7.3322 -2.6428 -1.1028 0.29699 1.9361
1 0 2 3 62.655 -20.636 8.8367 -6.5255 3.7536 1.2469 -6.5874 4.499 -1.4839 4.9084 2.7613 -1.6097 0.19422 2.2265
1 0 2 3 62.882 -19.745 3.9652 -6.7836 1.0979 -2.4562 -2.8824 0.63898 5.2001 7.4159 0.42593 2.3994 -3.8809 5.0675
1 0 2 3 64.29 -23.276 9.4183 -8.9225 4.653 0.078853 -5.082 4.5281 0.18727 4.7614 -0.924 -0.15169 -1.6699 -0.12229
1 0 2 3 64.787 -22.41 8.0071 -7.7005 3.6687 -0.64348 -6.358 4.0448 2.6792 3.8348 -2.9882 1.0011 0.34504 1.4058
1 0 2 3 64.586 -22.843 7.9135 -8.2457 2.1688 6.2246 -8.3748 7.5642 1.699 3.6484 3.0522 1.0007 1.0824 -0.38105
1 0 2 3 64.065 -23.382 7.0406 -6.2275 -1.6037 4.2179 -3.6291 4.6637 -1.6309 -0.4142 -0.38942 2.3167 4.386 3.5505
1 0 2 3 62.914 -22.137 6.81 -6.1537 -5.227 5.473 -3.0595 7.0309 -1.0942 0.65525 1.4031 -1.922 3.3998 4.9478
1 0 2 3 62.546 -21.666 6.5095 -4.5386 -5.4367 5.7405 -4.7436 6.5134 0.057758 2.8136 4.0336 -1.8409 1.2883 4.3766
1 0 2 3 64.828 -20.245 5.7444 -3.0043 -1.2398 -1.7848 -3.1566 2.6682 1.0021 3.3185 1.2525 1.6462 -3.6763 0.091943
1 0 2 3 67.391 -16.115 8.1728 -3.0586 -3.4156 4.1371 -3.0479 1.2082 0.26928 0.80261 -0.70428 -0.83189 -0.21597 0.17394
1 0 2 3 67.93 -19.878 10.249 -3.5289 -5.1854 -4.3014 -0.94077 -1.9207 1.6416 2.8428 -6.117 2.3173 0.89146 4.006
1 0 2 3 66.593 -18.558 8.9127 -5.9089 -1.3757 -1.5783 -4.571 2.2793 -3.7129 0.38093 -1.597 -1.3621 -0.25087 2.7642
1 0 2 3 67.135 -17.963 11.24 -7.9331 0.34829 0.43558 -7.7224 -1.8176 -2.1371 -1.6543 -3.8738 0.37348 0.27404 6.7051
1 0 2 3 67.181 -17.224 11.675 -8.2666 -1.128 -0.6436 -5.7436 -0.51137 -4.2895 3.1727 -4.0884 -0.95745 0.11199 0.64194
1 0 2 3 66.156 -17.848 7.9253 -6.6696 -0.55059 0.93184 -6.7557 2.5623 -0.61526 5.4402 1.5319 -2.0069 2.9502 1.1542
1 0 2 3 65.091 -17.622 5.2555 -3.593 -5.2542 6.5236 -11.282 6.0899 -1.5097 1.0803 2.0811 -2.0987 0.60839 1.4319
