0 1 2 2 53.664 -19.433 14.039 -2.6789 -5.1479 5.5978 -2.7899 -0.08877 -1.5365 2.7763 -1.1028 1.8633 1.7128 1.1596
0 1 2 2 55.768 -18.092 11.133 -2.2652 -4.9244 4.308 -0.60147 -1.5629 0.56365 0.90818 -0.22475 -0.87377 1.3987 -1.1474
0 1 2 2 56.469 -17.414 11.262 -3.9431 -3.1647 3.806 -1.7426 -0.2075 -0.66274 1.476 -1.6195 1.3493 -0.39743 0.32504
0 1 2 2 52.452 -20.571 14.922 -1.6799 -3.2531 3.3018 1.2088 5.5491 0.88554 0.72503 3.0773 1.7339 -1.4718 1.4463
0 1 2 2 54.228 -19.363 13.598 -2.3309 -4.8995 5.5031 -1.4632 0.5263 0.3539 3.4331 -1.2939 2.581 1.5347 -0.62338
0 1 2 2 58.056 -15.087 8.4643 -1.4352 -5.4003 5.3039 -2.6196 0.082137 -0.7602 2.0458 -2.1106 0.15211 1.1925 -0.99456
0 1 2 2 52.63 -19.548 12.135 -2.4431 -5.4298 4.6175 -2.3792 2.7472 -2.4381 5.1336 -1.3682 1.6981 2.4574 0.6649
0 1 2 2 50.12 -22.462 16.592 1.7502 -12.281 7.4182 2.3414 -1.9162 -0.98939 7.2992 -2.8418 3.0425 8.2816 2.8108
0 1 2 2 54.564 -19.325 11.432 -0.81203 -5.8794 4.3237 -2.009 0.82773 -2.2266 1.6448 -2.2202 1.5342 1.4423 1.0167
0 1 2 2 51.847 -21.881 16.711 -0.4237 -4.9945 4.235 -1.0212 0.77699 -4.459 -2.345 -1.5393 1.7852 -2.261 2.4964
0 1 2 2 53.101 -20.053 15.29 -1.4273 -3.918 3.2984 -0.90639 0.56084 -0.081189 3.7264 0.34534 2.9278 0.74304 2.658
0 1 2 2 56.531 -17.882 12.426 -4.1434 -3.9839 5.4054 -1.8064 -1.192 1.2804 1.2761 -2.3794 1.5641 0.82369 -1.1844
0 1 2 2 54.859 -19.661 11.933 -1.4779 -7.41 4.838 -1.0516 -2.303 1.2955 2.7479 -2.4072 2.4924 0.72733 -1.1572
0 1 2 2 57.217 -17.756 11.534 -2.8681 -5.1969 6.3257 -1.9599 0.48458 -0.90062 4.7386 -4.4222 3.2067 0.70336 -1.2058
0 1 2 2 52.841 -19.421 15.795 -4.7095 -4.4067 4.962 -0.045534 2.6837 -2.9635 5.6621 -2.2378 3.5346 3.4093 2.5394
0 1 2 2 53.501 -17.768 13.92 -5.71 -3.4427 5.2093 -3.2165 1.0787 -3.5601 3.8196 -0.45212 0.40717 1.1008 1.6119
0 1 2 2 53.278 -18.514 12.959 -4.1809 -4.7441 6.3293 -1.7036 3.1819 0.47853 0.59742 -1.4624 -0.32417 -0.79874 3.4676
0 1 2 2 52.963 -18.259 13.508 -4.8592 -2.6631 6.1105 -4.9432 3.2319 -2.9923 2.9502 -1.7481 1.9098 0.90005 1.6784
0 1 2 2 52.402 -19.679 14.95 -2.6382 -4.7741 6.8316 -2.0755 -0.10564 0.18235 2.5416 -0.4892 2.3754 3.0255 1.3931
0 1 2 2 54.739 -18.522 12.878 -2.5426 -3.6134 5.5694 -1.4808 0.57141 0.045468 3.0283 -0.94606 0.54733 1.1813 -0.11969
0 1 2 2 53.685 -19.635 13.773 -0.71604 -2.4112 5.1817 0.75128 2.0633 3.0214 3.6608 0.0059879 1.9797 1.3242 -1.2546
0 1 2 2 54.145 -19.77 13.458 -0.86765 -5.0356 5.2251 1.2072 -0.071886 1.957 3.5494 -1.7805 2.2572 2.0887 0.38806
0 1 2 2 56.577 -19.412 12.561 -1.0899 -6.5349 5.7313 0.67684 -2.403 1.7893 2.4301 -1.3798 1.1073 2.5588 -0.33176
0 1 2 2 59.607 -17.608 9.2791 1.1208 -7.6314 4.6915 1.3282 -2.7499 -0.25845 3.1557 -2.2827 0.45073 2.0921 -1.1358
0 1 2 2 52.559 -18.978 13.174 -5.9797 -7.4222 8.5836 -11.609 7.9792 -1.7618 3.06 0.0026185 4.1826 5.3123 2.9149
0 1 2 2 55.38 -18.936 13.098 -3.3385 -4.8577 7.764 -5.8497 4.3176 -2.2933 1.8855 -0.37306 -0.41985 0.63122 2.1595
0 1 2 2 55.347 -19.57 12.707 -3.876 -7.3509 7.0669 -3.53 -0.3812 1.6144 -1.6592 -1.1302 2.8459 -1.1893 1.6747
0 1 2 2 54.587 -21.645 14.895 -1.6962 -7.9625 8.0833 -0.52372 -1.9338 3.0637 0.89821 -6.1834 5.0651 2.9996 -1.2045
0 1 2 2 57.257 -17.794 10.416 -2.1655 -7.1782 6.2067 -1.1972 -1.9844 2.2961 1.694 -3.4411 1.1337 1.5111 -2.1699
0 1 2 2 56.433 -16.406 12.893 -7.4248 0.07134 4.7822 -5.1738 4.2321 -2.2503 2.5662 -2.5779 3.3491 -1.8091 0.56961
0 1 2 2 53.022 -19.316 15.01 -3.764 -2.9254 6.8769 -2.6834 2.3465 -4.2085 5.5143 -3.9257 1.511 1.2681 1.1661
0 1 2 2 53.902 -18.261 14.337 -3.0337 -4.3557 4.8412 -0.84147 4.8289 -2.4851 5.7922 -2.5166 1.4113 1.2053 0.89851
0 1 2 2 53.523 -18.922 12.998 -3.826 -5.3882 3.9365 -0.67918 3.9783 -0.14737 1.5439 -5.8758 1.2056 -0.74779 -0.69583
0 1 2 2 56.919 -15.077 9.6243 -3.8563 -3.9627 5.3104 -3.0072 0.21438 0.18637 0.96828 -3.7865 3.9048 -1.0164 0.99325
0 1 2 2 54.561 -16.71 12.623 -6.0121 -3.6188 5.7044 -5.2643 5.2656 -1.6323 3.1764 -0.41458 -2.2208 3.9268 -2.2704
0 1 2 2 56.574 -20.046 13.523 -3.4481 -7.4156 9.2626 -3.1137 0.79889 2.3651 -0.19726 -2.1763 2.2987 -1.5994 0.85223
0 1 2 2 53.36 -22.779 17.191 1.3419 -12.158 3.3293 2.3781 1.9206 -0.47315 7.7023 -0.57883 -1.5998 1.4694 1.8347
0 1 2 2 57.224 -19.536 11.517 0.35295 -6.5439 3.0753 1.1567 -0.33544 -2.845 3.3006 0.22953 -1.7237 1.0239 3.2992
0 1 2 2 55.298 -21.187 13.989 0.28681 -9.7814 4.6996 3.9994 1.1369 -0.37348 6.3097 -0.049065 -1.2842 -0.38687 0.77669
0 1 2 2 58.449 -20.305 10.214 3.0592 -8.9761 3.8916 5.6282 -2.2462 -0.18371 3.3147 -2.6666 0.16106 0.63319 0.6129
0 1 2 2 59.058 -21.06 8.7345 3.9091 -10.649 4.257 6.3993 -2.7178 0.37919 1.6741 -2.1827 -0.63139 1.1112 -0.32419
0 1 2 2 59.058 -21.06 8.7345 3.9091 -10.649 4.257 6.3993 -2.7178 0.37919 1.6741 -2.1827 -0.63139 1.1112 -0.32419
0 1 2 2 58.185 -19.714 6.6569 4.6479 -13.481 1.2695 12.409 -6.7188 2.2488 1.9378 -3.3031 -1.3222 3.4515 -0.085151
0 1 2 2 56.616 -16.652 12.025 -7.0365 -5.0484 8.0067 -7.4417 5.215 -0.80396 0.78369 -2.5395 2.5153 -1.0453 0.27508
0 1 2 2 54.891 -21.32 13.491 -4.2704 -11.229 7.9951 -2.0155 2.8169 2.4487 1.171 -5.0116 3.7612 -0.7775 1.2113
0 1 2 2 55.202 -22.488 14.695 -2.5358 -10.479 9.8984 -1.0668 -2.7625 7.5666 -1.0145 -1.8252 4.6649 -0.83557 1.7595
0 1 2 2 55.202 -22.488 14.695 -2.5358 -10.479 9.8984 -1.0668 -2.7625 7.5666 -1.0145 -1.8252 4.6649 -0.83557 1.7595
0 1 2 2 55.499 -19.614 11.824 -4.0172 -10.121 9.9227 -0.91418 -0.71315 1.8114 1.359 -6.775 5.2529 -0.1108 0.16092
0 1 2 2 55.785 -16.789 10.388 -3.2879 -6.7222 8.289 -5.4353 1.1931 2.1176 2.5256 -6.6551 4.9441 -0.43466 -1.1823
0 1 2 2 52.244 -19.591 16.43 -9.1173 -0.062748 5.8339 -4.4619 6.4619 -6.0834 3.2455 -3.5304 2.6988 1.9133 -0.40104
0 1 2 2 52.72 -19.043 14.307 -6.0648 -0.73137 2.5983 -0.94445 7.8612 -6.2873 6.8122 0.28931 -2.1246 2.5904 2.9253
0 1 2 2 53.26 -19.253 14.831 -6.357 -3.5001 3.816 -1.6787 5.0885 -1.2292 1.5961 -2.088 3.3082 4.5941 2.1066
0 1 2 2 52.376 -21.212 15.395 -4.7239 -4.3007 4.9866 -2.1926 2.7184 -1.5817 1.9068 3.771 0.82449 0.67148 3.7956
0 1 2 2 52.507 -20.359 14.204 -5.4493 -7.1459 5.2682 -0.33094 3.722 3.8197 4.2736 -2.4548 0.19013 1.6597 0.37995
0 1 2 2 53.029 -19.137 12.721 -3.1384 -6.3559 6.9084 -1.2825 -0.97527 2.3369 2.1677 -3.1114 3.5926 1.0661 -2.7576
0 1 2 2 52.514 -18.651 15.596 -4.7649 -1.8893 3.6624 0.71488 1.8 -3.2312 5.2538 -0.865 0.46116 5.8459 0.69365
0 1 2 2 61.034 -14.948 8.6397 -4.3093 -2.2037 2.9011 -1.4026 1.2516 -0.6332 -0.098933 0.67845 -1.7854 2.0928 -1.4216
0 1 2 2 58.328 -21.315 8.3607 -4.6826 -12.513 8.0369 4.9479 -1.8626 1.4455 0.56712 -2.2531 0.33967 4.0621 -1.4921
0 1 2 2 55.936 -20.507 12.569 -5.657 -14.297 11.699 -4.7225 0.92144 0.56009 2.0335 -3.8009 6.7555 -0.074851 2.0879
0 1 2 2 56.187 -21.947 11.934 -3.4779 -14.935 13.592 -3.1944 0.34364 0.41692 1.2248 -3.6472 2.6455 2.4279 3.7304
0 1 2 2 55.403 -21.044 11.703 -2.5707 -15.319 10.038 -3.4047 1.2411 5.962 4.2017 -10.338 4.9868 3.3932 -0.11488
0 1 2 2 55.617 -19.399 9.6577 -4.0563 -13.422 12.377 -1.7762 0.10929 3.4154 4.5073 -7.3389 6.4601 1.3887 0.55044
0 1 2 2 55.438 -17.932 9.3163 -2.8256 -12.742 10.022 -0.51429 1.2515 2.5793 2.5316 -6.1084 5.0667 0.73966 -1.8951
0 1 2 2 55.335 -21.442 11.361 -7.0803 -6.8999 7.2127 -2.186 3.7253 -1.5089 4.9793 -2.362 3.3009 6.2826 0.96712
0 1 2 2 61.055 -14.551 10.037 -5.7782 -1.7739 4.7244 -5.1174 3.1805 -1.9682 2.0632 -2.3507 2.0699 -1.5501 0.66007
0 1 2 2 54.286 -19.852 13.039 -7.5444 -6.8746 5.4909 -3.9385 4.3286 5.4125 1.0153 -5.6514 5.0764 1.4921 0.59681
0 1 2 2 53.513 -19.662 10.619 -4.9011 -5.6405 3.9629 -2.1847 5.3358 2.5643 3.065 -0.81296 3.9197 -0.3699 3.6157
0 1 2 2 53.183 -20.676 15.548 -9.2418 -1.4634 5.2937 -1.9262 3.8508 -4.3147 4.5962 -5.4969 5.2164 4.2158 1.4182
0 1 2 2 54.393 -19.974 13.786 -7.4746 -0.65211 3.4901 0.022723 1.8334 -2.8439 4.4239 -4.9634 2.188 3.268 -0.49423
0 1 2 2 53.965 -18.869 14.17 -7.1544 -4.959 3.1378 1.0992 3.2041 0.3851 7.1797 -3.5414 -1.397 -0.16027 1.9812
0 1 2 2 55.116 -18.686 14.219 -6.3509 -2.7474 4.0515 1.4746 2.042 1.6574 2.647 -2.6917 2.0375 0.17318 2.5488
0 1 2 2 53.561 -18.496 14.511 -7.2756 -2.0734 6.1498 -1.6042 5.6044 0.68481 -0.064728 -1.135 1.4852 2.5483 1.7008
0 1 2 2 57.474 -16.209 8.6512 -6.7513 -5.2169 6.0678 -1.6548 1.6249 1.9403 -1.7867 -3.5591 1.6308 -0.47361 -1.2825
0 1 2 2 57.45 -19.32 8.6691 -4.5626 -11.468 5.3664 4.3059 1.3076 5.3012 1.2974 -4.3418 4.012 2.9831 -4.2596
0 1 2 2 57.424 -18.962 6.2565 -2.9986 -14.415 4.6645 8.4326 -2.1931 4.6631 -0.98714 -3.5213 0.31602 5.6467 -5.3952
0 1 2 2 54.828 -19.961 10.622 -7.7466 -7.7369 8.9862 -6.9807 5.2154 3.5548 2.5153 -2.8893 1.1642 1.8069 -0.58219
0 1 2 2 54.719 -20.215 10.633 -7.6567 -7.5837 9.7934 -5.9658 4.8286 2.5362 2.2864 -2.044 1.4702 0.98633 -1.2329
0 1 2 2 55.519 -19.578 11.429 -4.5152 -7.1335 7.904 -1.8008 2.4864 1.7258 0.23247 -2.6677 3.4749 -1.3964 0.92121
0 1 2 2 54.848 -19.616 9.7384 -5.6136 -9.937 6.5976 0.015255 0.77611 2.9063 0.58425 -4.329 3.9012 0.35086 2.0106
0 1 2 2 52.019 -19.568 12.554 -3.9852 -8.2319 5.0842 -0.87 4.3293 -1.6625 7.4913 -1.4641 -1.1699 2.8484 -2.4905
0 1 2 2 53.23 -19.402 14.273 -1.9554 -8.2057 1.592 3.1585 -0.6858 -0.50226 5.9229 -0.80969 2.0608 -1.1018 3.0814
0 1 2 2 53.619 -19.157 11.883 1.76 -4.9813 -0.60225 6.4084 6.3356 -3.2139 11.198 0.63633 -3.481 1.456 2.591
0 1 2 2 52.765 -17.367 13.082 -1.947 -7.0767 6.8315 -0.69276 6.1627 0.4214 -1.0387 -5.9701 -1.827 -1.3326 4.4772
0 1 2 2 53.097 -21.28 12.928 -0.68417 -9.0805 11.018 -3.5353 4.1752 0.98297 -2.9311 0.63088 1.9879 0.1246 7.0319
0 1 2 2 54.411 -18.914 9.8439 2.297 -9.4905 4.4275 2.7053 1.1502 -2.4464 5.2285 -2.7548 0.45003 3.3389 1.2934
0 1 2 2 61.259 -11.286 4.6346 0.28288 -5.2759 4.0918 -1.3775 -0.43642 -0.92433 2.7946 -2.6951 0.67273 1.3265 -2.2465
0 1 2 2 58.751 -15.393 7.1691 1.2858 -8.261 5.4331 -0.18551 -2.4889 -0.29993 2.9793 -3.1227 -0.30576 1.7158 -1.3875
0 1 2 2 55.599 -20.132 9.9753 4.305 -13.297 4.7879 3.821 -4.0813 3.5259 3.6266 -2.4362 1.7887 3.4378 2.2459
0 1 2 2 52.719 -16.865 13.848 -7.0213 -2.28 6.0039 -4.2791 3.3058 0.40054 2.2203 -4.5673 6.3975 -1.7113 2.2878
0 1 2 2 50.33 -20.394 17.653 -7.5407 -6.1329 5.8014 -2.2207 4.2711 -2.2219 5.9743 -3.7278 2.1753 4.6868 4.0882
0 1 2 2 51.032 -19.812 16.161 -7.0122 -3.8884 6.5946 -2.054 5.1385 -3.1718 5.6466 -0.70875 1.7989 3.865 4.5976
0 1 2 2 50.739 -20.668 15.3 -5.5723 -3.7071 3.1675 -1.4127 8.531 -2.8794 4.5543 1.2459 0.70589 5.3458 1.8743
0 1 2 2 61.898 -15.013 7.212 -0.024077 -7.9944 -3.6117 14.061 -9.8601 -3.2367 1.8132 8.2141 -0.49982 -9.4338 0.75802
0 1 2 2 53.965 -17.677 13.705 -4.979 -0.93252 1.4038 -0.48198 3.5329 -1.3296 3.8484 -1.5198 -0.44044 -0.5825 1.2461
0 1 2 2 63.152 -10.579 6.3141 -4.653 0.63157 0.75803 -1.6648 1.4595 -2.065 2.1891 -2.2236 1.1895 -0.28115 -0.13182
0 1 2 2 61.754 -13.74 7.9948 -3.7454 -1.9045 2.4038 -1.7824 0.8695 -1.4715 1.5178 -0.19436 -1.5537 2.1009 -1.1725
0 1 2 2 57.175 -19.082 10.133 1.5179 -10.875 4.7801 2.1972 -1.663 0.64228 5.369 -2.6539 -0.21519 2.3982 0.092709
0 1 2 2 58.251 -12.666 8.1096 -4.2053 -2.089 3.9244 -4.0458 2.7721 -1.8077 2.151 -1.5394 1.8623 -0.91068 1.3514
0 1 2 2 54.891 -18.042 10.983 -3.4805 -7.1534 4.6636 -1.8647 3.3476 0.66399 3.3463 -5.2766 1.5227 1.7435 2.4139
0 1 2 2 53.74 -18.963 8.414 -1.5489 -13.087 8.1121 -1.6156 3.921 -0.37007 3.0766 1.4651 2.4299 5.1935 3.9447
