0 0 2 3 69.203 -15.503 5.5446 -2.7823 2.284 2.15 -2.9692 2.4579 -3.3284 -0.5739 2.1532 -1.3502 0.48439 0.54438
0 0 2 3 66.965 -20.73 -8.6602 -11.42 4.8145 5.7412 -5.7998 3.5859 2.1261 5.9718 3.1231 2.591 -1.1538 -1.7304
0 0 2 3 58.17 -22.637 12.183 -3.3136 1.8684 7.8156 -7.3106 6.7176 3.0835 -3.5385 3.2141 0.24255 -0.93651 4.6044
0 0 2 3 66.615 -19.848 -1.3279 2.6679 5.5164 8.5059 -0.20262 -0.51828 1.0017 5.1437 3.8716 3.2649 0.39535 -0.77878
0 0 2 3 67.101 -20.109 -2.8875 2.4704 5.5702 8.3228 0.74636 -1.0774 1.5314 4.9288 3.5478 3.4054 0.05723 -1.0015
0 0 2 3 67.105 -20.775 -5.5497 1.6571 5.1325 7.839 2.1692 -1.9719 2.6178 4.0563 2.9858 3.2692 -0.44811 -1.0081
0 0 2 3 67.127 -14.167 2.0966 0.35196 -0.10178 2.8351 -3.3131 -0.9636 0.063398 1.8213 -1.0372 1.1289 -1.1081 -1.3623
0 0 2 3 68.791 -10.633 8.5069 -5.4042 0.2468 3.629 0.38866 2.6804 -0.8283 0.79562 4.3289 -5.1205 3.914 0.20229
0 0 2 3 61.877 -17.245 12.361 3.6469 -0.13603 13.984 -2.3327 3.5364 6.712 -6.4574 4.7086 0.95143 5.7554 1.6506
0 0 2 3 61.356 -16.05 12.835 5.6317 -1.46 12.274 -4.0949 -0.25428 5.0027 -1.1537 3.4753 -2.5095 5.9371 1.614
0 0 2 3 61.945 -17.861 14.241 -0.11947 1.6585 9.7638 -1.9384 3.7212 2.076 -0.39184 3.3871 0.46865 0.25996 2.7623
0 0 2 3 60.078 -22.385 14.898 -3.7947 3.4145 8.7157 -2.4656 6.2505 -0.56995 0.42199 4.138 1.0609 0.73807 0.11671
0 0 2 3 59.385 -22.395 12.605 -7.1224 -2.7368 7.3536 -5.6762 4.198 -3.036 0.037998 4.0696 -1.0819 -0.037028 1.3413
0 0 2 3 60.048 -19.782 11.145 -5.4856 -1.9345 6.6772 -5.9221 4.2064 -3.1507 -0.49333 2.6795 -3.2202 1.5958 1.8072
0 0 2 3 59.766 -18.971 13.071 1.6308 -1.161 11.559 -3.3928 4.3183 1.544 1.6338 3.3883 1.8215 5.4527 4.4349
0 0 2 3 61.3 -17.986 13.447 7.204 0.21442 11.929 1.3198 2.9126 1.7893 -5.0479 4.0025 -3.0005 1.4534 2.0883
0 0 2 3 61.645 -21.045 16.876 0.18418 1.4701 10.771 -0.25776 1.4775 -3.5762 3.1188 2.5264 3.0942 1.4487 1.7986
0 0 2 3 58.471 -23.231 13.473 -5.2226 -1.6906 6.7486 -4.042 8.4231 -2.0817 -0.50799 -0.16331 -2.0606 3.1675 2.2483
0 0 2 3 60.589 -19.575 9.9796 -4.903 -2.2687 7.4594 -7.4948 6.3897 -1.3925 -2.5842 2.5226 -1.2789 -1.0054 1.7769
0 0 2 3 59.517 -17.052 13.752 3.381 -0.64501 10.703 -5.0618 3.9828 -0.031949 -3.5678 5.8875 -0.27692 2.3377 2.192
0 0 2 3 61.116 -17.566 9.2098 -4.4723 -3.0701 6.7073 -7.1269 3.8303 -0.38435 -1.615 0.37399 0.35718 -1.7853 1.5019
0 0 2 3 66.925 -10.745 11.303 -7.8764 -0.84663 2.8388 0.035155 2.0646 -0.60567 1.972 2.9869 -3.1778 4.7016 -1.3879
0 0 2 3 62.015 -18.046 12.061 5.03 0.40784 12.078 0.23659 6.3312 6.8132 -5.0656 1.3646 -2.1991 2.6612 -0.12805
0 0 2 3 63.366 -14.529 9.7978 -0.43739 -1.7327 15.167 0.29185 1.8053 0.014047 -3.287 5.6051 -2.0949 2.2398 0.65237
0 0 2 3 58.684 -23.163 10.262 -11.473 -0.68707 3.0616 -3.4124 7.7575 -0.64148 4.218 1.7681 0.6576 3.5721 1.2866
0 0 2 3 66.342 -13.52 9.6991 -7.5162 1.655 2.4554 -5.7043 5.9892 -4.1723 1.3744 0.55226 -1.3413 1.1881 -0.12675
0 0 2 3 62.848 -19.965 16.713 0.47101 1.0807 9.6021 -2.2642 4.0771 -0.81678 0.6925 3.0376 -0.16346 0.097968 4.8916
0 0 2 3 59.653 -23.718 9.3275 -5.7869 -1.1162 7.9985 -4.9075 6.872 0.88607 -2.9582 -3.8002 -3.0671 -1.1057 1.6322
0 0 2 3 59.155 -21.482 10.502 -5.5895 -3.4814 7.9937 -5.8745 4.5276 1.4825 -1.7607 0.9168 0.60857 0.12112 2.2705
0 0 2 3 57.761 -21.903 9.3555 -4.4079 -4.136 7.7998 -5.6879 4.5521 1.4153 -1.204 2.1293 2.9133 -0.4705 2.586
0 0 2 3 58.532 -17.084 10.309 -0.86911 -2.9827 12.331 -3.0321 8.6169 5.0807 3.3843 6.9363 -0.70844 1.6942 -0.46959
0 0 2 3 62.996 -16.003 10.639 0.69505 -1.7516 11.791 -3.8977 2.955 4.8323 -1.9729 3.9983 -4.1988 2.7625 0.16216
0 0 2 3 60.243 -17.485 12.868 4.9574 1.3238 7.3581 -1.3581 7.3294 3.8458 4.5434 5.8138 -1.755 4.0423 -2.0574
0 0 2 3 65.597 -14.464 10.322 -8.7647 3.5853 -0.29227 -3.1708 3.555 -3.1049 2.0684 -1.3987 0.61439 -2.5934 0.85595
0 0 2 3 59.301 -23.919 10.617 -8.8726 -0.021659 6.09 -6.2172 5.5426 -4.7795 0.18963 1.7578 -1.3527 0.94127 2.2206
0 0 2 3 64.226 -15.963 10.737 -6.9731 -0.67879 5.0605 -6.9038 4.9256 -2.0284 -1.0594 1.4704 -0.85177 0.55506 0.89572
0 0 2 3 63.796 -14.394 7.5699 -3.7038 1.5596 10.151 -0.23493 4.1609 -3.1944 6.1872 1.3345 -2.8313 3.4988 -2.2912
0 0 2 3 63.592 -16.726 10.637 -5.3152 -3.0456 7.3689 -6.0842 3.654 -1.1184 -0.4934 1.0452 1.2451 -0.7044 1.5278
0 0 2 3 58.28 -22.983 9.1677 -2.2685 -4.1706 9.0622 -3.2041 4.4705 -0.36739 -1.1771 2.9857 1.8744 -3.4643 1.8464
0 0 2 3 63.209 -20.656 3.7712 -1.5438 -0.80851 -4.7862 5.2009 1.9553 -2.4818 2.3511 -3.7498 -0.95201 -1.8496 2.8444
0 0 2 3 63.168 -19.271 7.4372 -6.7915 2.1246 0.21507 -3.4899 8.8614 -2.2803 0.44355 -1.9383 -3.9033 2.5164 1.5883
0 0 2 3 61.23 -21.313 7.8539 -6.5276 2.1167 2.3127 -6.6332 5.6847 -0.11301 3.8509 -0.88724 -4.1246 0.84167 -2.7597
0 0 2 3 60.536 -22.525 5.5363 -7.491 -2.6501 1.0106 -4.2416 6.959 -0.73615 -5.1522 4.7932 -4.799 1.1542 5.9869
0 0 2 3 60.156 -21.163 5.987 -5.4578 0.68534 7.0264 -0.69594 9.1577 -1.7041 -5.731 1.7747 -3.981 0.36182 2.7672
0 0 2 3 59.683 -20.656 4.7021 -6.8923 -1.2226 7.3397 -1.5154 2.9938 -1.2082 -1.6513 -1.8565 -2.2851 -1.3853 2.1615
0 0 2 3 59.902 -23.371 11.584 -8.4833 1.9361 3.8062 -1.5592 11.181 -1.7134 4.5278 1.7346 0.96486 0.23521 1.1154
0 0 2 3 60.081 -23.308 10.902 -7.9384 1.6034 5.0049 -7.4195 10.118 -2.7807 0.19954 6.1081 -5.067 -1.1398 2.4669
0 0 2 3 59.877 -23.449 10.758 -6.9493 -2.6229 6.3922 -4.0533 6.3304 -0.5479 0.89959 2.5937 -2.9381 0.060906 1.3612
0 0 2 3 62.478 -18.683 11.662 -5.8648 -1.951 5.4985 -6.3326 5.7594 -2.6566 -0.85116 1.186 -1.3737 -0.2587 2.149
0 0 2 3 60.014 -20.557 10.82 -3.3117 -4.909 7.0435 -4.385 5.5228 -0.73143 -0.069276 0.048978 0.26448 -1.3048 1.7184
0 0 2 3 58.298 -21.511 9.7973 -2.3812 -4.0031 8.245 -5.2519 4.6881 1.3435 1.1053 -0.36509 1.1084 -1.1347 2.6811
0 0 2 3 65.147 -18.565 5.29 -2.2567 -1.5049 -1.5224 4.3331 -0.020305 -3.4228 4.8585 -3.6012 -0.93713 0.63303 0.081595
0 0 2 3 64.203 -19.048 0.73493 -13.76 2.1336 0.00087636 -2.5616 7.6363 0.74371 8.0911 -4.0825 -1.1052 0.31717 -6.4441
0 0 2 3 62.701 -17.218 5.8356 -9.0674 3.7223 2.1954 -5.7586 5.8909 -3.5207 3.045 -2.7015 1.5025 -1.3341 -1.6357
0 0 2 3 63.551 -15.813 6.9107 -10.455 -0.94014 3.8306 -7.4866 7.5713 -0.084663 6.1932 0.13116 -7.1145 1.8288 -0.47357
0 0 2 3 62.507 -17.814 1.5412 -14.424 -7.2043 4.3163 -6.7048 2.8952 2.4204 9.5374 -0.29828 -3.9383 2.2587 -4.3626
0 0 2 3 59.542 -22.763 8.6782 -11.503 3.065 4.3296 -3.4899 7.3915 0.58244 7.4615 0.21468 0.20008 0.039697 2.4567
0 0 2 3 60.381 -24.08 9.6495 -10.246 0.45457 4.0682 -5.3356 10.007 0.12414 5.5107 -0.58707 -4.4608 0.066615 2.4215
0 0 2 3 59.85 -24.705 11.027 -5.8951 -1.49 3.4772 -5.5744 11.032 -2.5064 2.1823 3.3123 -0.24247 1.2362 -1.0735
0 0 2 3 63.152 -18.309 11.524 -4.8819 -3.3464 6.0607 -6.5024 4.8473 -2.1638 -0.44605 1.0611 -2.3305 -1.3904 1.5855
0 0 2 3 60.772 -19.856 10.778 -4.0437 -3.0071 7.5723 -9.1406 5.4048 -0.39839 -2.2721 1.947 -0.41973 -2.3356 3.308
0 0 2 3 58.606 -22.06 9.783 -1.3522 -3.242 8.9901 -3.2194 8.007 3.0173 -1.8807 -1.3936 -0.020635 -2.9408 0.78737
0 0 2 3 71.846 -9.6158 2.6366 -4.2203 2.6631 -1.3341 1.2716 0.72839 -1.36 2.8133 0.50996 0.70002 -1.0866 1.1114
0 0 2 3 64.348 -19.51 3.8605 -8.0147 -3.3808 -1.9199 3.0857 -0.42383 -3.6302 9.8394 2.2127 0.027727 -1.121 -0.54509
0 0 2 3 62.362 -18.984 3.381 -14.685 -2.0434 -0.12208 -5.8161 5.126 -2.4792 9.6178 5.5928 -3.2779 0.68541 -1.849
0 0 2 3 62.126 -18.56 2.8117 -14.062 -3.5737 0.9676 -8.0088 6.0447 -1.6984 6.3545 3.2563 -2.3716 0.94327 0.18297
0 0 2 3 63.239 -16.486 3.892 -8.0707 -2.0151 3.1496 -4.2147 1.581 -3.1724 4.8456 1.1693 -2.2094 -1.9705 -3.0227
0 0 2 3 58.574 -22.451 9.4981 -8.6864 4.3447 3.8399 -3.2602 7.1669 -0.45225 3.5334 -2.2942 0.76708 -1.1092 3.601
0 0 2 3 60.561 -22.899 11.174 -8.3585 3.2861 4.7575 -4.6303 14.828 -1.0541 -2.1681 -1.4691 -0.24817 -0.28283 0.93451
0 0 2 3 63.983 -17.89 12.601 -7.9048 -0.21041 5.1573 -7.9697 6.7356 -3.0117 -0.2713 1.9688 -2.0267 0.65605 1.3724
0 0 2 3 59.231 -25.436 10.546 -6.4133 -2.3305 4.6176 -6.1403 6.8694 -3.9174 0.54761 2.9601 -2.1604 1.0868 2.9903
0 0 2 3 59.275 -23.865 11.445 -3.3778 -2.0088 4.865 -6.1609 7.1627 1.059 -0.40051 0.4283 -2.0419 1.2373 2.1517
0 0 2 3 58.717 -23.048 10.803 -1.9046 -2.0541 9.0004 -3.7462 6.7302 1.8286 -0.76973 0.37122 0.063247 -0.42494 -0.22265
0 0 2 3 57.469 -21.792 10.783 -1.3796 -3.3709 11.259 -6.4995 1.5266 1.9671 0.31479 1.2274 -1.0012 -2.3547 2.6346
0 0 2 3 60.764 -18.286 3.6913 -11.49 5.6743 -3.3524 -1.8259 9.5661 -1.9406 -1.0447 -5.5421 3.0551 -3.6573 4.5637
0 0 2 3 60.839 -20.704 4.7146 -10.663 5.8439 -1.3534 -2.6901 10.116 -6.9199 -0.64098 -4.8025 1.2871 0.74259 0.41974
0 0 2 3 60.249 -20.909 6.2602 -10.149 3.1333 0.45493 -7.7238 10.386 -2.5181 0.55705 -2.5781 -0.10755 1.7291 -2.0391
0 0 2 3 60.197 -20.403 5.7035 -9.0836 4.1118 4.6714 -4.6534 11.344 -4.159 -0.81056 2.605 -2.0294 -1.5124 -0.36696
0 0 2 3 59.623 -20.224 5.5655 -6.6914 1.5083 3.9904 -6.5313 10.778 0.76568 -1.7425 3.4315 -3.9669 1.5122 1.9954
0 0 2 3 60.337 -24.505 11.635 -8.7358 1.3119 4.1822 -2.4846 7.5451 1.5184 4.8884 -3.1962 0.68835 2.8203 -1.4232
0 0 2 3 62.679 -20.221 12.553 -6.3084 -2.2709 6.4218 -7.8058 6.503 -2.4775 -0.50101 -0.8764 0.56793 1.4643 1.1864
0 0 2 3 62.016 -20.06 11.765 -5.1889 -3.7983 8.2252 -8.158 5.6367 -1.2452 -0.069326 -1.3915 1.2415 -0.12784 0.76594
0 0 2 3 59.629 -23.026 9.2609 -4.574 -4.5356 8.7892 -6.1087 7.5162 0.0029177 -2.8122 0.028009 1.3524 -1.1746 2.3429
0 0 2 3 58.585 -22.716 7.7686 -3.5988 -6.7227 8.741 -5.6138 9.4025 1.6198 -2.4279 1.165 3.8491 -3.5414 2.7278
0 0 2 3 57.666 -22.224 8.8471 -0.56707 -3.3229 9.6411 -6.4646 5.5788 3.8029 -2.454 -0.17911 1.9774 0.13427 1.7039
0 0 2 3 61.975 -22.047 1.1017 -4.3537 -0.80969 -0.61337 -2.2795 6.6731 -1.9698 3.8474 -3.3304 -2.8036 2.2911 1.2542
0 0 2 3 60.203 -19.763 4.1804 -10.171 1.9641 1.9296 -6.6978 11.696 -0.17025 0.0075703 -2.6843 -2.7511 0.27049 0.92809
0 0 2 3 60.249 -23.893 9.4739 -9.8787 0.96091 2.4843 -4.4666 4.5279 -0.28468 5.5013 -2.4068 -1.3017 -0.2956 -1.4731
0 0 2 3 64.169 -18.066 12.431 -8.158 1.1216 3.2256 -6.2928 4.9933 -1.6829 -0.059653 -0.4557 -0.93267 1.0247 -0.087
0 0 2 3 59.546 -24.164 11.983 -7.2088 -0.77395 5.4187 -4.7444 8.1815 -1.0753 0.087262 2.2614 -3.8029 0.70431 5.6695
0 0 2 3 58.951 -23.908 11.928 -4.0256 -2.1412 6.9277 -4.4959 5.6459 1.618 0.11594 1.1174 0.11291 1.4182 4.1781
0 0 2 3 58.91 -23.213 10.449 -3.6132 -2.3402 9.2996 -4.4575 3.7916 2.3598 -1.5857 1.0851 2.2155 -1.0972 3.9439
0 0 2 3 57.898 -22.512 10.225 -2.3511 -7.6826 8.6736 -0.76034 3.4497 3.7323 -0.75966 -0.51734 3.8294 0.34355 1.1742
0 0 2 3 65.105 -16.531 6.1135 -4.0023 1.0183 -1.7817 2.9687 1.6404 -3.0654 5.763 -4.1041 1.3437 -0.45348 1.9731
0 0 2 3 62.51 -22.333 4.162 -2.3538 -2.0225 -4.8757 2.9903 4.1491 1.4025 7.6524 -6.778 -2.9288 -1.0253 1.3887
0 0 2 3 60.911 -19.49 4.3033 -11.274 2.5031 -0.23182 -5.4642 12.436 -0.43146 1.4078 -1.3802 -2.024 -0.18416 -0.22985
0 0 2 3 61.348 -16.642 8.6454 -9.6087 2.4408 1.837 -7.2521 9.528 -4.2685 0.67286 1.1213 -1.2916 -0.60985 -0.25388
0 0 2 3 61.392 -22.592 12.328 -7.331 1.0967 3.3602 -4.4573 6.6607 -2.4563 -0.34207 0.31771 -1.0559 -0.1641 -1.439
0 0 2 3 59.799 -24.85 10.354 -5.3418 -3.987 3.8286 -3.5326 8.5141 0.24828 -0.46924 -1.1342 -2.4901 0.3778 3.0771
0 0 2 3 59.205 -23.599 10.916 -4.6816 -1.1011 9.1849 -4.8355 6.9058 2.2406 -1.0624 4.0274 1.5311 -5.0007 3.6847
0 0 2 3 58.495 -23.039 10.094 -2.7365 -4.6674 8.3359 -3.593 2.8823 3.5584 -0.15144 -0.11886 2.7594 0.075016 3.2148
0 0 2 3 63.849 -18.686 5.9157 -0.98055 -2.8468 -1.0345 0.61493 2.9752 -4.1985 6.8709 -2.2016 -2.688 0.40526 -0.36068
0 0 2 3 61.089 -19.328 3.6131 -10.402 -0.13647 1.7047 -4.69 12.599 -1.9887 -3.2642 -0.70409 -5.0142 0.048111 3.1143
0 0 2 3 60.562 -19.311 2.9822 -8.3261 1.031 4.652 -6.3409 9.8297 -0.89381 -0.79073 0.76636 -1.3712 -0.42087 1.025
0 0 2 3 60.525 -24.641 11.682 -9.1166 1.1326 3.4785 -2.6548 3.7437 0.92704 2.4507 -4.0315 -1.1737 1.6635 -0.35223
0 0 2 3 62.123 -22.472 12.415 -7.2934 -2.1025 5.9553 -5.7833 3.3813 1.2821 0.30839 -0.055585 -1.7181 1.1669 1.5418
0 0 2 3 64.221 -18.534 11.583 -5.3919 -1.8421 6.1768 -7.5897 4.0825 -0.45603 -1.2135 0.40005 0.47355 -2.1055 2.4466
0 0 2 3 59.943 -24.911 8.99 -5.1054 -4.4345 7.6645 -5.5366 2.6725 1.7884 -0.77186 -0.82241 -0.89026 -1.7148 3.2783
0 0 2 3 59.804 -23.448 9.4031 -3.151 -5.1535 7.9485 -4.2357 2.0455 6.2583 -0.56942 -1.2324 0.70904 -0.88459 2.7507
0 0 2 3 58.897 -23.361 8.3185 0.49972 -3.0653 8.6539 -3.925 -0.95087 6.4389 -0.22641 -1.182 5.077 -0.15538 -2.2455
0 0 2 3 63.464 -19.464 12.983 -9.441 3.7723 3.608 -8.4623 6.6596 -2.6375 1.1495 0.51728 -1.2336 1.1318 0.11767
0 0 2 3 64.184 -19.273 12.236 -8.4371 1.3719 6.0486 -10.163 7.2544 -2.3504 -0.62397 1.5186 -2.0243 2.0761 1.2646
0 0 2 3 63.806 -20.264 13.309 -7.4471 -1.3138 6.86 -8.1592 5.2558 -1.9515 -0.090971 0.81643 -1.5855 0.83491 0.90986
0 0 2 3 60.963 -23.518 12.598 -4.086 -3.2186 9.2631 -9.2511 8 1.0073 -2.7223 0.99839 1.294 -2.7563 4.1966
0 0 2 3 59.798 -25.372 10.641 -1.1911 -2.8816 10.464 -6.9221 8.2353 2.6277 -4.0493 1.6986 1.8797 -3.2606 1.8888
0 0 2 3 59.214 -23.911 11.033 -0.56127 -3.8014 12.086 -10.029 3.0049 6.9403 -1.788 -1.8883 1.4288 -1.5116 2.9375
0 0 2 3 58.527 -22.963 9.9223 -0.79274 -4.0702 13.383 -7.325 2.1841 9.264 -0.3306 -1.8671 0.8002 -3.2149 -0.075792
0 0 2 3 63.505 -19.517 12.774 -8.6095 2.7908 1.6068 -5.6387 6.4731 -3.2569 0.98959 -0.80378 0.54094 -1.0933 -0.17065
0 0 2 3 62.004 -23.131 13.377 -8.8001 3.0427 2.669 -10.701 11.763 -1.2151 -3.5696 2.9783 -1.559 2.1487 1.5592
0 0 2 3 60.958 -25.559 11.956 -8.862 -1.8218 8.9213 -8.0752 6.6932 -1.1071 -0.64321 0.82221 -1.425 -0.031291 1.3033
0 0 2 3 61.939 -23.974 11.653 -5.9141 -5.1447 9.1152 -9.1659 6.4344 0.16508 -3.5172 -0.52311 -1.1193 -2.2322 3.6826
0 0 2 3 61.233 -24.233 11.807 -4.0055 -5.1917 8.4704 -8.9511 6.4522 2.2469 -5.2565 1.5339 1.1296 -4.4232 4.7831
0 0 2 3 60.135 -24.695 10.695 -3.0117 -7.6599 9.5211 -6.3101 3.4159 5.1985 -5.1894 -0.89687 0.55826 -3.7739 3.4826
0 0 2 3 59.887 -23.511 8.89 -0.78767 -7.0012 9.787 -1.496 1.8684 2.9514 -2.4986 -0.6068 3.1584 -1.4763 0.4142
0 0 2 3 60.947 -23.151 5.5528 -12.15 6.5229 0.23909 -4.2127 7.8823 -3.5253 1.6233 -0.84315 1.9268 -0.46398 1.9216
0 0 2 3 66.414 -17.192 12.244 -8.6435 1.4406 3.5604 -6.178 5.9791 -2.7817 -0.76247 2.5127 -1.6161 0.20719 1.9999
0 0 2 3 63.904 -21.269 13.214 -7.2815 -1.0309 4.8186 -7.7539 6.6335 -1.1616 -2.2771 2.9504 -2.98 -0.87373 0.92832
0 0 2 3 62.38 -23.988 12.29 -8.3261 -0.27335 8.4525 -9.1791 7.125 4.2821 -2.8071 -0.18918 1.1346 0.71055 1.9513
0 0 2 3 62.599 -24.097 11.351 -6.4345 -4.5017 8.7828 -5.5613 4.5472 3.0158 -0.53622 0.57654 1.169 0.61111 1.8338
0 0 2 3 60.749 -26.32 9.4582 -6.6313 -5.934 9.9313 -7.4074 3.4978 2.4735 -2.6892 1.9048 -0.0502 -2.4643 3.1491
0 0 2 3 60.933 -24.68 9.3951 -3.5439 -5.7167 11.572 -5.3945 4.5275 5.2701 -3.8631 -0.76571 0.89092 -2.4781 1.7953
0 0 2 3 61.529 -21.645 10.625 -0.94406 -7.3735 8.3059 -2.3617 -0.38489 4.1186 -1.6794 -0.63786 2.6911 -0.018106 0.1586
0 0 2 3 61.529 -21.645 10.625 -0.94406 -7.3735 8.3059 -2.3617 -0.38489 4.1186 -1.6794 -0.63786 2.6911 -0.018106 0.1586
0 0 2 3 61.4 -24.226 12.446 -7.6308 -0.8877 4.6402 -6.4161 7.5861 1.4121 -2.2446 4.6006 -2.3834 -1.3811 3.4778
0 0 2 3 61.199 -25.757 11.967 -7.2669 -6.8163 5.5753 -5.178 8.3832 5.8011 -4.2278 2.169 -2.1753 -3.681 5.6931
0 0 2 3 61.056 -24.907 12.008 -4.9702 -5.5553 9.5458 -6.2335 6.1366 6.3209 -4.9676 2.2566 1.4672 -0.73224 5.2024
0 0 2 3 60.674 -25.558 10.379 -3.4982 -3.1283 13.239 -3.5756 0.9363 5.3433 -2.9944 2.2038 2.7488 -4.0239 1.7394
0 0 2 3 60.164 -24.984 10.398 -2.2315 -6.8237 11.503 -3.4197 1.3645 4.0429 -5.4588 0.48503 3.6104 -5.0543 0.89136
0 0 2 3 61.865 -17.34 13.51 6.7261 -4.7717 13.55 0.37832 2.5016 3.2282 -3.9649 6.4502 1.4129 2.3224 1.8196
0 0 2 3 59.756 -16.544 12.997 1.8845 0.083426 10.638 -4.7141 8.5899 -0.51988 -2.1898 7.9212 -0.26449 3.272 1.7502
0 0 2 3 61.885 -15.334 11.924 4.8912 -2.9404 14.855 -7.3877 4.2061 8.0391 -1.9837 6.2081 -2.7948 5.0558 -1.1767
0 0 2 3 63.097 -18.198 16.925 -0.21943 -2.5533 9.7159 -3.0002 5.1719 3.7226 -0.72124 3.6534 0.52286 3.2273 2.511
0 0 2 3 62.897 -18.915 17.074 0.17095 -2.0185 9.0438 -2.871 5.1547 4.139 -0.55751 3.0606 0.40895 2.3098 3.4399
0 0 2 3 61.113 -16.986 11.152 5.0431 -3.3637 12.029 -4.0788 2.856 1.443 1.1698 6.1037 -1.4096 3.1256 2.1827
0 0 2 3 67.051 -11.429 11.2 -6.3771 -0.15158 2.9222 -0.9559 4.0366 -0.41301 0.67999 3.7255 -2.6204 4.1162 -1.1746
0 0 2 3 60.583 -16.846 12.494 3.7767 -1.8141 12.605 -3.7855 7.5845 5.3418 -2.2466 9.7005 -1.5164 2.7606 -2.3791
0 0 2 3 64.117 -11.557 7.0934 -7.5504 5.9007 -3.7984 4.2781 1.3259 -3.1725 5.6337 -3.2597 1.81 -0.00075015 0.98011
0 0 2 3 59.383 -21.823 6.681 -2.7624 2.7347 -2.4085 1.3177 2.4391 -2.9422 3.9913 -3.625 -0.72404 1.0692 -0.011143
0 0 2 3 60.813 -15.405 12.135 3.9367 -0.72839 10.489 -7.7323 3.6949 8.145 -2.4204 6.684 -1.4963 7.5216 -1.6947
0 0 2 3 69.851 -10.004 5.6311 -5.8583 3.3402 -0.208 0.18694 4.8817 -4.3212 3.4654 4.2283 -5.7881 6.1658 -1.1292
0 0 2 3 57.128 -18.602 6.4983 -5.0563 3.3448 -3.104 2.3432 2.4846 -3.088 3.9057 -5.0277 1.841 -0.10161 0.96324
0 0 2 3 56.47 -18.485 8.1718 -9.1564 6.988 -2.9193 0.24307 6.2176 -1.1395 3.8345 -1.9118 1.7133 1.3786 1.2023
0 0 2 3 63.421 -16.191 9.7443 2.1 -6.2899 7.9116 -0.53412 6.9693 1.9422 -6.7326 8.1879 2.3453 5.1607 3.7849
0 0 2 3 61.151 -17.274 11.717 5.5218 -0.9269 13.131 -1.7982 6.6223 9.0374 -3.7879 5.8833 -6.0847 4.0464 2.0195
0 0 2 3 60.015 -16.936 12.404 4.8269 -4.9317 11.91 -0.49236 10.084 4.5014 -2.2938 5.1608 -2.4224 3.5758 -0.66571
0 0 2 3 67.562 -11.23 10.443 -6.5538 0.13072 3.9404 -2.5206 4.3552 0.47578 -0.87559 3.9576 -2.7466 3.6214 -0.87931
0 0 2 3 63.535 -17.018 12.099 2.4616 -1.6307 13.521 -3.2628 3.1217 5.6935 -5.8269 5.5208 0.91504 3.3765 -0.53507
0 0 2 3 63.518 -15.601 11.95 1.3125 -5.1746 8.0043 -3.1061 11.119 5.3169 -6.5124 6.5509 1.2706 2.379 2.5314
0 0 2 3 60.842 -16.328 10.546 -0.40833 -2.8019 11.496 -3.6998 4.5952 -0.36741 -2.1028 9.9641 2.6961 8.9949 2.6015
0 0 2 3 58.642 -15.953 10.747 -0.12428 -0.3202 11.819 -5.1881 10.957 -0.27132 -3.9092 9.7305 -3.3598 4.0508 -0.58675
0 0 2 3 70.743 -10.521 4.9738 -4.3177 2.0419 0.16258 -0.2134 3.4296 -0.2343 0.45893 3.1499 -2.3372 4.4288 -2.2458
0 0 2 3 65.711 -15.201 6.9835 -2.587 1.1575 -1.7302 4.0179 1.8747 -3.5336 0.029274 -9.135 -0.9046 0.66169 4.2544
0 0 2 3 61.719 -19.394 7.1215 -11.456 6.4722 0.31889 -0.3353 12.6 -0.90488 3.6959 0.54147 -1.482 0.18466 0.43928
0 0 2 3 69.039 -14.126 10.051 -2.2013 0.074049 7.1724 0.54719 5.9914 2.3251 1.142 4.0898 1.4805 3.4155 1.4574
0 0 2 3 68.706 -15.142 9.7126 -2.3386 1.9324 7.6948 1.9076 6.4679 2.7403 2.2426 3.8334 1.4563 2.4475 1.6006
0 0 2 3 73.759 -13.393 -6.1774 -7.381 7.7703 4.2052 -1.3889 1.5821 -0.29813 3.4917 0.60984 0.40618 -4.209 -4.9301
0 0 2 3 78.003 -11.745 -15.279 -7.5838 0.084189 0.90218 -3.8469 -4.0674 1.6594 -0.02166 0.02539 2.148 -4.5885 -3.1312
0 0 2 3 78.003 -11.745 -15.279 -7.5838 0.084189 0.90218 -3.8469 -4.0674 1.6594 -0.02166 0.02539 2.148 -4.5885 -3.1312
0 0 2 3 78.003 -11.745 -15.279 -7.5838 0.084189 0.90218 -3.8469 -4.0674 1.6594 -0.02166 0.02539 2.148 -4.5885 -3.1312
0 0 2 3 76.881 -12.75 -12.334 -8.6544 1.965 1.8791 -4.3177 -2.2486 0.84433 0.52395 -0.43583 1.7852 -3.8544 -3.8236
0 0 2 3 68.599 -14.544 7.184 -5.2721 1.7853 3.0405 -5.6644 7.5652 -3.3496 0.59123 1.9793 0.51587 0.51567 -1.6033
