0 0 1 3 63.67 -16.677 16.497 9.4492 -5.9834 -3.6744 -5.0676 5.1705 -2.601 -5.8378 -1.9586 -2.3511 -2.1113 5.6502
0 0 1 3 66.145 -17.412 7.5946 4.6928 -1.1329 5.9474 -2.3053 0.70503 2.0902 2.8932 3.081 1.9137 -3.4155 1.3504
0 0 1 3 66.146 -17.943 4.5781 1.636 -8.2317 4.7946 1.9753 2.8322 -1.0414 0.73626 1.4509 2.9332 0.12859 1.5994
0 0 1 3 66.597 -16.371 7.9113 1.3965 -5.254 8.2317 -1.0212 -2.0574 -0.93151 0.60054 -0.91384 0.91502 -0.37262 1.4856
0 0 1 3 66.392 -16.221 9.9473 3.3377 -7.6267 4.3217 -1.2783 0.0039766 0.84733 -0.76938 -0.48121 3.4448 -1.1933 -1.3947
0 0 1 3 65.361 -18.212 12.478 9.0007 -7.594 1.3974 -2.975 -0.7482 4.6438 5.4233 -4.0874 -1.9386 -1.364 0.84482
0 0 1 3 66.055 -18.25 8.0475 10.201 -3.4523 0.54102 -7.8186 -1.5273 2.8247 0.15638 -5.7952 0.60433 3.8477 0.70657
0 0 1 3 67.952 -16.466 6.9911 7.7303 -4.9216 4.6848 3.0095 -5.1209 -3.4146 -1.0769 -1.559 0.088615 3.0831 -2.1064
0 0 1 3 64.925 -21.938 4.1377 10.797 -8.7104 5.053 11.995 0.6287 0.19996 0.047718 0.35618 -1.8105 5.8323 -1.3356
0 0 1 3 60.296 -15.508 14.54 4.6061 0.31359 3.7209 -1.7432 3.9208 -2.3599 -2.3271 3.0447 -0.44187 -0.3579 3.9395
0 0 1 3 63.639 -16.058 13.955 5.2954 -3.6912 2.1385 -0.86572 3.2904 2.6581 0.60819 1.8046 -0.04573 -0.56157 3.9667
0 0 1 3 66.999 -14.633 6.5556 2.433 -1.6585 5.173 -2.95 -1.9382 -4.1366 -4.6708 0.95182 1.5528 -0.72166 2.2522
0 0 1 3 65.557 -15.146 11.376 3.3181 -8.7856 8.2194 4.7786 -1.1567 -2.7437 1.6611 3.1107 3.2794 -1.6237 1.4278
0 0 1 3 64.503 -15.697 15.49 9.3512 -10.886 -3.9294 -1.4612 5.3801 -0.40123 -3.227 -3.4369 -2.0584 -1.9182 0.075477
0 0 1 3 65.273 -14.895 11.776 2.994 -8.511 8.4074 4.322 0.36541 -4.3606 -4.2901 -0.65025 5.0179 -0.46314 0.89916
0 0 1 3 64.446 -16.053 16.252 7.3175 -11.101 -0.19845 1.3417 2.1663 1.9037 -0.5516 -0.93233 1.6798 -1.1802 -2.1187
0 0 1 3 64.496 -18.239 11.293 10.263 -7.8688 -4.8339 -1.1458 4.1918 4.0517 1.4863 -1.9712 0.29113 -1.0678 -0.49981
0 0 1 3 65.451 -17.622 12.384 11.323 -9.1911 -5.4988 1.0087 -0.90942 5.2511 1.6275 -5.3009 -2.7791 6.2184 2.114
0 0 1 3 65.839 -17.915 13.687 15.137 -6.143 -3.5873 2.4397 -3.8183 0.26175 -2.9681 -2.2759 1.1963 8.3513 -1.6309
0 0 1 3 65.311 -18.092 13.411 17.276 -7.808 -4.0221 4.8791 -3.3223 1.0705 0.13004 -0.12541 0.071088 7.41 -1.2274
0 0 1 3 61.459 -19.379 14.528 9.1331 -2.1533 0.66803 -4.3186 6.2423 2.4139 -1.7641 3.5241 3.0772 -1.6293 2.3393
0 0 1 3 64.15 -17.106 12.189 8.0783 -1.7254 0.011592 -3.4997 6.184 5.1481 -0.3586 -1.3387 -1.0401 0.70529 6.105
0 0 1 3 65.809 -15.47 10.06 5.352 -6.0749 4.7899 5.6909 8.5275 -0.21216 -3.73 7.1046 6.5606 -2.4668 -2.8519
0 0 1 3 64.117 -16.631 15.213 8.1251 -8.1443 1.9583 3.432 4.6439 -1.4749 -3.5973 -0.25702 1.0966 -3.0881 -0.52511
0 0 1 3 64.446 -18.657 8.4658 0.20027 -13.519 2.9014 5.2885 2.5668 -1.9862 -2.0253 4.4176 5.407 -1.7552 -2.4074
0 0 1 3 63.844 -18.186 12.729 10.137 -1.3841 1.7739 -5.6234 -1.3358 -0.52264 -1.3053 -1.0361 4.9285 0.24891 -0.49843
0 0 1 3 65.332 -18.903 4.4756 3.2426 -6.2097 4.3929 -0.83929 -1.3409 0.13625 4.3917 -0.12576 1.2701 1.0429 -0.1923
0 0 1 3 64.802 -19.454 11.079 10.633 -5.8806 1.9292 3.328 -4.1806 -4.037 0.11742 -0.96626 0.68143 4.546 -0.3325
0 0 1 3 66.095 -19.421 7.7411 12.069 -7.0582 2.9827 3.8931 -6.4729 -1.1974 0.98209 -0.9394 -2.4118 6.7872 -0.60104
0 0 1 3 62.301 -14.22 15.851 5.3401 -4.0513 4.7776 -2.1289 -0.83597 -0.50952 0.72238 0.44918 2.8369 0.70996 -0.21302
0 0 1 3 66.444 -15.749 5.3705 1.3781 -3.7709 6.8232 -1.8947 0.3247 1.9728 1.9153 1.7384 -0.23657 -1.8162 2.1536
0 0 1 3 64.582 -16.72 12.269 5.754 -10.595 0.99815 -0.72914 3.083 1.6046 4.8716 1.4168 -0.37214 -2.0977 2.8153
0 0 1 3 65.553 -14.72 9.7745 0.50359 -10.313 3.8811 -2.7499 0.039412 -2.2277 -0.46468 1.8297 8.681 0.7042 -2.4831
0 0 1 3 62.824 -20.407 10.917 9.4263 -1.9083 5.0214 -0.24103 -1.4452 0.65241 2.6808 -0.59543 2.0345 -0.1939 1.4944
0 0 1 3 63.059 -19.888 13.742 11.372 -4.0736 1.4582 0.89881 -0.5278 -1.7153 -1.1838 -0.72088 2.0362 2.9084 1.3807
0 0 1 3 65.968 -15.997 12.695 10.507 -7.7649 -3.0681 -0.43848 1.1956 0.23325 -0.90862 -2.5436 -1.8907 -0.22156 1.7352
0 0 1 3 65.991 -16.342 13.344 10.707 -8.6514 -4.7468 -0.30971 0.23462 2.1325 -0.079807 -3.2874 -5.4194 -0.88382 1.1235
0 0 1 3 67.709 -16.954 7.0645 11.514 -0.9488 2.1837 -0.5776 -12.144 -2.3716 0.96557 3.2801 -0.94274 2.73 -2.5104
0 0 1 3 64.328 -16.869 10.087 2.9458 -6.3527 -0.49617 -2.7847 4.5145 5.4774 0.45387 -0.38768 2.363 -1.3953 2.1438
0 0 1 3 67.215 -12.719 8.5275 2.8497 -7.098 2.2638 -3.1941 2.8314 0.24057 0.99912 -0.30674 1.9058 -0.39965 1.9582
0 0 1 3 66.755 -14.494 8.0785 5.8171 -3.9857 4.2628 -1.4877 1.5496 -1.76 -5.4176 -2.5833 3.6711 0.261 -0.67876
0 0 1 3 64.25 -15.713 14.984 10.581 -10.068 2.1934 1.4314 4.696 -0.55 0.63765 -2.7229 -1.4546 -1.6936 0.53992
0 0 1 3 64.471 -17.047 9.3709 3.2653 -12.439 3.6133 7.0119 6.5044 -2.3732 -3.4699 2.0456 9.3488 -1.4134 -3.8834
0 0 1 3 64.915 -16.408 13.229 8.5042 -7.6353 0.7143 0.36689 1.8077 1.4239 1.1265 -0.92294 0.92678 1.1544 1.216
0 0 1 3 66.386 -15.588 7.1464 6.7875 -4.588 4.7206 -2.4982 -2.6673 2.2548 2.9933 2.4526 3.3352 0.30773 -2.8768
0 0 1 3 66.674 -16.841 6.165 5.6446 -4.7437 2.4029 2.4538 -3.6761 0.58445 0.19204 0.69312 0.48739 1.7023 -1.3998
0 0 1 3 66.779 -16.439 6.9649 6.4249 -4.3487 2.6196 2.6792 -3.6935 0.80144 0.47418 0.96741 0.80977 2.4057 -0.82001
0 0 1 3 66.659 -16.113 7.7598 11.251 -11.02 0.46523 7.9384 -3.2161 -1.7326 0.11286 -1.4071 -8.9184 3.0773 3.4304
0 0 1 3 61.667 -14.306 15.594 7.4927 0.10925 2.6539 -7.5647 2.2363 2.9405 -0.97777 2.8174 3.1161 2.4471 -0.25596
0 0 1 3 66.087 -13.72 10.544 2.584 -5.0322 2.1324 -1.3944 5.0276 2.0659 0.52592 3.9278 2.7225 -0.80491 2.2854
0 0 1 3 66.519 -13.703 10.294 4.4478 -4.782 4.8718 -1.2474 1.77 -2.2619 -3.2903 3.6065 1.8219 0.45883 0.58402
0 0 1 3 65.909 -15.512 7.5299 6.5218 -0.7964 9.153 -1.1335 -0.045317 1.2702 6.4418 1.9457 -0.36669 -2.4276 0.19307
0 0 1 3 65.799 -14.346 10.864 6.2574 -5.7421 7.4149 4.1023 4.2991 -1.712 -2.6062 0.63121 5.9732 -0.22921 -1.0789
0 0 1 3 64.722 -15.113 14.476 7.6225 -11.531 -1.1118 -1.9441 3.0244 3.2128 0.11712 -2.0715 2.8826 0.80894 1.0597
0 0 1 3 65.273 -17.418 7.5643 3.735 -9.1983 0.28713 -1.1754 -1.9332 -0.37619 -1.0943 2.0528 5.2733 1.0065 -3.0752
0 0 1 3 65.981 -16.332 6.5463 5.8969 -4.2254 2.9132 -3.8984 -2.8775 1.3113 1.8886 -1.0615 0.91443 1.0384 0.76982
0 0 1 3 65.981 -16.332 6.5463 5.8969 -4.2254 2.9132 -3.8984 -2.8775 1.3113 1.8886 -1.0615 0.91443 1.0384 0.76982
0 0 1 3 66.09 -15.638 12.276 10.417 -5.7655 -1.0689 0.58151 -5.3886 -2.2239 0.15359 -1.0868 -1.5962 2.683 -0.037131
0 0 1 3 67.172 -15.61 7.2678 4.9207 -8.9323 1.846 9.2442 -2.3296 -1.2049 2.3572 -0.41274 -4.221 0.15548 1.0149
0 0 1 3 66.3 -17.221 2.9437 7.3057 -11.25 1.1972 11.529 -1.2112 -0.049926 -0.30455 0.652 -4.6573 1.521 2.1899
0 0 1 3 62.841 -17.02 14.462 4.5516 -10.411 -2.3281 -2.4483 8.8132 4.2702 -1.5948 0.33076 1.9972 -2.388 4.4716
0 0 1 3 64.817 -16.786 13.092 11.67 -4.5809 -4.5446 -7.1364 6.7756 8.3502 -0.16046 -5.2227 -0.92726 3.1022 4.3892
0 0 1 3 63.951 -16.437 13.297 11.645 -6.6447 0.59411 -1.708 5.6478 2.5234 -2.8049 -1.6055 3.3701 1.8312 2.5283
0 0 1 3 66.044 -15.721 6.2064 1.0315 -4.7137 10.928 3.0542 -1.1532 1.5232 6.3733 1.5031 -0.40374 -2.2649 1.1168
0 0 1 3 66.173 -14.068 9.8034 3.9164 -8.7574 3.3101 -0.26404 -0.14719 -4.3529 -4.2553 -1.514 8.0953 -0.53994 -1.7768
0 0 1 3 65.215 -15.83 12.381 10.569 -7.5669 -3.4196 -6.0874 3.9253 1.9228 -3.7553 -6.6274 3.0772 5.6867 2.8941
0 0 1 3 66.099 -14.901 10.192 8.5437 -7.4642 -2.1962 -3.5019 2.3557 1.6097 -3.7119 -4.7311 3.2186 4.6765 0.40654
0 0 1 3 67.643 -14.59 7.4665 3.8779 -6.4829 6.4333 5.2834 0.08249 1.9726 0.33096 -3.3662 0.36859 3.771 -0.51247
0 0 1 3 68.102 -15.288 6.6611 6.696 -4.4037 5.4196 5.6424 -7.6123 -2.0471 2.7789 -0.28035 -2.3752 3.5414 1.3301
0 0 1 3 60.339 -16.841 17.582 7.0498 -3.3133 2.5684 -4.8244 -0.54132 2.1691 -0.29736 0.35161 3.5999 0.21014 0.46805
0 0 1 3 65.364 -15.329 9.1824 2.5201 -3.6046 9.5112 2.1252 -0.77163 -0.22431 2.7021 3.3604 0.2467 -0.42591 4.2035
0 0 1 3 66.486 -14.263 7.1897 1.7083 -6.9572 6.3799 0.33089 4.2918 0.65833 -1.6637 1.8039 1.9339 1.2458 1.5881
0 0 1 3 65.944 -15.268 10.418 6.3784 -5.0757 0.90085 -7.6253 -6.4152 -1.0972 5.4435 5.7146 0.87704 -6.0391 -2.1509
0 0 1 3 65.255 -14.355 10.958 4.0005 -10.414 4.4987 -1.5522 -0.72557 2.4047 1.1372 -4.5132 0.52694 -2.1818 -4.2388
0 0 1 3 64.719 -17.726 11.051 6.2741 -12.038 -9.3719 -6.8531 4.6307 8.4511 -0.73498 -6.9729 1.1573 3.6003 1.9769
0 0 1 3 64.294 -19.216 7.5441 3.2993 -10.589 -0.59557 0.56589 7.2672 6.196 -0.081677 -2.9672 2.0497 1.0778 -0.02878
0 0 1 3 65.087 -18.942 4.2669 4.7619 -2.046 7.0085 0.98375 0.46741 1.1549 -1.1643 -2.0722 1.8775 2.1455 -1.7747
0 0 1 3 64.634 -19.487 8.5788 11.6 -0.92151 4.712 6.171 -3.1795 -0.9425 2.4974 0.83965 -1.0054 0.77333 -1.7634
0 0 1 3 66.514 -18.427 6.8735 11.145 -3.9539 4.0863 4.7747 -9.1291 -0.72251 5.3251 3.1453 -4.5508 3.2614 1.3849
0 0 1 3 60.297 -19.972 16.452 6.4159 -3.1112 3.3224 1.8346 3.4727 0.58211 -2.0853 0.63469 2.6883 -1.3562 1.7575
0 0 1 3 65.703 -13.887 9.35 2.1168 -4.78 7.8469 1.6257 4.8654 -1.0884 -3.8491 -2.0052 2.7893 -4.0802 -0.20288
0 0 1 3 66.407 -14.645 7.2096 3.9831 -5.9513 6.9115 0.09373 2.1802 2.3074 4.1258 0.50435 2.1618 -0.35162 1.6696
0 0 1 3 66.61 -14.639 7.0498 2.855 -4.2122 7.8561 -2.0279 -1.3492 0.027749 1.6564 0.53934 3.2309 -0.7263 -0.83962
0 0 1 3 66.224 -14.519 7.9639 3.6756 -2.9814 7.2935 -5.3892 -1.7072 4.4519 3.0513 -3.1739 1.2949 -2.919 -4.5138
0 0 1 3 63.6 -19.295 8.4996 6.2849 -9.0328 -3.1056 -2.1343 4.9383 6.2679 -0.31651 -2.7497 2.7298 1.4193 -1.069
0 0 1 3 63.644 -19.521 11.032 11.827 -5.1169 0.31128 -0.55684 2.019 -0.92312 -2.3416 -0.92773 3.563 1.5726 -1.6299
0 0 1 3 66.56 -16.441 8.5439 5.577 -4.4606 4.6422 1.1355 -1.615 0.95574 -1.4023 -3.1861 1.5743 5.1238 -1.8017
0 0 1 3 65.747 -18.605 8.0787 14.018 -8.3078 -1.3215 2.4164 -8.9915 -4.644 3.5924 0.60204 -7.3135 3.0591 4.8656
0 0 1 3 60.368 -17.209 15.327 9.5768 -2.359 0.75207 -2.6677 1.5158 -1.0891 -0.83011 0.40317 1.0659 3.1377 2.3645
0 0 1 3 65.466 -14.579 12.187 3.5804 -6.5357 4.9891 5.782 3.9843 -0.29408 0.10754 3.8433 1.4932 -2.8922 0.23526
0 0 1 3 66.119 -14.982 9.9725 3.5161 -5.4622 3.4398 -1.37 1.6934 -0.50728 -0.029834 2.4349 3.3021 -1.1527 1.1145
0 0 1 3 65.082 -14.342 14.893 6.2096 -12.357 -0.57014 0.89033 6.5749 3.5598 0.75777 -0.28911 1.0615 1.8017 4.1781
0 0 1 3 64.809 -16.19 14.209 11.59 -5.1587 -1.3813 -6.9688 1.3446 1.1862 -3.2718 -5.1665 4.3254 0.76011 -0.052574
0 0 1 3 66.398 -15.211 7.8119 3.3105 -4.2323 3.9543 0.57717 2.7868 3.0321 0.21943 -3.8791 1.4522 -0.36503 -0.72178
0 0 1 3 65.945 -16.028 7.7324 2.6036 -6.6167 5.1488 -3.2113 -4.5533 -1.4405 -1.9025 -3.8089 2.1481 2.8653 -1.2329
0 0 1 3 64.292 -18.877 7.7469 7.7063 -8.9134 -1.4643 -1.4962 1.8403 2.5938 1.8065 -3.008 0.56404 3.8764 0.6997
0 0 1 3 66.788 -15.671 8.5362 7.115 -8.2752 -1.6165 1.4375 -5.8193 0.22959 1.2614 -0.48478 -3.4724 0.86038 0.16581
0 0 1 3 66.141 -18.553 5.2007 5.0178 -6.998 2.4798 6.7498 -5.9094 -5.6074 2.6466 1.4671 -1.9533 1.666 0.22683
0 0 1 3 65.685 -19.132 6.2131 9.1655 -7.9008 3.912 10.657 -5.7185 -5.9866 -0.81414 2.034 -3.5288 3.728 2.081
0 0 1 3 58.97 -18.322 15.538 6.5013 -1.2165 3.5959 -1.6951 0.28557 0.91941 -3.6252 0.66066 6.4401 -0.6237 -1.1182
0 0 1 3 63.665 -15.784 15.49 6.7674 -4.9048 2.6969 -1.6564 6.354 5.2872 -1.1957 0.4353 4.3434 0.018595 1.3478
0 0 1 3 65.513 -15.102 9.7687 3.439 -5.9283 6.0981 1.0157 2.9122 -5.3944 -5.8311 -0.28994 4.3467 -1.1052 1.4219
0 0 1 3 65.458 -16.05 12.567 8.3184 -7.9255 -3.4846 -3.4109 8.2572 9.043 -1.6525 -4.8269 1.8417 2.4502 -0.20077
0 0 1 3 66.195 -14.72 11.06 4.923 -7.4443 4.369 1.3255 2.3129 -3.519 -2.4815 1.702 3.2181 -2.6784 -1.0576
0 0 1 3 64.647 -17.219 12.931 8.7739 -6.9565 -0.5396 -2.4524 2.4559 3.3165 -1.0541 -4.5912 1.7778 0.21761 0.83015
0 0 1 3 65.89 -15.841 8.3007 7.1726 -0.52968 4.7991 -6.9857 -4.5934 3.1486 3.6823 -0.39512 0.46739 -2.198 -1.387
0 0 1 3 67.003 -15.77 6.6037 5.6879 -2.3475 6.2755 -0.87789 -1.2427 1.1455 -1.1168 0.035624 3.7727 1.4588 -2.9757
0 0 1 3 66.181 -17.958 7.3376 7.1192 -3.8554 2.4172 2.0366 -2.1948 0.12307 -1.6455 -1.7224 1.4824 2.6634 -2.0461
0 0 1 3 66.064 -19.579 5.0942 10.156 -0.51393 5.1622 3.9481 -6.1692 0.35662 0.99884 -2.4711 -5.5515 -0.50045 0.26054
0 0 1 3 65.686 -19.803 4.6525 10.317 -3.6114 2.5046 5.1825 -5.5124 0.83686 1.8913 -0.11299 -4.9918 0.46007 0.26004
0 0 1 3 59.696 -17.782 17.464 9.5246 -2.8863 2.6351 -0.75563 6.2744 2.013 -1.1743 2.7445 1.7675 -2.7033 3.468
0 0 1 3 62.975 -16.484 17.71 8.1087 -8.5434 -2.1837 4.1205 7.0608 -1.7441 -2.1938 0.99776 -0.17336 -3.2742 3.5879
0 0 1 3 66.029 -15.944 7.6406 3.3829 -4.6782 6.4315 3.8912 6.813 -3.1405 -3.2298 1.8868 2.0583 -2.8155 2.6869
0 0 1 3 65.54 -14.657 11.84 4.9559 -8.6952 7.8353 7.0341 1.8283 -4.2068 -1.3945 4.1944 3.0407 -3.2512 1.1522
0 0 1 3 65.664 -15.436 11.209 9.6134 -4.3605 -1.4391 -6.9088 2.6764 0.53583 -4.4717 -5.4101 3.2036 2.7525 1.3241
0 0 1 3 64.991 -16.542 13.656 11.061 -5.662 0.42732 -2.0691 -2.3071 -0.66365 -1.6432 -2.1598 3.348 0.73714 0.0025223
0 0 1 3 67.094 -15.299 6.829 4.164 -3.3864 2.8265 -3.2673 -0.21645 3.5746 1.0225 -1.1361 4.4013 0.92559 -2.2752
0 0 1 3 66.999 -14.511 8.8445 6.1526 -4.0599 4.3002 -4.0806 -9.1743 0.2917 1.6534 -1.5078 -1.3683 -0.38365 -2.9107
0 0 1 3 66.118 -16.114 8.2607 8.8881 -0.4876 7.7752 -1.6589 -11.438 -0.79363 4.4347 2.1297 0.16054 4.2113 -1.5876
0 0 1 3 66.118 -16.114 8.2607 8.8881 -0.4876 7.7752 -1.6589 -11.438 -0.79363 4.4347 2.1297 0.16054 4.2113 -1.5876
0 0 1 3 65.556 -17.606 10.609 17.555 -4.082 -2.0808 -0.013795 -7.7216 0.6521 3.0909 1.4451 -1.8836 4.5408 1.1028
0 0 1 3 59.363 -15.877 14.686 8.0968 -3.7855 3.5128 -1.9405 1.9147 -0.030337 -0.29801 -1.9066 1.9831 -0.71252 3.4125
0 0 1 3 64.983 -15.456 13.851 9.5939 -4.42 -5.2011 -4.5336 4.6536 1.8594 -4.8685 -2.7378 0.031091 -2.134 1.5407
0 0 1 3 66.852 -15.004 8.3932 1.7818 -4.3657 7.1942 -2.4704 -3.6041 -2.0469 -0.19528 -1.1503 -0.71299 -4.1001 -1.8125
0 0 1 3 64.79 -17.479 8.2201 3.9545 -5.1661 7.2378 8.3582 4.8088 -1.2456 -2.2007 2.7065 3.6578 -0.17934 0.71524
0 0 1 3 64.568 -17.016 9.3582 4.8649 -11.217 3.7422 6.374 6.7144 -1.4524 -4.9203 1.2891 6.2286 0.18339 -3.2751
0 0 1 3 63.334 -18.147 13.855 12.35 -7.1241 -1.4517 -1.2221 7.0225 2.5984 -3.5449 -7.0814 0.19365 0.6106 0.25769
0 0 1 3 65.562 -16.253 10.66 7.7487 -6.6761 -1.5828 -4.4917 3.8591 1.9149 -2.0634 -3.6925 2.7207 0.48786 0.86289
0 0 1 3 66.875 -14.815 9.1017 4.6072 -6.0413 2.1132 -3.1233 -2.1466 1.1251 -0.72452 -2.2039 1.6518 -0.5245 -1.5575
0 0 1 3 66.255 -17.12 8.3043 5.7837 -6.9655 2.0938 4.3954 -1.6581 0.41771 0.72904 0.97503 -0.16305 3.0126 0.14758
0 0 1 3 67.027 -17.651 8.8088 9.4317 -5.4498 0.8697 1.6077 -7.8423 4.4193 6.8003 0.95054 -5.1743 2.2503 3.5998
0 0 1 3 66.364 -14.838 8.9578 5.0452 0.058611 5.0788 2.8671 2.9803 -2.081 -0.77834 1.4846 0.37999 -2.0931 1.1936
0 0 1 3 65.936 -14.511 9.648 1.0611 -10.657 3.1093 -0.43818 -0.33516 -3.7839 0.15027 7.9359 5.0907 -2.9954 1.4878
0 0 1 3 64.179 -16.774 11.602 5.7979 -10.8 -0.14571 -0.29668 6.3393 5.254 -1.204 -3.2952 3.1775 -0.16389 0.25574
0 0 1 3 64.179 -16.774 11.602 5.7979 -10.8 -0.14571 -0.29668 6.3393 5.254 -1.204 -3.2952 3.1775 -0.16389 0.25574
0 0 1 3 63.248 -18.944 14.984 13.563 -3.4304 -1.253 -5.3317 -0.1183 -0.63619 0.16077 -0.66563 0.98941 1.0633 2.4826
0 0 1 3 64.165 -17.377 12.972 6.7836 -10.596 -3.7563 -1.0207 3.8522 4.2634 3.5582 -0.097533 0.46461 -1.386 0.75362
0 0 1 3 65.849 -16.18 13.917 8.8858 -6.4225 0.7203 1.2534 -0.87176 -5.3403 -0.75163 1.9808 -0.79096 -3.4944 1.243
0 0 1 3 66.776 -15.484 11.399 1.4716 -11.56 3.0301 8.0037 0.49855 -5.6962 -1.9563 2.4302 2.8015 -3.6632 -0.96325
0 0 1 3 68.827 -16.654 6.9966 8.8781 -4.0326 -0.79769 1.5078 -5.0504 4.2202 1.5465 -0.95944 -5.0556 1.1325 1.2421
0 0 1 3 62.589 -11.137 8.6834 -0.42454 0.57568 6.0678 -0.7726 -2.1703 2.8648 -4.3202 -0.55025 3.5208 -1.8327 0.97376
