1 1 2 3 69.092 -15.563 17.841 -3.9261 -0.19053 4.1725 -0.83114 4.8885 -3.764 -1.9196 0.28352 -2.5138 -0.10634 -1.3588
1 1 2 3 68.034 -16.316 17.14 -7.1522 -6.5071 0.68909 -8.9918 1.7813 0.44123 -5.593 -0.063828 -0.17016 -2.3198 -0.39728
1 1 2 3 72.073 -12.603 15.552 -5.8844 -3.9004 4.2369 -1.1646 2.5748 0.21969 0.85098 3.1066 0.52569 1.5553 1.9294
1 1 2 3 69.773 -17.406 20.075 4.4229 -4.9768 -1.9765 -1.8607 3.3354 -0.71094 -4.3876 1.3147 -0.41779 -4.5053 -0.70154
1 1 2 3 74.012 -17.025 17.01 8.1614 0.29962 6.3249 -1.1405 -5.6555 8.5786 -6.7597 -0.25719 0.19156 -0.14337 -1.1038
1 1 2 3 69.258 -16.229 15.906 -4.7333 1.1808 2.1898 -2.8961 2.3743 -3.1823 0.13344 -0.67381 -3.7756 0.085592 -1.1581
1 1 2 3 73.218 -13.212 16.628 -0.69723 -1.7135 -0.99124 -2.6175 0.97829 -0.13832 -3.0847 1.1654 1.927 -2.5463 0.72725
1 1 2 3 73.874 -14.002 13.639 -1.0489 -1.5052 3.8177 -2.3773 -0.092403 3.8491 -0.47038 -0.47288 4.1509 -1.0834 0.24305
1 1 2 3 73.633 -12.228 16.605 1.9552 -5.9311 1.9582 -1.3155 0.15713 -1.5381 -0.085063 -1.1469 2.1538 -1.3606 -1.4774
1 1 2 3 69.636 -18.966 15.682 1.5473 -2.3632 0.58203 -2.9002 2.1465 2.1826 -2.7926 0.55291 2.3037 -2.2673 -1.4447
1 1 2 3 62.395 -23.985 18.241 0.3765 6.0765 0.95246 -2.0836 1.1187 1.8584 -1.3731 -3.6012 2.5828 0.1441 3.9194
1 1 2 3 70.516 -13.533 19.989 1.492 0.20394 7.3165 -3.2622 1.7189 -0.26504 -1.198 1.5401 -1.6044 -1.5436 1.1526
1 1 2 3 68.06 -19.346 18.199 2.4098 -4.9268 -1.6727 -1.1089 3.1078 0.24689 -1.3176 1.5097 -0.68815 -3.7951 1.4702
