0 1 1 2 71.022 -16.69 6.0001 -7.6009 -1.5618 -0.0083241 -0.95567 0.67707 -4.5883 0.78933 -2.3777 2.0628 2.3596 -3.4466
0 1 1 2 72.395 -17.495 4.2027 -7.8357 0.062272 2.7502 -1.9539 -1.5653 -2.4741 2.0948 -0.17607 0.81243 -0.2997 0.48993
0 1 1 2 74.42 -17.158 4.2787 -2.47 -2.4271 -0.45889 -1.7453 2.1721 -5.8441 -1.8562 3.6388 1.1453 -0.95292 1.1924
0 1 1 2 74.203 -18.359 -0.30908 -2.6332 1.5857 6.5449 -1.547 -4.3466 -9.2208 3.9231 5.1926 -1.5097 -0.40057 -0.11625
0 1 1 2 72.364 -22.067 -0.53509 -8.1185 -0.34908 8.4392 -4.4813 -0.19325 -9.3283 1.2769 4.2526 -0.43166 -0.25153 0.47612
0 1 1 2 74.68 -17.601 4.8052 -2.4308 -0.43453 0.30186 -3.5767 -0.16073 0.97138 2.6635 -3.638 1.3878 3.1587 -1.4275
0 1 1 2 73.897 -16.213 6.1772 -6.5729 -0.59868 0.25485 -7.5935 4.7416 4.5372 1.4153 -4.2455 -0.58246 3.4389 -0.18431
0 1 1 2 74.5 -15.944 6.0906 -4.2666 -2.8169 -1.1242 -6.1978 1.7464 -1.238 1.441 0.089757 -1.9944 -0.21055 2.0247
0 1 1 2 72.512 -18.149 7.8364 -1.6358 -4.7264 0.35031 -7.462 3.6277 -0.32907 -1.8002 1.0319 4.384 -1.6712 -2.271
0 1 1 2 72.912 -17.151 7.8627 -2.9353 -2.2477 3.848 -6.1141 1.5561 -2.4513 2.4919 -0.71794 -0.87281 0.71343 -1.2781
0 1 1 2 72.269 -20.457 2.4238 -6.9784 -5.6008 4.0726 -2.7853 -1.3009 -8.7361 5.2518 1.2611 -4.9461 0.099186 -0.44798
0 1 1 2 74.442 -16.349 5.2915 -3.8061 -2.6825 0.058702 -1.3427 2.5086 -4.7326 -1.9646 -2.6169 1.0999 4.4454 -0.56523
0 1 1 2 74.152 -14.984 6.6118 -5.3899 -0.20362 0.65249 -6.0557 4.0713 -2.5503 -0.66426 -0.37294 1.3105 3.1268 -1.9712
0 1 1 2 74.414 -15.523 4.6878 -4.5053 -1.7813 1.2299 -5.9247 5.5324 -0.4623 1.2975 -0.96168 -1.6868 3.4965 -1.1349
0 1 1 2 74.15 -16.385 7.508 -4.6053 -5.6359 -3.7572 -5.3392 5.2926 -2.3545 -3.096 0.57984 0.72366 -1.1698 1.6646
0 1 1 2 74.751 -15.973 6.3164 -3.7336 -1.1543 2.0391 -5.5207 2.5262 -4.8973 -1.4237 5.235 1.8192 -3.0297 0.16716
0 1 1 2 73.985 -18.537 2.4101 -6.6253 -2.5231 2.0117 -5.3466 0.59364 -7.5157 1.5516 2.4908 0.11723 -1.9152 -2.4448
0 1 1 2 72.103 -22.924 2.5757 -5.767 -3.8702 6.6722 -5.3378 0.38364 -5.5188 0.74203 0.62529 0.043262 2.6709 -1.8095
