1 0 3 3 69.112 -27.458 4.803 7.5941 -14.756 3.9877 -8.1487 -0.71744 1.5256 -6.0406 0.53046 2.3211 -0.23006 2.5527
1 0 3 3 70.871 -30.522 4.246 5.0418 -4.4347 -2.9594 -4.1521 -3.4269 7.559 -8.3794 2.5312 0.31809 2.7035 1.8723
1 0 3 3 72.364 -26.459 4.5406 10.436 -8.0063 -5.0325 1.2386 1.117 -6.9802 -1.3579 1.4848 -0.39521 -0.44715 1.6432
1 0 3 3 74.536 -23.832 5.1181 9.0564 -6.229 -6.0689 5.1022 0.83106 -3.9015 -1.0192 2.6159 -0.43077 -2.3474 3.0186
1 0 3 3 68.267 -27.641 3.8434 6.6652 -15.906 4.232 -8.1305 -0.73781 -2.8902 -6.3809 3.9641 0.70191 -2.655 0.16322
1 0 3 3 68.546 -27.125 6.3792 7.3501 -13.204 4.7828 -4.8007 0.87064 -2.0241 -8.332 3.5198 -3.0861 -5.4547 -0.19829
1 0 3 3 72.489 -22.081 5.7424 8.2654 -11.004 5.0546 -2.7574 0.20809 2.8159 -4.525 1.6185 0.58386 -0.49424 -0.40972
1 0 3 3 67.832 -27.875 4.162 8.8848 -12.139 7.4255 -8.1865 -0.030715 -0.61276 -6.6809 2.5149 -0.66433 -0.28894 3.1961
1 0 3 3 72.609 -28.219 5.3384 5.7503 -5.3112 -9.5243 -0.91991 -0.64962 -3.7901 -2.7139 -1.8328 -3.5805 -0.0094503 0.22694
1 0 3 3 71.703 -25.783 7.5831 4.419 -7.2716 -3.7744 -2.3805 1.9452 -4.792 -1.3287 0.1193 -0.88821 -0.53234 -0.52928
1 0 3 3 70.091 -25.528 8.7884 1.5083 -11.231 1.4665 -4.6244 -3.2493 -2.8465 2.0229 -4.3009 -4.2407 -0.040488 1.4132
1 0 3 3 70.02 -25.305 8.0729 2.8046 -11.505 -1.665 -5.1165 -4.5442 -5.8313 -0.22373 -2.0685 -2.8647 -1.1094 -2.0155
1 0 3 3 70.201 -24.888 7.9725 2.9232 -7.2407 -0.19437 -2.787 -0.94421 -3.4042 1.7759 -0.59037 -3.481 0.72463 0.17086
1 0 3 3 69.592 -27.437 5.7846 8.886 -10.75 4.2316 -0.64628 -1.7285 3.2286 -3.9839 2.9432 -1.0005 -2.2807 -0.33811
1 0 3 3 69.26 -27.66 4.8025 11.793 -11.029 -0.48525 -5.4879 0.2171 -0.25853 -1.5269 2.0076 -1.5433 4.3741 0.78389
1 0 3 3 69.014 -24.968 9.1377 5.8839 -13.499 0.72764 -6.2595 -2.82 -6.5411 2.6892 1.205 -4.1518 4.3564 0.64235
1 0 3 3 68.782 -26.54 5.8987 9.3019 -12.547 4.4723 -6.3787 1.2048 -1.6671 -4.4193 1.2758 -3.2436 -0.24057 1.5649
1 0 3 3 68.448 -28.416 2.8814 10.084 -9.6259 1.334 -8.6098 -0.01402 0.28761 -6.2075 0.46474 -5.9795 -2.1404 -2.047
1 0 3 3 70.518 -25.146 5.1179 10.145 -10.033 2.848 -4.9818 2.2862 -0.52207 -3.4553 2.4442 -2.0157 0.29866 -0.59925
1 0 3 3 71.634 -28.033 5.0651 4.2546 -3.7297 -0.69877 -4.9755 -2.1849 1.4446 -7.7352 0.97764 -0.19303 -0.68421 1.2332
1 0 3 3 70.86 -29.344 4.9591 5.9443 -5.3916 -2.8723 -3.8703 -3.9935 -0.2567 -6.1072 0.94757 -3.343 -1.4499 -3.103
1 0 3 3 66.943 -29.347 8.7417 4.2216 -9.6637 -3.3464 0.39865 -1.9329 -7.6494 2.5635 -3.5245 -3.2073 -1.4302 -3.3369
