0 1 1 2 65.183 -17.34 -8.9165 -5.9196 -5.5307 -1.6346 3.3401 4.1562 1.7941 -3.4397 3.8585 -3.7723 1.7749 -0.93312
0 1 1 2 65.905 -16.415 -8.8704 -5.7378 -6.0697 0.0076561 0.71177 3.1846 1.201 -1.3405 4.3127 -3.8713 -1.54 -2.2465
0 1 1 2 65.24 -16.642 -8.9658 -5.0902 -6.3737 -1.4932 0.46231 4.8733 2.1799 0.24263 0.37745 -3.3317 -0.72998 -1.8146
0 1 1 2 65.178 -16.22 -7.4107 -1.9622 -5.5089 0.44863 0.1591 3.0896 0.7483 -1.7797 3.8761 -5.5427 -0.11788 1.8238
0 1 1 2 66.592 -13.107 -3.528 1.3023 -3.1281 1.3576 0.49361 1.8567 0.13911 -2.5884 4.1184 -5.1959 0.14701 1.564
0 1 1 2 65.161 -16.133 -8.6383 -4.7843 -6.9893 -4.437 0.78768 3.7321 0.49474 -0.7973 3.1251 -5.65 1.4314 -1.9513
0 1 1 2 65.844 -14.387 -7.0598 -1.9904 -4.963 -3.6082 3.7578 5.8311 0.91156 -2.5221 0.32536 -6.539 2.0959 -3.5714
0 1 1 2 65.937 -13.901 -6.7083 -1.246 -4.686 -3.1105 4.3556 6.4846 1.4478 -2.4484 0.40808 -5.7159 3.3848 -3.0792
0 1 1 2 66.312 -12.827 -5.4639 0.30045 -4.493 -1.034 4.0415 6.0321 1.5995 -3.6013 -0.15444 -5.5796 4.251 -1.8516
0 1 1 2 65.107 -14.547 -8.0967 -2.7489 -7.7499 -0.1103 3.4021 6.5427 2.6131 -3.3596 0.36157 -6.8209 3.2223 -1.6225
0 1 1 2 66.817 -10.791 -2.9535 1.2362 -1.9498 -0.76629 1.2108 2.0284 0.85928 -2.5222 2.4108 -3.8735 0.95057 -0.50555
0 1 1 2 66.594 -11.294 -3.3813 1.212 -1.4682 -1.4347 0.89123 2.2987 1.5502 -2.2043 1.8881 -3.4565 0.2481 -0.73633
0 1 1 2 65.623 -13.163 -5.2701 -0.024288 -1.8005 -1.3547 0.85284 3.1435 2.2245 -1.7101 1.9002 -3.8839 -0.21279 -1.4316
0 1 1 2 65.355 -14.188 -7.6163 -2.8382 -5.8778 1.578 -0.049212 2.0955 0.55142 -2.6017 2.038 -5.0079 1.7551 -3.4752
0 1 1 2 65.355 -14.793 -7.5122 -1.618 -4.2104 0.28044 2.5898 1.3685 -1.3138 0.086495 2.8145 -3.4088 0.43597 -1.1671
0 1 1 2 65.455 -14.135 -6.5286 -0.71595 -3.7001 1.4194 3.3636 1.1268 -1.0368 -1.0519 1.7022 -3.2205 -0.33722 0.33131
0 1 1 2 66.409 -11.349 -3.6191 1.4454 -2.3211 2.1304 -0.91749 -1.1777 3.1368 -0.86232 1.9387 -3.2205 0.050481 -1.3718
0 1 1 2 66.694 -11.54 -3.1491 1.1281 -2.3933 2.1491 1.5471 -1.9273 2.0548 -1.5828 1.0673 -0.78721 -0.0097871 -2.3795
0 1 1 2 66.694 -11.54 -3.1491 1.1281 -2.3933 2.1491 1.5471 -1.9273 2.0548 -1.5828 1.0673 -0.78721 -0.0097871 -2.3795
0 1 1 2 66.554 -10.83 -2.785 0.91964 -1.9655 1.6354 0.5491 -0.041131 1.9352 -3.3202 0.3536 -0.013287 0.76948 -2.51
0 1 1 2 66.554 -10.83 -2.785 0.91964 -1.9655 1.6354 0.5491 -0.041131 1.9352 -3.3202 0.3536 -0.013287 0.76948 -2.51
0 1 1 2 66.652 -11.655 -3.6612 0.81561 -1.4759 0.45989 0.49676 1.0691 -0.69219 -0.57005 0.33753 0.6427 -0.9393 -2.4344
0 1 1 2 64.282 -17.323 -10.972 -5.9933 -7.6492 -2.295 1.6796 1.4608 0.21819 -0.2987 0.29526 0.84321 -1.3969 -1.1298
0 1 1 2 65.423 -14.642 -7.2958 -2.1967 -4.0963 0.42088 3.4835 2.5043 0.16089 -1.4828 -0.7632 -0.43959 -2.1324 -1.0842
0 1 1 2 66.226 -13.099 -4.4278 -1.1768 -2.4269 -0.20176 1.8618 3.0973 -1.3174 -0.39727 2.1331 -1.7759 -1.8262 2.1986
0 1 1 2 65.134 -16.044 -7.9985 -4.7578 -5.5752 -3.0595 0.29956 3.0288 -1.3487 -0.96324 1.4497 -2.4538 -2.5748 1.2587
0 1 1 2 66.296 -13.625 -4.8672 -1.0802 -2.3188 -1.6242 1.751 4.8012 -0.23818 -1.1073 1.037 -1.8795 -2.4224 0.47195
0 1 1 2 66.296 -13.625 -4.8672 -1.0802 -2.3188 -1.6242 1.751 4.8012 -0.23818 -1.1073 1.037 -1.8795 -2.4224 0.47195
0 1 1 2 64.503 -16.666 -10.983 -4.759 -4.2982 -4.3353 -0.86009 1.449 -1.0143 -0.10187 2.1151 -0.66626 0.69476 -0.1124
0 1 1 2 64.669 -16.061 -10.552 -3.8037 -2.8913 -3.0004 -0.25992 1.5782 -0.49934 0.38959 2.9826 -0.35649 0.88215 -0.20713
0 1 1 2 64.021 -17.061 -12.997 -5.9557 -4.6886 -5.7272 -3.4266 -1.6434 -3.161 -1.3127 2.4351 -1.0764 -0.40833 -1.3091
0 1 1 2 63.634 -16.761 -12.788 -7.816 -6.7932 -9.0809 -2.7265 -2.9353 -7.7969 -5.9116 -0.34517 -1.7581 -1.7025 -4.583
0 1 1 2 63.982 -15.817 -10.167 -4.1164 -4.4684 -5.3529 2.4514 1.2782 -4.3262 0.49419 1.9067 1.2084 -0.6437 -4.1543
0 1 1 2 63.512 -16.83 -11.554 -5.4615 -6.8316 -7.252 0.4586 -0.67101 -5.4169 0.045257 0.50779 0.65339 -1.3886 -4.8958
0 1 1 2 63.291 -16.791 -12.109 -5.7032 -8.1671 -7.6121 0.12613 -1.9659 -5.1298 0.17577 -1.3588 0.31427 -0.97921 -4.3574
0 1 1 2 63.245 -16.148 -13.117 -5.9044 -8.655 -8.3733 1.5056 0.97117 -3.8394 -2.2903 -1.6755 -4.4863 -3.6131 -5.1394
0 1 1 2 62.464 -17.36 -12.814 -7.5929 -8.1846 -8.9526 0.7679 -2.3014 -3.2667 -6.2754 2.1929 -2.639 -3.614 -0.51144
0 1 1 2 63.436 -16.486 -12.366 -7.3186 -7.7555 -5.097 3.6516 -0.40823 1.3137 -1.14 -0.85885 1.3679 1.2725 -1.5401
0 1 1 2 63.409 -17.068 -13.701 -7.498 -10.76 -6.7572 1.4184 -2.2263 -0.99981 -1.5066 -0.65221 -3.5833 -0.97661 -0.26771
0 1 1 2 63.407 -17.259 -13.957 -7.3657 -10.903 -7.5968 1.0045 -1.7916 -0.49006 -1.2378 0.031671 -4.2588 -1.81 0.5142
0 1 1 2 63.667 -16.542 -12.623 -6.0011 -9.1529 -6.3016 2.6634 0.37982 1.1602 -0.099837 1.5245 -3.3296 -1.3595 1.3651
0 1 1 2 63.186 -16.649 -11.05 -6.1832 -7.3997 -8.6435 -0.73523 2.8978 -2.0569 0.44909 3.4999 -2.6498 -1.3219 -2.3028
0 1 1 2 63.411 -16.036 -10.277 -5.121 -7.914 -6.885 -0.59402 3.3729 -3.9064 -1.5379 1.7164 -3.8216 -0.75192 -0.94342
0 1 1 2 63.411 -16.036 -10.277 -5.121 -7.914 -6.885 -0.59402 3.3729 -3.9064 -1.5379 1.7164 -3.8216 -0.75192 -0.94342
0 1 1 2 63.505 -17.038 -10.611 -7.3789 -9.5053 -8.5207 -2.3359 2.3797 -5.537 1.2236 2.4127 -4.3183 -9.2114 -1.7077
0 1 1 2 63.505 -17.038 -10.611 -7.3789 -9.5053 -8.5207 -2.3359 2.3797 -5.537 1.2236 2.4127 -4.3183 -9.2114 -1.7077
0 1 1 2 63.582 -16.793 -9.8313 -6.5065 -8.5406 -7.9547 -1.5199 2.9244 -4.3046 2.5748 2.9576 -3.4159 -8.2736 -1.4041
0 1 1 2 61.666 -15.844 -10.936 -5.0832 -6.0027 -8.7275 -1.3959 0.34188 -5.1861 2.1896 -1.3893 -4.717 -0.81022 0.53401
0 1 1 2 63.658 -17.33 -8.7893 -5.4414 -3.6955 -0.60838 4.2244 3.7678 1.2459 -2.3085 2.3056 -5.5549 0.99958 -0.80442
0 1 1 2 63.634 -18.011 -9.8651 -5.7771 -6.1703 -2.2641 -0.22989 2.8251 0.89777 -2.4169 3.1577 -6.1493 -0.39974 -1.6402
0 1 1 2 65.498 -13.199 -4.2177 0.27443 -1.9668 1.2659 0.1137 2.7568 0.12352 -1.7479 3.1117 -4.4946 1.1899 -1.0759
0 1 1 2 63.008 -17.036 -7.9872 -2.3956 -6.9825 -2.2442 -2.1673 2.5916 -0.052201 -0.68421 3.2586 -4.5482 -1.1687 1.3426
0 1 1 2 63.481 -15.688 -7.0237 -0.57787 -5.6537 -0.79945 0.2623 1.8884 0.67136 -2.7425 3.8786 -4.6987 -0.65358 0.07084
0 1 1 2 62.975 -17.007 -12.118 -6.3516 -9.7794 -7.7108 -2.7862 0.3969 -1.868 -5.8143 0.5097 -7.0429 -0.14541 -3.5525
0 1 1 2 63.702 -15.286 -10.174 -3.1175 -6.1204 -4.6235 1.663 4.6671 1.6805 -4.3154 1.9045 -5.6232 2.0135 -4.0311
0 1 1 2 62.87 -16.199 -11.082 -5.4628 -9.51 -2.493 1.7252 5.3932 1.5916 -3.3152 0.21244 -5.7347 3.2512 -3.5001
0 1 1 2 64.133 -12.926 -4.529 0.31336 -2.1386 -1.7709 2.2299 3.0318 0.28825 -0.64789 1.4904 -3.6031 0.74943 -0.27394
0 1 1 2 64.173 -12.548 -4.1236 0.53955 -1.162 -1.0571 0.79348 2.8261 0.53468 -0.19681 1.2469 -4.4924 0.7239 -0.38243
0 1 1 2 64.489 -12.156 -4.3859 -0.06589 -2.6496 1.5347 -0.12568 1.2474 0.076865 -0.66144 5.4694 -4.9457 0.87666 -2.5994
0 1 1 2 64.819 -11.5 -4.2282 0.78404 -2.4322 2.7709 -0.082104 -0.56209 2.475 -1.3354 0.63907 -2.8046 0.42274 -1.8006
0 1 1 2 64.467 -12.225 -4.877 0.4352 -3.2926 2.807 0.94248 -0.68279 3.1177 -1.417 0.57548 -1.5003 0.85692 -2.002
0 1 1 2 65.032 -11.587 -3.1889 1.2382 -3.1059 2.316 1.1688 -0.59479 2.6738 -3.1713 0.22632 0.54737 0.15675 -2.3615
0 1 1 2 63.025 -15.308 -6.8102 -1.8907 -5.0598 1.9078 0.65179 1.011 4.4072 -4.2306 0.67444 -0.27764 -1.0008 -2.5764
0 1 1 2 64.008 -11.12 -3.2106 -0.76464 -2.3004 0.0051017 1.2054 1.8225 -0.50502 -0.84766 1.1758 1.3755 -1.8921 -2.7984
0 1 1 2 64.124 -11.198 -3.1478 -0.1492 -3.3791 0.46578 2.6562 1.1513 -0.76515 -0.64468 0.036016 2.1212 -2.2391 -3.1301
0 1 1 2 62.073 -16.134 -9.0902 -5.6044 -8.9725 -2.5775 1.9035 2.1746 0.65517 -0.052234 1.1053 2.7547 -1.9681 -3.1109
0 1 1 2 64.131 -12.015 -3.3968 0.2551 -3.9526 0.71536 2.5556 2.1151 -0.13649 -2.0553 -0.37769 0.582 -1.7942 -2.0506
0 1 1 2 63.585 -14.978 -6.3119 -3.3455 -6.6082 -1.7438 2.1419 3.5074 1.785 -0.7975 -1.1851 -0.86118 -1.523 1.4814
0 1 1 2 65.329 -11.903 -2.5531 0.096087 -3.5137 -0.8322 1.9992 3.9616 0.22241 -0.67508 -1.1687 -0.70931 -3.7237 1.0356
0 1 1 2 64.605 -13.511 -4.2182 -1.3296 -3.9249 -1.8008 1.8353 5.5312 0.075755 1.084 -0.34912 -0.00979 -4.8538 1.3605
0 1 1 2 61.903 -15.717 -9.7127 -7.5772 -7.8729 -6.9949 1.17 1.3723 -4.7966 0.15151 -0.83897 -1.5342 -2.9036 3.7387
0 1 1 2 61.641 -16.295 -11.573 -5.9401 -6.2402 -8.8631 -1.5938 0.5957 -5.3591 1.4136 -2.441 -3.8977 -1.2198 -0.72606
0 1 1 2 62.431 -17.125 -11.055 -7.4752 -9.8766 -10.716 -3.7961 2.8367 -1.9691 1.2409 0.535 -4.3464 -1.5601 2.0566
0 1 1 2 62.859 -16.176 -12.407 -6.1911 -12.554 -11.24 1.0785 4.1579 -1.9288 -2.8791 0.13469 -2.1874 -1.1172 0.48623
0 1 1 2 63.893 -15.96 -11.567 -4.3689 -10.948 -6.6136 2.8016 6.5725 1.6469 -0.345 2.4721 -1.6812 -1.2787 -0.9509
0 1 1 2 64.007 -18.129 -10.549 -2.3692 -10.845 -3.9959 1.0103 2.4736 2.9435 -0.19568 4.7881 0.88743 -6.2984 -2.4295
0 1 1 2 64.69 -17.129 -8.3164 1.2525 -5.6758 -0.74121 2.9783 -0.25593 3.9757 -0.14881 -0.74375 -0.64027 -1.3307 -1.1784
0 1 1 2 65.364 -17.798 -9.1365 3.2031 -8.1739 -2.2036 2.5759 1.1922 5.911 -1.1193 -1.3814 -0.97786 0.31548 -0.29557
0 1 1 2 65.231 -20.432 -12.387 1.3364 -9.8546 -4.6469 2.1032 2.7646 5.8262 -1.3353 -1.6634 -3.6654 -2.4404 -1.4391
0 1 1 2 65.334 -20.156 -11.879 1.745 -9.5393 -4.2664 3.0428 3.6594 6.4059 -1.4019 -1.6777 -3.5745 -2.303 -1.6104
0 1 1 2 63.066 -18.218 -8.8806 -6.4323 -5.7514 -5.0895 0.39498 1.4455 1.8462 -2.3825 3.5247 -3.4088 1.7341 1.6764
0 1 1 2 63.066 -18.218 -8.8806 -6.4323 -5.7514 -5.0895 0.39498 1.4455 1.8462 -2.3825 3.5247 -3.4088 1.7341 1.6764
0 1 1 2 64.229 -14.909 -5.7325 -2.4963 -3.6116 -0.074025 4.0987 3.0923 1.3994 -2.9858 0.82956 -5.1569 4.1182 -0.27783
0 1 1 2 63.665 -16.753 -8.393 -4.5026 -4.056 -0.28505 4.4031 4.2724 1.1464 -2.498 2.8316 -4.8667 1.2938 -0.35098
0 1 1 2 64.273 -15.824 -7.4318 -3.1744 -5.2782 0.46248 0.1751 5.4169 1.442 -0.69504 4.5113 -3.8199 -0.12147 -2.1152
0 1 1 2 63.753 -15.874 -7.3602 -2.9955 -6.2759 -0.72047 2.3559 3.6803 0.43636 0.18779 0.84879 -4.8893 1.2371 -0.56896
0 1 1 2 63.659 -16.167 -7.4726 -3.2434 -6.5176 -1.099 0.96716 3.8084 0.30659 1.4868 2.4184 -4.5413 1.2325 0.17976
0 1 1 2 62.898 -16.972 -7.9716 -2.9846 -6.8732 -1.8875 -1.2727 2.2859 1.6938 -1.6445 4.2419 -5.1362 -0.40816 0.86758
0 1 1 2 63.56 -15.08 -9.7926 -3.0583 -6.2642 -4.6766 1.8674 6.3826 1.8736 -3.6776 1.4793 -5.6705 4.4307 -3.3176
0 1 1 2 64.209 -11.939 -5.5619 -0.55083 -4.9916 0.72934 2.6388 5.9777 1.6125 -3.2024 0.47067 -6.4541 3.4449 -0.96945
0 1 1 2 63.597 -13.149 -7.014 -2.0651 -5.7602 0.52497 2.6774 6.506 1.3089 -3.6095 1.4798 -6.6845 2.4788 -0.38011
0 1 1 2 63 -15.719 -8.9097 -4.3827 -6.8009 -3.7412 1.1346 3.4911 1.961 -0.74694 2.6954 -4.0687 1.6383 0.88509
0 1 1 2 65.168 -10.782 -2.8559 0.73466 -1.7053 0.3833 0.65914 0.64266 1.1649 -1.2956 0.99588 -2.7636 0.73275 -0.90854
0 1 1 2 65.168 -10.782 -2.8559 0.73466 -1.7053 0.3833 0.65914 0.64266 1.1649 -1.2956 0.99588 -2.7636 0.73275 -0.90854
0 1 1 2 64.474 -12.413 -4.5853 -0.1983 -2.3093 1.7709 0.06392 0.68561 -0.3967 0.53624 3.7931 -4.4644 -0.053777 -1.9156
0 1 1 2 64.555 -12.874 -4.6655 0.60373 -3.204 1.679 1.7262 0.54966 0.5977 -0.87978 1.2894 -3.1259 -1.28 0.46957
0 1 1 2 64.572 -12.293 -4.1375 0.36788 -2.4065 1.95 0.089973 0.62315 2.0596 -1.4938 0.3383 -1.8916 -0.29548 -1.0721
0 1 1 2 62.038 -18.016 -11.949 -7.5458 -9.8986 -3.5307 -5.079 -1.9357 0.89317 -2.8121 -0.74489 -2.9156 -0.92927 -2.2498
0 1 1 2 64.187 -12.869 -4.8898 -0.034317 -3.0254 2.5621 -0.84552 1.0022 3.0386 -1.2154 0.25642 -1.4104 -0.047976 -1.9569
0 1 1 2 64.324 -12.683 -3.568 0.74961 -3.9948 1.3871 1.8919 0.78261 2.0029 -2.2689 -0.84726 0.37133 0.011422 -3.2533
0 1 1 2 63.972 -13.525 -3.8166 0.6893 -3.7321 1.3466 0.92847 1.362 2.8304 -2.9568 -1.2002 -0.46621 0.041617 -2.761
0 1 1 2 63.498 -14.427 -5.8479 0.15584 -3.9016 0.68534 0.024006 2.1814 2.0115 -2.1307 -0.47346 -0.92359 1.3218 -0.84758
0 1 1 2 63.722 -12.837 -5.7964 -1.2085 -4.4331 0.784 2.1677 1.9871 1.6403 -1.4961 0.66322 1.786 -1.8766 -3.8638
0 1 1 2 64.774 -11.429 -3.2267 1.0396 -2.7686 1.419 1.3284 0.856 -0.083684 -2.2832 0.55771 0.80592 -0.088682 -2.4952
0 1 1 2 64.841 -11.494 -3.2087 1.14 -2.8382 1.091 1.202 0.85189 -0.039607 -2.5274 0.90969 -0.0033132 0.59481 -1.4599
0 1 1 2 63.63 -15.473 -7.8427 -3.4495 -6.453 -2.408 -1.072 4.3789 2.9237 -1.6744 0.4182 -0.50951 -1.1135 2.5658
0 1 1 2 63.602 -15.575 -8.1219 -3.6224 -5.8394 -2.0527 -1.0797 5.6399 2.6986 -0.89592 0.35477 -1.2827 -2.8368 2.9047
