1 0 1 1 68.05 -21.449 -1.3059 2.0783 -4.4944 4.291 -2.075 7.8678 3.5131 -5.389 -1.328 4.2983 -0.26455 0.4036
1 0 1 1 66.971 -20.499 0.18131 4.0334 -3.6999 5.35 -7.902 6.565 2.6929 -1.1643 -1.6315 4.3794 -1.8808 -0.82796
1 0 1 1 67.075 -20.876 -0.26808 4.7345 -3.9876 2.9123 -8.2008 9.3105 3.0704 -3.5869 -3.63 3.1597 -0.57581 1.0108
1 0 1 1 66.733 -21.234 -0.25052 4.9231 -4.6008 5.7822 -7.7978 5.9273 -0.47434 -1.3483 -0.36672 4.7029 -3.32 0.054186
1 0 1 1 66.719 -21.404 -0.46529 4.706 -3.1288 5.1637 -6.3975 7.3975 -1.3547 -2.3439 -1.5702 3.3433 -0.156 1.3383
1 0 1 1 68.171 -22.427 0.015728 3.9179 -1.9429 1.9077 -7.8207 6.5642 3.1105 -3.2452 -0.013783 3.6087 -0.5447 1.2774
1 0 1 1 66.953 -20.542 0.81249 3.5643 -2.4991 4.276 -8.4106 6.4104 1.767 -2.1867 0.52433 4.0103 -2.3636 0.39615
1 0 1 1 67.46 -20.339 0.90071 3.3769 -1.6452 4.2647 -8.4047 6.0201 0.70828 -2.9106 1.0308 6.0083 -1.9523 0.03471
1 0 1 1 66.578 -21.478 1.1815 2.9477 -1.7339 4.5407 -7.1096 6.1968 1.877 -2.4531 1.3994 4.1269 -2.5969 1.8818
1 0 1 1 71.525 -20.902 0.58664 3.4614 2.7462 -3.1559 -5.9529 5.0161 -0.66661 -6.5716 0.18761 3.4254 -1.4865 -1.476
1 0 1 1 76.357 -19.052 -2.4568 1.0995 6.5445 -14.116 -0.8694 6.4584 -1.6258 -5.9533 4.6647 10.869 -0.62679 5.1521
1 0 1 1 76.863 -18.549 -2.5612 1.3202 6.2872 -13.804 -0.65878 6.2525 -0.38276 -6.5599 5.5878 11.602 -1.0515 5.6629
1 0 1 1 77.225 -17.796 -2.308 1.9854 5.6673 -12.522 -0.36255 6.5961 1.2509 -7.3981 6.5948 11.309 -1.7284 5.1285
1 0 1 1 70.981 -16.285 -3.0987 1.5589 -9.8587 0.077383 3.8487 13.603 -2.1581 -13.189 3.0395 -7.2128 -0.56463 4.8478
1 0 1 1 71.733 -16.507 -2.5065 2.6226 -8.422 -3.9076 -1.3523 9.8326 1.7553 -12.869 1.8102 -9.0627 -1.4063 1.1922
1 0 1 1 71.185 -18.266 -4.6282 2.0476 -8.242 2.2112 1.0876 5.8379 1.3476 -9.2507 -4.7984 2.3394 3.391 -1.6412
1 0 1 1 70.86 -17.992 -5.3295 1.8435 -8.8525 2.5694 1.2365 7.2993 2.9388 -9.8555 -4.2286 2.5903 2.1086 -2.1088
1 0 1 1 66.661 -20.148 0.26066 5.016 -7.4659 7.5254 -6.4931 3.5864 1.5464 -3.5204 2.5272 0.61859 -2.4445 -0.26374
1 0 1 1 70.662 -20.799 -3.5196 5.5147 -2.7852 5.1375 -10.617 2.7003 1.2302 -2.7521 -7.0619 -1.2818 4.8862 2.0539
1 0 1 1 73.098 -20.418 -3.6012 3.5398 5.1097 -5.384 -8.6365 5.5922 -3.131 -2.9861 -7.2779 0.61387 1.0656 -0.57533
1 0 1 1 69.818 -19.875 -0.30325 1.7396 -4.2166 8.099 -3.3686 1.7106 3.3086 -3.7888 0.95223 4.1305 -3.5061 -3.9725
1 0 1 1 69.522 -20.041 -0.25832 1.9285 -4.9998 6.902 -4.0468 2.768 4.3553 -5.467 1.4049 2.6299 -3.7514 -2.5302
1 0 1 1 68.38 -20.538 -0.3928 2.9305 -3.2178 6.893 -5.2475 4.5751 2.4004 -7.2064 -0.97867 1.2398 -5.6608 -1.2151
1 0 1 1 67.783 -20.943 0.084857 2.9426 -5.6423 8.017 -4.5397 3.9308 5.2941 -4.5954 -0.030779 -1.0916 -3.9266 -0.76638
1 0 1 1 67.78 -18.818 0.59876 2.2099 -5.8058 7.0476 -5.9196 5.1034 3.4372 -4.8718 -0.8688 0.63162 -2.2124 -1.2271
1 0 1 1 67.998 -19.614 1.0482 3.7531 -5.8349 8.058 -6.6842 2.9116 4.2279 -2.1841 -0.91941 -1.0645 -2.552 -1.6204
1 0 1 1 67.795 -19.365 -0.81284 2.2315 -6.8257 5.7759 -6.2607 5.3182 5.4274 -2.4439 -1.0316 -2.3688 -2.483 0.12231
1 0 1 1 67.725 -18.793 1.059 1.371 -7.8073 7.607 -6.3389 3.0894 4.953 -4.9488 -0.53747 -0.36033 -3.8636 -1.599
1 0 1 1 67.366 -19.136 -0.209 1.9472 -4.4908 7.7523 -7.1858 6.3711 3.2689 -4.3137 -2.0812 1.1137 -2.3222 -0.38194
1 0 1 1 67.622 -18.714 0.3258 1.4389 -5.7511 8.2882 -5.4302 6.2156 2.3292 -2.9266 -1.9076 0.53255 -1.6432 1.7563
1 0 1 1 68.715 -17.981 1.1459 3.0927 -5.1504 8.1252 -7.5604 3.143 2.1975 -8.9886 -2.0149 0.14449 -1.1591 -0.84754
1 0 1 1 69.615 -19.161 -0.76888 4.0138 -5.2815 4.8089 -7.6246 5.8074 3.5721 -7.8401 -2.7297 -1.654 -2.1094 -0.26273
1 0 1 1 70.388 -20.861 -1.9327 8.4351 -3.9588 -1.362 -6.2037 7.6293 -0.44948 -6.1406 2.2521 0.18479 -3.1102 -1.8587
1 0 1 1 74.707 -13.676 3.3509 5.6195 -5.5427 5.0741 -0.71363 0.47237 0.64031 -0.76111 2.9433 -2.2057 1.184 -3.1482
1 0 1 1 72.204 -17.424 1.8921 5.4265 -7.0426 6.0545 -1.2237 2.8787 0.60373 -2.2902 1.8923 -3.1622 0.034794 -2.0198
1 0 1 1 69.622 -23.583 -4.226 5.8076 -3.5085 5.161 1.5723 0.60027 -1.5028 -0.59942 -0.26061 -2.2012 0.56567 0.48916
1 0 1 1 69.622 -23.583 -4.226 5.8076 -3.5085 5.161 1.5723 0.60027 -1.5028 -0.59942 -0.26061 -2.2012 0.56567 0.48916
1 0 1 1 68.086 -22.28 -0.12362 6.0674 -5.7994 3.9474 -1.2196 3.5896 -0.045086 -1.7149 0.95796 -0.95309 -0.55546 2.0092
1 0 1 1 68.301 -22.711 -0.52254 5.267 -4.4421 4.2969 -2.0625 4.3985 -1.2133 -1.2424 1.823 2.3432 -2.0874 -0.86949
1 0 1 1 68.192 -23.972 0.11152 5.7803 -3.3414 2.4378 -5.9506 5.4245 1.1013 -2.514 0.50971 2.2583 -0.79664 2.9804
1 0 1 1 68.827 -23.39 0.24427 6.1448 -3.3797 2.8519 -5.9771 5.3944 -0.22277 -3.3077 -0.53368 0.9585 -1.9227 3.0211
1 0 1 1 68.742 -23.323 0.2832 6.9583 -3.1993 3.5395 -5.2015 5.3446 -1.2557 -3.0412 -1.8718 -0.065155 -2.7554 1.8799
1 0 1 1 68.213 -23.611 -1.0016 4.9526 -4.0928 2.9734 -4.9159 6.9931 1.7857 -0.80438 -0.36274 1.2627 -0.7185 1.8056
1 0 1 1 68.677 -23.752 -1.3156 6.6991 -2.6843 2.5761 -6.3051 4.7448 -3.7718 -2.5595 0.96305 3.64 -0.095826 2.9233
1 0 1 1 68.817 -23.076 -0.68562 5.3098 -4.441 1.8425 -6.3851 5.9435 -1.5091 -1.416 -0.54977 0.535 -2.4551 1.1617
1 0 1 1 68.532 -23.429 -1.0261 5.7796 -3.3567 3.2147 -6.2488 6.1837 -3.5729 -1.71 1.3879 3.7229 -0.030436 0.53828
1 0 1 1 68.724 -22.926 -1.4827 4.704 -4.9103 2.5529 -4.6246 8.838 -2.7124 -1.3853 0.93634 4.1216 1.5599 1.9994
1 0 1 1 69.238 -22.288 -0.0051887 6.5386 -3.246 3.6614 -7.3366 7.1571 0.28338 -0.66626 -1.0465 1.4248 -2.0503 2.387
1 0 1 1 69.126 -22.774 -0.27413 5.6664 -2.8549 3.3843 -5.8476 7.5209 -0.099417 -1.016 -1.014 2.2743 -1.621 2.714
1 0 1 1 68.293 -23.837 -1.3495 4.1277 -3.9706 3.3648 -5.1315 7.9557 -0.89601 -0.70824 -0.076834 2.4584 -0.46089 3.7107
1 0 1 1 69.051 -23.181 -0.82576 4.7935 -3.0246 3.4301 -4.7018 7.8907 -0.94383 -1.8321 -2.3833 1.3079 -0.33943 2.9842
1 0 1 1 69.178 -24.553 -1.0337 6.3247 -3.6759 0.95603 -6.1465 6.7904 0.25392 -0.26921 -1.6289 0.83007 -0.20384 3.4537
1 0 1 1 69.492 -23.988 0.73001 6.1105 -1.5622 1.6552 -6.0321 5.7675 -0.88255 -2.2711 -1.4826 1.2821 -0.30082 0.59197
1 0 1 1 69.925 -24.532 -0.77713 5.4937 -1.1246 0.79143 -5.4325 6.5567 -1.6796 -2.4557 -1.7141 1.163 -0.094496 0.89705
1 0 1 1 74.096 -23.374 -3.3646 4.7844 7.3756 -13.229 1.7806 10.357 -0.9517 -5.5883 -0.42753 5.7914 -2.0978 0.89998
1 0 1 1 74.096 -23.374 -3.3646 4.7844 7.3756 -13.229 1.7806 10.357 -0.9517 -5.5883 -0.42753 5.7914 -2.0978 0.89998
1 0 1 1 72.916 -22.319 -0.67078 7.4425 1.064 -8.2731 3.1752 6.2841 3.5562 -5.9313 3.1864 2.4714 -2.2182 0.37874
1 0 1 1 71.716 -21.365 -0.15803 7.4789 -2.812 -5.1094 1.6212 4.8457 3.6933 -5.9062 1.5349 0.016547 -1.1533 -0.90218
1 0 1 1 70.83 -21.389 -0.81831 7.0539 -5.1404 -3.4175 0.45595 4.4331 3.8844 -5.3426 -0.22351 -0.80538 -0.37379 -1.3916
1 0 1 1 71.095 -16.815 -0.43301 5.8008 -9.2407 0.80151 -4.8065 1.089 2.1818 -1.8796 -1.4274 -0.30682 3.7784 -0.63819
1 0 1 1 71.303 -16.666 -1.0172 5.0316 -11.106 -0.38807 -4.0558 2.4994 1.9525 -1.7326 -0.82245 1.4262 4.2309 -0.83155
1 0 1 1 69.722 -19.374 -2.3052 7.2583 -10.141 1.9426 -3.1473 2.9392 0.89568 -1.3194 -2.3239 2.3337 0.012267 -2.1206
1 0 1 1 69.722 -19.374 -2.3052 7.2583 -10.141 1.9426 -3.1473 2.9392 0.89568 -1.3194 -2.3239 2.3337 0.012267 -2.1206
1 0 1 1 69.857 -18.937 -1.0256 7.9296 -7.5553 2.0093 -3.9287 2.9499 0.3802 -4.4762 -3.109 1.6128 1.8187 -0.40924
1 0 1 1 70.328 -19.52 -1.4395 8.1029 -9.0879 1.7447 -4.9189 2.4033 0.23781 -4.6325 -1.7899 4.12 3.0926 2.5092
1 0 1 1 70.012 -20.178 -1.5848 8.3678 -8.9645 2.5067 -3.6223 3.4371 0.37344 -5.185 -2.961 3.9419 2.6654 3.0943
1 0 1 1 69.981 -19.885 -0.64638 9.0784 -7.9076 3.6529 -2.0636 4.4967 1.0192 -4.8307 -3.0377 3.0563 0.77663 1.3526
1 0 1 1 71.397 -18.377 0.23064 9.8513 -5.0213 1.8607 -3.4858 2.9145 2.0628 -3.6032 -1.3394 1.403 -0.49743 -1.0331
1 0 1 1 72.526 -17.884 -0.49325 9.7808 -3.2167 0.48205 -2.8873 4.2499 1.6715 -5.4218 -1.7161 3.0975 -0.38353 -1.716
1 0 1 1 73.844 -16.723 -1.9396 10.462 -0.4615 -2.8773 -3.8739 5.5394 0.78755 -6.739 0.36734 7.3906 -3.4438 -3.504
1 0 1 1 73.076 -17.54 -1.9928 10.855 -1.4466 -2.0571 -4.4518 4.9825 0.67121 -7.6336 1.2713 6.9706 -3.8908 -3.0746
1 0 1 1 72.49 -17.985 -2.076 10.599 -2.1654 -1.2589 -4.1967 4.9342 0.67295 -8.2335 1.3122 6.2294 -4.1918 -2.9735
1 0 1 1 70.493 -17.759 0.29317 6.9768 -6.4606 6.5481 -0.26292 0.02228 -0.92078 -7.4485 -3.1915 3.5347 0.85513 -1.6519
1 0 1 1 71.208 -16.759 0.91038 7.0162 -6.9662 6.3655 -2.5315 2.3203 4.2463 -2.4796 -3.191 -0.032852 -1.2554 -1.1487
1 0 1 1 71.861 -15.873 1.6214 6.9168 -6.8403 6.5663 -1.0632 0.085058 3.189 -2.4662 -3.3414 1.1523 0.8236 -2.331
1 0 1 1 71.726 -16.446 1.4668 6.5061 -7.2685 6.3743 -0.79837 0.62519 3.3312 -2.8485 -3.306 1.185 1.5385 -2.3004
1 0 1 1 70.803 -17.675 0.54312 5.5649 -7.6556 5.3806 -3.2729 1.5199 5.5405 -2.1131 -4.1552 1.2332 0.711 -1.8401
1 0 1 1 70.803 -17.675 0.54312 5.5649 -7.6556 5.3806 -3.2729 1.5199 5.5405 -2.1131 -4.1552 1.2332 0.711 -1.8401
1 0 1 1 73.417 -16.186 1.5687 7.8877 -5.8729 4.0091 -5.7683 3.1625 2.8818 -1.8453 -4.5714 2.2766 -0.032884 0.041457
1 0 1 1 73.886 -16.089 1.4385 8.0073 -4.9552 2.6759 -5.9908 4.2049 2.545 -2.758 -4.205 2.2356 0.85985 1.0286
1 0 1 1 65.603 -19.921 -0.58382 5.8128 -7.6011 10.758 -6.3809 3.9891 2.4387 -3.5999 2.9493 0.16916 -0.058074 1.1678
1 0 1 1 66.079 -19.862 0.34656 5.4678 -6.9455 11.337 -6.1492 3.186 1.3374 -3.465 0.91729 -1.2502 -0.064901 1.3561
1 0 1 1 66.393 -20.372 -0.44572 4.0172 -9.0179 9.8539 -6.6075 4.2792 1.9186 -1.2652 1.8287 -1.7458 -0.66705 1.0555
1 0 1 1 70.609 -20.515 -0.86074 7.245 -1.5047 6.1783 -9.6124 3.2982 3.3442 -3.0952 -6.1305 -2.5696 3.5946 1.5654
1 0 1 1 74.026 -18.512 -2.652 4.948 5.0019 -0.92748 -6.3715 7.1357 -0.62658 -1.1701 -1.5879 1.4063 1.5117 -1.1336
1 0 1 1 67.399 -22.725 1.3664 4.8607 -2.2683 4.6798 -6.8956 5.348 6.7399 -3.1184 -2.1018 1.2108 -3.434 -1.5567
1 0 1 1 67.613 -20.739 1.2604 3.4144 -3.1425 4.0929 -8.0082 4.8373 3.928 -3.0251 0.31171 4.8236 -2.1471 -0.4537
1 0 1 1 67.905 -21.867 0.15406 5.1252 -3.496 3.087 -6.9625 6.1465 0.17088 -6.837 -1.1996 3.9219 -1.7882 0.11105
1 0 1 1 67.868 -22.085 0.31234 5.7217 -2.6253 3.0852 -8.2301 6.5509 1.3537 -4.5891 0.57212 4.2979 -1.3084 1.275
1 0 1 1 67.749 -21.772 -0.51495 5.074 -3.0515 3.4107 -7.1584 9.1586 1.9739 -2.5093 0.17538 3.5492 -0.94743 0.25968
1 0 1 1 67.104 -20.756 -0.14314 4.5699 -3.4523 6.304 -6.8111 6.5868 0.85105 -3.0408 0.32148 3.4177 -1.0061 -1.1394
1 0 1 1 67.39 -22.135 0.2869 5.4576 -3.8922 7.1099 -6.9121 5.057 0.6983 -4.6273 -0.94948 4.8176 -2.1977 -0.74609
1 0 1 1 67.603 -20.796 -0.56978 4.9088 -3.3398 4.2832 -6.8456 5.9645 -1.0662 -3.0978 -1.6995 3.1817 -2.0924 -2.0017
1 0 1 1 67.279 -22.351 -1.1986 5.7732 -1.517 3.0731 -7.9472 6.9627 -1.4353 -3.8983 1.5333 6.2388 0.58084 1.8188
1 0 1 1 66.627 -22.465 -0.76744 5.1923 -4.4685 6.1666 -8.2667 8.4143 2.5257 0.28115 -0.70833 5.8694 -2.1817 0.26106
1 0 1 1 67.549 -23.294 -1.2733 5.6996 0.031302 5.4824 -8.3612 7.6071 3.1784 -2.9725 -2.5546 2.1697 -1.4469 0.44148
1 0 1 1 68.27 -22.903 0.097734 3.963 -0.47695 3.2773 -9.3482 4.8401 1.0258 -4.5245 0.12229 3.5182 -0.52082 -0.057886
1 0 1 1 68.447 -23.168 -0.015403 4.415 0.2969 2.8519 -8.0701 4.342 1.3247 -3.7463 1.7241 3.5315 0.22576 0.62862
1 0 1 1 68.697 -22.836 -0.061054 4.0322 1.2872 1.2426 -9.197 4.0511 1.1234 -5.0026 2.5737 5.6259 1.0364 0.60259
1 0 1 1 74.104 -22.179 -1.4849 3.4738 7.0817 -12.706 2.664 9.032 -4.2777 -6.8025 3.1588 4.9976 -2.285 -0.0048442
1 0 1 1 74.403 -21.621 -1.1284 3.6392 6.7945 -12.517 3.1865 9.047 -4.3981 -7.5644 3.8672 4.2932 -2.731 0.66262
1 0 1 1 72.034 -19.693 1.6269 5.9753 -2.9206 -0.86576 -1.1525 6.1251 -0.57736 -9.6301 4.317 2.6319 -1.0974 -0.85809
1 0 1 1 69.549 -19.933 0.50263 5.1658 -5.7454 6.4258 -5.2395 3.4871 4.2013 -9.242 -0.89255 0.91392 -0.44465 -3.3303
1 0 1 1 72.256 -17.688 2.5921 8.057 -3.6576 2.5806 -5.9328 6.0012 2.057 -7.0769 0.13456 3.1394 -1.6927 -3.9857
1 0 1 1 73.033 -17.559 0.72859 6.6828 1.5047 -1.3795 -5.5274 11.384 2.3332 -7.9076 -0.21256 6.6482 -4.6893 -5.4946
1 0 1 1 72.434 -17.177 1.3943 4.7711 -6.3459 3.7848 -6.0241 7.0837 3.2975 -5.8103 0.61721 2.286 -5.3632 0.68012
1 0 1 1 75.078 -14.675 1.4254 4.5119 1.8468 -1.5086 -7.8778 8.3597 1.3817 -3.7722 -1.9411 5.1394 -1.4984 -2.0038
1 0 1 1 71.661 -12.67 1.6753 2.4134 -1.7537 7.1557 -8.8689 5.838 7.0716 -7.4773 -2.9691 2.9616 -0.12063 -3.0752
1 0 1 1 69.182 -15.343 1.1112 1.6085 -4.8393 5.6393 -6.5073 3.9871 2.8563 -3.7157 -0.82759 -4.3548 -1.2295 -0.55814
1 0 1 1 68.269 -15.784 3.09 0.50847 -6.0236 5.3597 -3.8864 7.0976 3.0086 -5.0723 -1.2631 -4.8893 -2.5053 -1.2508
1 0 1 1 72.26 -23.788 -3.3169 6.0571 -6.0857 4.3179 1.2599 0.34242 -4.3221 -0.95904 1.067 -0.72238 0.16845 -0.35231
1 0 1 1 71.828 -23.55 -1.7714 6.4306 -6.6658 3.7965 -0.55558 0.65013 -3.6381 -1.7782 -0.070232 -1.2787 -0.0096778 1.2594
1 0 1 1 70.247 -24.514 -0.86137 7.5223 -5.0876 4.4757 -1.4506 6.1162 -2.1435 -3.9751 -1.5227 -3.2644 -5.2637 1.3253
1 0 1 1 70.472 -24.494 -0.93085 6.9569 -4.7335 3.8684 -4.0253 5.4319 -0.93381 -1.0228 -1.22 -2.0673 -1.4935 3.7751
1 0 1 1 70.104 -22.311 0.11568 7.4538 -4.2493 3.6944 -4.5905 4.3194 -2.231 -1.0364 -1.3667 -0.8804 -1.7407 0.9695
1 0 1 1 69.629 -23.195 -0.38041 7.4067 -4.2242 4.0652 -4.1482 4.5384 -2.8612 -2.465 -2.3103 -1.6541 -2.0565 1.4117
1 0 1 1 70.667 -24.161 -0.9312 5.7977 -5.7377 2.339 -4.177 6.1278 -1.4846 -0.93408 -1.8959 -2.2143 -2.3469 2.5432
1 0 1 1 70.683 -24.179 -1.1055 5.7737 -6.0356 2.1861 -4.4554 5.74 -2.2375 -1.3519 -2.5323 -2.7181 -2.7663 1.0502
1 0 1 1 69.911 -24.464 -1.4743 7.0667 -5.5178 3.3981 -3.3014 5.2497 -1.8202 -0.59609 -2.8455 0.43047 0.6122 1.4496
1 0 1 1 69.911 -24.464 -1.4743 7.0667 -5.5178 3.3981 -3.3014 5.2497 -1.8202 -0.59609 -2.8455 0.43047 0.6122 1.4496
1 0 1 1 71.183 -22.843 0.25079 7.07 -6.3038 2.062 -4.1682 5.3256 -1.7384 -1.2779 -1.6747 -0.083707 -1.0804 -0.33778
1 0 1 1 71.183 -22.843 0.25079 7.07 -6.3038 2.062 -4.1682 5.3256 -1.7384 -1.2779 -1.6747 -0.083707 -1.0804 -0.33778
1 0 1 1 69.984 -24.361 -1.0613 6.8609 -5.5108 2.4237 -4.5392 4.7671 -2.0567 -0.94978 -2.1132 -0.040443 -1.2951 0.93101
1 0 1 1 70.794 -23.108 0.065667 6.5195 -4.8599 2.2126 -5.5251 4.7643 -1.2796 -0.59007 -2.395 -1.2289 -2.3596 0.97476
1 0 1 1 70.885 -22.878 0.15054 6.4647 -4.6324 2.7931 -5.2569 4.4505 -0.77039 -0.19982 -1.8317 -0.80982 -2.1784 1.4208
1 0 1 1 70.931 -23.207 -0.17868 6.9547 -4.713 2.7057 -4.5255 4.6131 -0.74996 -0.90523 -2.2037 -1.6448 -3.5479 -1.0709
1 0 1 1 70.931 -23.207 -0.17868 6.9547 -4.713 2.7057 -4.5255 4.6131 -0.74996 -0.90523 -2.2037 -1.6448 -3.5479 -1.0709
1 0 1 1 70.336 -23.417 -0.24028 6.8546 -5.4397 2.8666 -4.1265 4.8734 -1.9036 -1.8462 -2.4203 -0.79167 -3.2269 -0.43233
1 0 1 1 70.51 -24.5 -0.57785 6.2691 -4.5358 1.9683 -4.3909 5.0659 -3.4403 -2.6308 -2.1359 -0.10927 -1.7612 2.4993
1 0 1 1 70.51 -24.5 -0.57785 6.2691 -4.5358 1.9683 -4.3909 5.0659 -3.4403 -2.6308 -2.1359 -0.10927 -1.7612 2.4993
1 0 1 1 70.414 -23.854 -0.10905 6.4204 -4.2208 1.2615 -5.1604 6.2834 -1.792 -2.149 -2.8109 0.99346 -0.2972 3.1682
1 0 1 1 70.054 -24.144 -0.55916 6.9871 -3.4528 2.1151 -5.4923 5.4939 -0.64054 -1.3472 -3.6168 -0.49292 -2.468 1.9421
1 0 1 1 71.558 -23.886 -0.16966 6.2616 -4.3235 2.7471 -4.5592 5.7844 -1.4857 -2.4408 -2.2682 0.38852 -3.8566 -1.423
1 0 1 1 71.26 -24.206 -0.026728 6.9304 -4.0585 2.566 -4.6947 5.8999 -1.5807 -2.4678 -2.432 1.3529 -2.0671 0.3435
1 0 1 1 70.61 -24.975 -0.18013 7.2664 -4.2334 2.9384 -3.4897 7.8102 -3.0711 -1.9999 -4.3754 0.68262 -1.7969 -0.12731
1 0 1 1 70.61 -24.975 -0.18013 7.2664 -4.2334 2.9384 -3.4897 7.8102 -3.0711 -1.9999 -4.3754 0.68262 -1.7969 -0.12731
1 0 1 1 70.09 -23.262 -0.66562 6.6301 -5.7874 2.0086 -4.3296 7.8 -3.9034 -1.6037 -1.6365 4.6316 -0.56912 -1.3722
1 0 1 1 69.872 -23.291 -0.26201 7.3128 -6.6184 0.51344 -4.8857 9.1849 -3.4495 -1.5105 -1.8713 6.3611 -2.218 -2.8048
1 0 1 1 69.83 -22.961 -0.10183 7.4533 -5.952 1.0484 -5.7116 9.1323 -2.7685 -1.0407 -2.499 6.4358 -1.958 -2.0146
1 0 1 1 69.695 -23.246 -0.2181 7.3671 -4.8453 1.5594 -7.2743 8.4122 -1.5645 -1.0874 -2.7745 5.789 -1.1744 -0.31365
1 0 1 1 69.682 -23.115 0.31098 7.6605 -3.9648 1.9564 -7.6165 6.8325 -1.8081 -1.9608 -2.9568 4.4873 -1.7809 -1.1088
1 0 1 1 69.77 -22.931 0.77846 7.6573 -4.6117 1.0229 -6.6529 7.9215 -1.5633 -2.0856 -3.5964 4.75 -2.0185 -1.898
1 0 1 1 70.028 -23.614 0.85871 6.8643 -4.6166 0.66109 -7.5895 7.7438 -1.8205 -1.8924 -4.5428 3.062 -1.577 -0.90436
1 0 1 1 70.294 -24.05 0.3913 5.6466 -4.5621 0.69038 -6.7448 8.3757 -3.8702 -3.0613 -3.6552 3.0132 0.77811 0.46246
1 0 1 1 70.64 -24.345 0.90515 6.1445 -3.4123 1.5882 -6.9345 8.4966 -0.92036 -5.2356 -4.9439 5.0732 -0.75903 0.069789
1 0 1 1 74.573 -22.046 -3.1239 4.5092 5.0901 -6.0646 -6.3558 8.6383 -3.3152 -2.3451 -6.0105 3.8582 -0.83091 0.77498
1 0 1 1 75.446 -19.971 -2.1945 4.3355 6.2966 -8.1806 -5.856 8.6688 -4.0993 -2.214 -6.3053 4.739 -2.4457 -0.80956
1 0 1 1 75.915 -19.139 -2.0122 3.9249 6.1007 -8.3766 -5.6175 8.7579 -3.3816 -2.3728 -6.0035 4.9336 -2.69 -1.0831
1 0 1 1 76.846 -17.562 -1.5728 3.3768 4.6367 -6.6843 -5.4601 7.0504 -0.47376 -4.0341 -5.3554 4.544 -3.6955 -1.8932
1 0 1 1 73.524 -16.733 1.3481 7.2387 -3.8865 4.7646 -3.7185 3.4417 3.5617 -1.7518 -2.5209 2.1758 -1.2802 -4.1832
1 0 1 1 73.666 -17.491 0.57344 8.3655 -2.4234 3.0706 -5.4418 5.0377 2.7385 -2.3189 -3.3809 2.4312 -1.2455 -3.827
1 0 1 1 73.792 -17.779 -0.16364 8.9854 -0.756 1.0544 -6.3321 6.1369 1.215 -2.9349 -3.9269 2.3943 -0.85515 -3.2238
1 0 1 1 66.056 -20.097 -0.28765 4.7161 -8.3288 9.6759 -7.3906 2.7262 3.8437 -2.5353 1.6599 -0.82364 0.53859 0.9237
1 0 1 1 66.456 -20.134 0.06174 5.9364 -7.238 9.4535 -8.5778 3.4317 4.216 -2.9497 1.2208 -1.8704 -1.2661 -0.23683
1 0 1 1 66.061 -20.466 0.10701 5.5083 -4.7932 10.63 -7.5224 3.0539 1.7514 -5.3106 2.121 -1.1715 -1.3548 0.69129
1 0 1 1 66.496 -20.68 0.88649 5.5564 -5.6994 9.7434 -7.2666 3.0617 2.3502 -3.2612 0.32424 -2.2302 -1.7154 1.3387
1 0 1 1 71.424 -20.404 -1.2437 6.9711 -1.469 5.1662 -10.875 4.1418 2.8156 -1.6643 -5.9044 -1.2356 4.084 0.89527
1 0 1 1 73.269 -22.102 -4.1128 4.6439 5.2459 -0.80423 -7.4599 7.9612 -1.2811 -0.40992 -4.6852 3.6684 1.7568 -1.7174
1 0 1 1 67.523 -21.363 1.1141 4.8688 -1.5211 4.7366 -5.9546 5.7641 1.8361 -3.9191 -0.084766 2.6721 -3.9525 -2.9914
1 0 1 1 67.736 -21.613 1.0987 3.5749 -2.8916 3.9147 -7.397 6.6284 0.85968 -4.0303 -1.8569 2.9747 -3.2623 -1.46
1 0 1 1 67.69 -21.223 -0.22274 4.4905 -2.8956 5.3218 -7.4011 7.3639 0.017038 -3.1984 -1.7016 4.125 -0.94735 0.30894
1 0 1 1 67.374 -21.19 -0.11945 4.9698 -3.5873 5.927 -8.0077 7.582 -0.57355 -2.6711 -2.498 2.7284 -2.846 0.91146
1 0 1 1 66.344 -21.455 -0.43881 3.5917 -3.6921 6.3618 -7.2157 7.5566 -0.21513 -2.003 -1.1786 4.7157 -2.2049 1.0369
1 0 1 1 67.319 -21.777 0.094793 4.8123 -3.3337 6.0969 -6.2129 8.2311 0.079128 -2.2881 -2.5497 2.5811 -2.9459 -0.82906
1 0 1 1 67.168 -21.541 -0.045784 5.2852 -3.4594 5.3547 -9.749 6.1117 -0.41983 -0.66711 -0.86307 4.3991 -1.5015 1.474
1 0 1 1 67.593 -24.168 -1.4864 6.6722 1.0934 3.8708 -9.241 5.8467 2.3092 -0.87931 0.79198 2.2537 0.20293 3.6657
1 0 1 1 68.528 -23.048 -0.91703 4.8654 0.29044 1.8477 -9.1641 6.4224 1.0876 -1.7036 0.4372 2.6401 -0.16389 2.0966
1 0 1 1 69.091 -22.436 -0.74935 4.7623 0.20866 1.7203 -8.7139 6.7018 1.8023 -1.0843 0.66045 3.1552 -0.051712 1.5533
1 0 1 1 68.656 -23.598 -2.1881 4.2825 -0.31295 1.7658 -8.9189 6.4208 1.8054 -1.3205 -0.096667 2.987 -0.62853 0.87278
1 0 1 1 70.433 -22.741 -0.72545 4.7416 2.4955 -3.7226 -9.009 6.7541 -1.1379 -5.5336 0.82477 3.2853 0.91402 1.3753
1 0 1 1 76.129 -18.592 -1.3522 4.5125 9.415 -10.751 0.72844 8.2719 -4.1666 -4.1293 5.0058 6.2236 -3.0675 3.7116
1 0 1 1 76.129 -18.592 -1.3522 4.5125 9.415 -10.751 0.72844 8.2719 -4.1666 -4.1293 5.0058 6.2236 -3.0675 3.7116
1 0 1 1 69.335 -20.396 1.5967 3.9801 -2.9176 8.228 -2.0625 0.93119 2.5166 -6.2036 -0.41693 2.0435 -5.9241 -3.6776
1 0 1 1 69.335 -20.396 1.5967 3.9801 -2.9176 8.228 -2.0625 0.93119 2.5166 -6.2036 -0.41693 2.0435 -5.9241 -3.6776
1 0 1 1 67.488 -20.517 2.2002 4.3172 -1.7261 8.9189 -5.475 0.59265 5.877 -6.3802 0.23284 2.0326 -5.885 -3.269
1 0 1 1 68.355 -20.509 2.3768 3.4596 -4.5792 7.8874 -5.0536 4.512 5.2124 -5.4484 -1.554 0.34926 -2.4424 -1.8864
1 0 1 1 69.037 -20.478 -2.3078 6.3011 -0.42949 1.7808 -7.6409 7.6184 5.9515 -5.845 -1.1761 -0.0052777 -1.5969 -0.091375
1 0 1 1 69.296 -20.099 -2.7158 6.8223 0.73673 1.5796 -9.5658 5.508 4.1581 -4.9903 0.50163 0.49805 -2.3589 -0.53114
1 0 1 1 70.199 -19.678 -2.6212 6.151 -0.46877 2.6903 -7.9877 7.2943 5.1547 -4.863 1.2126 0.26701 -1.0811 0.54378
1 0 1 1 74.934 -16.144 -0.13623 6.7967 -2.9202 2.2318 -7.8316 4.1035 1.4527 -3.566 3.365 1.8321 -2.704 -2.1765
1 0 1 1 75.531 -15.964 -0.018172 6.5403 -2.5064 1.0399 -7.0597 4.2086 0.80641 -4.0362 3.1162 1.5887 -2.6739 -2.2198
1 0 1 1 77.571 -13.953 -2.4932 3.1259 5.08 -6.912 -5.0297 7.4242 -1.5889 -4.4648 -0.50685 1.8589 1.4578 -1.4226
1 0 1 1 77.571 -13.953 -2.4932 3.1259 5.08 -6.912 -5.0297 7.4242 -1.5889 -4.4648 -0.50685 1.8589 1.4578 -1.4226
1 0 1 1 72.338 -16.241 -9.1089 10.192 2.0083 -2.018 -5.2802 9.362 -0.1868 -2.2086 -3.7623 -5.4023 -1.1177 1.3853
1 0 1 1 71.491 -16.907 -7.7634 11.723 1.2717 -2.9459 -6.5138 10.515 0.16187 -8.8852 -3.7919 2.0035 -2.808 -1.5397
1 0 1 1 69.212 -16.237 2.1044 3.6575 -6.4494 6.146 -8.8556 4.9894 3.3515 -5.0098 -1.9757 0.36168 -0.59254 -2.3614
1 0 1 1 69.877 -14.534 1.0436 1.6333 -7.1649 3.5664 -7.0281 3.9772 3.361 -6.1724 -2.7654 -5.126 -1.0519 -2.5074
1 0 1 1 69.555 -15.4 2.1216 2.7414 -7.5094 4.692 -5.0349 6.0366 4.8704 -7.0754 -3.2689 -2.2754 -2.203 -2.9636
1 0 1 1 72.616 -17.974 -5.8073 8.6194 1.0988 -0.20148 -3.845 7.0718 3.2686 -8.635 -3.2616 -3.6988 -1.4021 0.56197
1 0 1 1 72.79 -18.351 -5.5081 9.8592 2.9936 -1.4837 -6.3672 5.1381 4.0297 -3.6961 -1.1789 -4.2375 -5.4258 -3.1051
1 0 1 1 72.318 -17.554 -7.4376 7.4994 -0.97563 -2.3124 -2.9914 5.2519 2.4334 -5.997 -0.93533 -5.8821 -2.2221 0.13894
1 0 1 1 69.947 -17.025 1.2673 7.0027 -5.4149 6.1995 -3.2412 3.4336 4.4703 -6.7888 -1.0203 -1.5722 -0.85673 -5.5217
1 0 1 1 70.03 -15.994 1.838 7.0824 -6.5489 8.9835 -3.2569 1.9046 6.9048 -4.9448 -2.7786 -0.88996 1.6572 -5.5399
1 0 1 1 69.58 -16.574 1.595 6.8226 -6.4636 8.7406 -3.7127 2.6034 5.7227 -5.6987 -2.9775 -1.8265 0.73404 -5.6318
1 0 1 1 70.276 -16.444 1.6952 5.3217 -6.793 4.7457 -3.3197 1.496 4.8551 -6.568 -1.8538 0.29778 2.1167 -4.4503
1 0 1 1 72.237 -16.551 -2.6823 8.5347 0.077343 1.7956 -6.0304 4.6899 4.8421 -5.2186 1.1795 -1.2749 -1.5147 -2.3147
1 0 1 1 70.484 -19.36 -5.4668 8.5879 0.17184 2.0944 -7.7801 7.6586 3.2359 -5.7061 -0.10271 -1.1296 -2.4285 -1.85
1 0 1 1 66.305 -19.964 -0.66937 3.6828 -7.9615 11.218 -5.0362 5.2748 5.4075 -1.9623 1.6893 -3.3138 -2.4864 -0.80208
1 0 1 1 65.943 -18.691 0.29903 4.234 -7.3724 11.438 -5.2859 5.4914 3.4472 -4.1893 -0.85734 -2.2413 -2.4141 -0.57141
1 0 1 1 66.341 -20.07 0.36128 4.8899 -6.5798 10.021 -6.8304 4.3812 2.0981 -4.9735 -0.11945 -1.4178 -2.7414 -0.43443
1 0 1 1 66.594 -20.273 0.94731 3.417 -7.8884 11.017 -5.4952 6.232 3.4579 -2.816 -0.57505 -1.3221 -2.6976 -0.7853
1 0 1 1 70.786 -20.779 -0.72987 6.0106 -2.7505 4.2721 -9.9852 3.3184 1.7862 -1.9296 -5.2183 -0.36782 3.0744 0.043742
1 0 1 1 74.305 -20.211 -2.5322 7.4654 6.2868 -1.362 -5.683 7.434 -1.9229 -2.1234 -5.2856 1.2451 1.764 -2.5611
1 0 1 1 66.922 -17.396 0.45343 5.0116 -3.6169 7.2906 -3.0662 9.0969 0.232 -0.78301 -1.303 -1.8473 -4.3453 -5.2745
1 0 1 1 66.64 -21.194 1.7634 4.2187 -2.2044 6.5629 -8.9421 3.9788 0.25903 -4.3729 -0.33628 5.5621 -0.22558 -0.13609
1 0 1 1 66.125 -22.169 -0.61254 5.2857 -1.4229 4.3404 -7.4988 6.5208 -0.76486 -2.8191 0.64144 5.3154 -0.41019 -1.7631
1 0 1 1 65.927 -21.446 -0.89663 4.422 -0.9887 4.8186 -7.6927 8.2821 -1.5526 -1.2486 1.0484 4.3842 -1.1536 -2.8604
1 0 1 1 67.346 -20.817 0.18839 4.7589 -3.4601 4.4686 -8.1758 7.8912 2.5936 -2.8912 -0.77566 4.1954 -2.4365 0.3809
1 0 1 1 67.752 -19.551 0.77935 5.1495 -2.2929 2.8573 -7.9734 8.152 0.61545 -3.3767 0.051043 3.0774 -2.5796 -0.61129
1 0 1 1 67.591 -19.562 1.2933 4.4719 -4.068 4.4048 -9.8499 5.4417 -0.14215 -2.1436 -1.7007 2.7859 -3.2404 -1.8215
1 0 1 1 67.901 -20.37 0.42589 4.8706 -4.3019 6.5756 -7.8525 8.8316 -2.4226 -1.1634 -1.438 5.0078 -2.8552 -0.66741
1 0 1 1 67.964 -22.207 -0.61495 6.1016 -0.52056 3.5998 -10.013 7.2677 -1.114 0.078683 -0.79378 3.3339 -0.58167 1.2507
1 0 1 1 66.856 -21.396 -0.080214 4.5347 -3.819 5.8598 -9.156 7.6791 -3.0481 -1.3344 -2.9064 5.9652 -1.1466 1.6449
1 0 1 1 67.157 -20.883 -0.14204 5.1905 -4.6998 5.604 -11.281 7.2229 -2.9496 -1.4838 -3.5049 5.2524 -1.5623 2.9724
1 0 1 1 66.9 -21.529 0.3764 5.9829 -2.6696 7.2279 -8.6612 8.9672 -2.0712 -1.121 -2.0933 5.4892 -2.0666 2.8558
1 0 1 1 66.792 -21.066 1.1538 4.4121 -1.1852 5.6559 -9.4565 6.7667 -0.30392 -2.6605 -2.385 3.0971 -2.025 2.7646
1 0 1 1 67.11 -21.299 0.37738 2.9112 -0.69168 5.3224 -8.499 5.5372 0.18617 -3.8324 -1.8826 1.5707 -1.6272 1.5585
1 0 1 1 68.683 -22.803 -0.46803 3.9787 1.0966 3.7939 -10.521 5.0647 1.188 -1.2697 0.94632 5.2972 -0.76063 -0.077356
1 0 1 1 69.029 -22.609 -0.89765 4.4289 0.83619 3.7294 -10.44 4.4932 -1.1421 -3.5414 -0.53922 5.6859 -0.3114 0.59386
1 0 1 1 72.564 -23.389 -2.0327 3.7645 2.7244 -6.4373 -4.9794 7.5134 -1.1283 -7.6307 0.29484 2.8695 -0.44904 2.0071
1 0 1 1 77.009 -17.161 1.1966 5.119 10.028 -12.106 5.4698 7.3871 -6.2656 -5.3219 1.793 3.5558 -4.4745 4.1642
1 0 1 1 77.009 -17.161 1.1966 5.119 10.028 -12.106 5.4698 7.3871 -6.2656 -5.3219 1.793 3.5558 -4.4745 4.1642
1 0 1 1 76.836 -15.803 2.3995 6.3853 7.3986 -8.2112 3.0045 4.6713 -4.4431 -5.0858 3.279 0.98052 -3.3564 4.8988
1 0 1 1 72.763 -13.147 1.6004 -1.0036 -1.9193 1.1333 -2.6122 10.328 -0.65019 -3.4632 1.9024 1.197 -2.6984 -2.6864
1 0 1 1 74.281 -14.818 -1.6885 3.6307 -0.043833 -1.8244 -2.6731 11.534 0.7422 -4.0324 1.0534 1.027 -1.2198 -2.7703
