1 0 1 2 64.381 -17.647 -7.1497 11.684 -3.5019 1.6463 -4.3928 -3.2864 12.923 -3.8153 -8.7267 2.0065 4.5354 0.97154
1 0 1 2 63.268 -21.783 -13.439 6.4207 -5.3587 2.007 -2.3948 -1.0313 8.7751 -2.2846 -4.7016 0.95442 1.2711 -0.80151
1 0 1 2 63.207 -22.193 -12.96 6.2151 -8.9937 0.0062895 -5.3143 -2.81 9.2087 -2.8548 -7.0671 2.2381 5.5844 1.0181
1 0 1 2 65.928 -20.205 -10.129 7.3036 -3.1827 4.7266 -3.9362 -1.4202 10.063 -2.6048 -6.6742 0.83754 2.3494 -0.032196
1 0 1 2 66.755 -20.553 -9.0069 8.3757 -5.6235 3.3734 -4.0425 -1.4236 11.26 -3.0765 -6.9916 0.96232 2.1406 -0.53988
1 0 1 2 65.833 -22.75 -9.9149 8.2379 -7.9629 2.3415 -7.8842 -2.5089 13.239 0.049881 -7.8887 0.25117 5.5535 0.58478
1 0 1 2 70.838 -16.838 -4.5144 10.699 -5.3781 0.74784 -3.1616 -0.67608 9.0976 -3.3364 -5.7803 1.2824 2.9194 0.4085
1 0 1 2 68.592 -21.907 -8.9533 9.1103 -6.1559 0.012412 -4.0445 1.706 12.915 -3.5092 -7.6995 -2.1454 0.63607 0.85245
1 0 1 2 69.881 -17.909 -5.6588 9.3664 -5.6437 4.8538 -6.6865 -3.9365 11.55 -1.8806 -4.947 -2.4447 2.3641 -0.13429
1 0 1 2 69.301 -19.372 -6.7806 7.7892 -4.8988 4.6352 -3.1363 -1.4312 8.1581 -4.1012 -3.5288 0.13132 2.2119 1.2746
1 0 1 2 68.453 -23.337 -11.011 3.4279 -9.8701 4.5396 -9.2686 -0.42114 9.2779 -3.3292 -2.7701 -1.4763 4.2942 0.72562
1 0 1 2 69.662 -19.196 -5.8176 8.1258 -9.2819 10.631 -8.545 0.4014 10.004 -3.973 -4.2911 -3.5005 6.6155 -3.9873
1 0 1 2 70.308 -18.359 -4.123 8.165 -9.7461 8.8007 -9.4271 1.6723 9.8142 -4.0462 -2.6112 -4.2683 7.4373 -5.4376
1 0 1 2 70.633 -17.631 -3.3251 7.8502 -9.07 8.962 -8.5626 2.2806 7.2771 -4.0676 -0.97484 -3.632 5.4144 -3.9752
1 0 1 2 68.919 -21.395 -7.695 4.8869 -10.16 7.6297 -8.9469 2.3502 9.4568 -3.1789 -1.2072 -2.8106 4.7252 -2.5172
1 0 1 2 69.407 -18.93 -8.7473 4.5157 -6.6182 7.7558 -7.6599 -0.4101 12.629 -5.2651 -2.8415 -4.4699 4.6464 -1.41
1 0 1 2 69.133 -25.718 -15.255 1.4176 -11.056 -3.1392 -3.3587 -3.627 14.16 -2.6828 -8.6031 3.0893 -1.9134 4.8215
1 0 1 2 72.507 -18.357 -6.2872 9.9424 -3.9166 1.0614 -2.3223 -3.9018 12.905 -3.1394 -7.7356 2.8706 -1.7707 4.586
1 0 1 2 70.301 -22.381 -11.447 6.5772 -4.6223 3.5518 0.20428 -3.9311 10.792 -2.2195 -6.8 4.1413 -0.3039 2.3966
1 0 1 2 71.622 -20.204 -6.5104 9.5824 -3.6579 1.2846 -3.5297 -4.0656 14.229 -1.4526 -10.679 1.527 2.3237 2.792
1 0 1 2 72.798 -16.777 -4.2888 11.332 -6.6561 2.499 -1.4154 -5.4481 10.734 -2.8398 -6.1393 2.4391 1.5373 2.6153
1 0 1 2 71.035 -21.331 -10.452 6.4852 -4.5547 2.7117 -5.7933 -1.4062 15.189 -0.98565 -8.9275 0.21698 0.45067 2.1079
1 0 1 2 72.455 -18.479 -7.0062 9.2097 -3.5341 2.2282 -4.1746 -2.4811 12.709 -2.7077 -8.0805 0.42388 0.97048 2.8248
1 0 1 2 71.559 -19.488 -8.3687 10.718 -4.1717 2.1289 -4.3338 -2.2524 14.51 -3.7183 -9.2758 0.81276 4.7609 1.7503
1 0 1 2 72.651 -16.897 -6.6564 10.602 -2.4631 -0.56777 -4.0329 -2.1234 13.242 -3.4435 -8.1193 -0.33336 5.448 0.85298
1 0 1 2 70.919 -20.47 -10.194 7.2103 -4.3005 2.0329 -3.5611 -2.4648 11.474 -1.5629 -6.0022 -0.65744 3.5474 0.83619
1 0 1 2 71.282 -19.268 -8.9439 8.4068 -4.1289 2.4303 -3.7893 -2.7305 10.459 -1.1523 -5.5489 -0.013614 3.52 0.46688
1 0 1 2 69.689 -21.896 -11.464 6.7426 -7.1501 1.5175 -2.6529 -2.8343 9.8433 -2.2352 -6.8233 1.0586 4.2783 0.33402
1 0 1 2 71.906 -17.07 -6.0152 10.726 -4.4892 2.1304 -2.515 -3.8292 8.9954 -3.0609 -6.1629 1.7201 4.4307 0.73702
1 0 1 2 70.607 -20.829 -9.6702 7.8966 -1.8485 2.3186 -4.5905 -1.7681 10.276 -0.69261 -7.0819 1.5424 1.2421 0.6761
1 0 1 2 70.146 -22.243 -11.849 5.3006 -4.4221 1.3558 -4.1406 -1.3432 11.752 -0.69205 -4.9769 -0.10618 0.0059926 0.93096
1 0 1 2 71.081 -20.075 -9.3334 7.9834 -4.6656 5.1155 -4.1762 -2.5842 10.29 -1.1865 -6.4385 1.6519 1.4908 0.15899
1 0 1 2 71.608 -17.11 -5.1483 10.433 -5.216 4.8311 -6.0137 -4.982 11.758 -0.87083 -8.0292 1.108 3.179 -0.43106
1 0 1 2 72.316 -18.677 -6.2024 9.1811 -4.9741 2.6499 -3.6852 -2.3815 9.6554 -2.0099 -6.3815 0.97603 3.177 -1.8535
1 0 1 2 70.461 -22.579 -10.298 6.0737 -7.4726 0.60926 -4.8976 2.0284 11.724 -3.0436 -5.6042 0.77106 1.9175 -0.53566
1 0 1 2 71.722 -16.645 -4.6701 8.9045 -4.6053 4.7198 -5.8698 -3.4984 11.716 -4.8147 -4.2247 0.61735 2.7822 -0.7355
1 0 1 2 70.64 -18.646 -6.9858 8.07 -6.7211 6.8675 -7.2674 0.93457 10.321 -5.1262 -3.3622 -1.7212 4.5153 -0.70654
1 0 1 2 69.957 -17.838 -3.5033 8.9406 -9.0316 9.687 -9.6484 0.78465 8.862 -3.0341 -4.4399 -2.434 7.1295 -3.1784
1 0 1 2 67.574 -23.268 -9.3433 4.2826 -12.646 5.597 -11.13 2.1595 10.369 -3.0394 -2.866 -6.0444 6.6829 -4.1477
1 0 1 2 67.586 -21.829 -8.4961 5.1882 -10.066 8.7912 -8.3929 2.5232 9.126 -2.9949 -1.7265 -4.3339 3.8943 -2.6193
1 0 1 2 71.098 -21.347 -8.958 7.6099 -5.6468 0.68805 -1.9564 -3.7777 14.023 -1.7554 -6.9837 1.3788 -1.9962 3.6967
1 0 1 2 70.53 -22.875 -11.057 5.7815 -7.0707 -0.24744 -2.3433 -3.4402 14.233 -1.073 -6.2949 1.6507 -1.6026 4.3344
1 0 1 2 72.659 -17.598 -6.0637 9.9281 -4.5185 2.6277 -1.8489 -4.8934 10.162 -2.4633 -7.4317 3.5896 3.2801 2.113
1 0 1 2 69.881 -24.189 -13.146 3.3324 -9.4353 -0.67226 -3.6757 -3.5341 14.126 0.36856 -8.3901 2.2097 2.3328 0.2956
1 0 1 2 72.505 -18.33 -5.4225 9.4276 -4.6725 1.9359 -3.6699 -4.3361 12.686 -0.57834 -9.5493 1.2305 2.7208 1.3606
1 0 1 2 72.036 -18.169 -5.9807 10.854 -6.772 3.6294 -2.0285 -4.74 11.707 -2.413 -7.312 0.76606 1.7861 1.2276
1 0 1 2 72.084 -19.456 -7.7546 6.8458 -3.5444 3.5638 -3.5895 -3.0727 15.207 -3.498 -8.7956 0.3034 2.3794 2.3384
1 0 1 2 72.713 -17.989 -7.1345 9.9602 -3.4672 2.2675 -4.1872 -3.2347 12.592 -3.4809 -7.615 0.8749 2.3997 0.70453
1 0 1 2 70.254 -22.249 -13.059 5.2495 -5.3675 0.47135 -4.025 0.34893 13.528 -2.6913 -9.9393 -0.70762 5.0639 2.1164
1 0 1 2 72.271 -17.573 -6.69 9.9926 -3.3708 1.656 -4.393 -1.2901 9.5888 -2.102 -7.0315 0.95536 4.0614 0.72291
1 0 1 2 71.75 -18.32 -7.7098 9.5722 -4.0817 2.1009 -3.9339 -1.0279 9.3811 -1.5132 -6.7685 1.5126 3.9922 0.72767
1 0 1 2 69.651 -21.129 -11.187 8.9936 -8.4007 0.25769 -4.5466 -2.1287 10.971 -1.1775 -7.1683 2.0429 3.6664 1.635
1 0 1 2 72.707 -16.269 -5.9385 10.182 -2.8806 1.4306 -4.9407 -2.6666 10.384 -2.169 -5.9606 0.0043756 1.5877 0.15662
1 0 1 2 72.381 -17.062 -6.555 9.6637 -2.8301 2.7318 -6.3568 -2.3931 10.377 -1.3462 -5.1321 -0.041103 1.5191 0.92798
1 0 1 2 71.236 -20.03 -9.5208 6.9807 -5.7644 4.2463 -3.3715 -1.6698 11.312 -2.3491 -5.2143 2.5938 1.1831 -0.73118
1 0 1 2 70.336 -19.798 -7.2695 9.3567 -4.3435 5.0423 -6.1173 -5.4161 13.582 -0.72135 -8.4458 1.7559 2.8979 0.67499
1 0 1 2 71.837 -18.936 -6.683 8.7492 -4.8237 4.9761 -3.3794 -3.4453 10.316 -2.7312 -6.8384 1.3847 4.4748 0.24532
1 0 1 2 72.27 -18.125 -5.2084 10.538 -5.0447 1.006 -3.9091 -0.23511 11.821 -4.9613 -6.1756 0.26209 2.9979 0.22967
1 0 1 2 69.23 -22.523 -11.331 4.2376 -7.1978 2.426 -7.3469 -4.2978 12.128 -2.6942 -4.4195 1.1823 2.7768 0.59809
1 0 1 2 69.86 -20.313 -8.1388 7.568 -7.2701 8.0137 -5.9416 0.13052 8.5042 -5.2921 -2.8991 -2.8086 4.6625 -0.64821
1 0 1 2 68.438 -21.896 -7.8357 5.2006 -9.9982 9.6817 -7.5396 1.488 9.3668 -3.0199 -4.4778 -4.7811 5.8991 -2.8273
1 0 1 2 67.991 -22.489 -8.7158 5.2351 -11.157 7.4806 -10.651 2.0114 10.933 -1.6891 -2.827 -4.0593 6.9061 -4.7195
1 0 1 2 68.354 -20.081 -6.1492 6.3676 -8.9472 9.4612 -8.7387 1.629 8.3882 -3.7478 -1.6166 -1.7842 5.9792 -2.7701
1 0 1 2 66.781 -21.42 -11.601 0.64381 -9.1087 5.4396 -8.8842 -1.3852 12.205 -6.2199 -3.5766 -3.1725 4.3939 -0.2226
