0 0 1 1 63.508 -27.945 3.4281 0.53699 -1.8535 2.5203 0.61823 2.5719 4.8548 -8.9478 4.8501 -3.7167 0.94024 -1.0455
0 0 1 1 63.417 -28.421 2.5655 4.1211 -3.7214 2.1909 -0.32248 0.68316 5.6045 -7.2705 1.3866 -2.1337 4.7165 -2.0908
0 0 1 1 65.271 -25.942 6.0576 1.306 -1.1725 1.2564 -1.2271 -0.48302 2.7448 -3.6139 2.0764 -1.5303 1.5932 -3.7009
0 0 1 1 66.08 -26.105 6.2183 2.7792 -1.7485 2.7862 -4.2235 -1.0295 6.6353 -5.7087 4.696 -3.7169 2.0174 -1.0942
0 0 1 1 66.606 -26.316 4.6374 3.3138 -2.4683 0.64953 0.17793 0.75501 1.8892 -4.2919 1.8041 -1.977 1.9932 -1.522
0 0 1 1 65.52 -31.488 1.1324 0.9307 -2.3014 1.4444 1.9775 3.2428 9.1396 -4.5636 -2.897 -0.56554 5.1621 -3.107
0 0 1 1 67.436 -26.583 6.6949 2.3561 -2.53 0.85929 -0.87934 -0.23189 6.3416 -4.725 -2.2115 0.030623 4.3606 -2.9034
0 0 1 1 67.357 -25.684 4.9442 3.6292 -0.41202 0.14553 -3.1474 0.75764 4.886 -4.5626 -1.0196 1.4875 3.35 -1.8679
0 0 1 1 68.487 -26.199 6.0557 3.9965 -3.6046 3.1792 -4.1246 -0.26745 5.1016 -3.3506 1.8107 -3.8964 2.4862 -1.5422
0 0 1 1 67.41 -28.892 6.2797 4.4108 -5.213 3.9486 -1.874 0.43381 3.0456 -5.2158 1.3857 -0.10253 3.349 -2.2769
0 0 1 1 67.368 -27.182 5.9993 2.0358 -4.7089 4.7818 -2.4863 4.0904 3.5884 -5.5118 -2.1183 0.12742 3.3864 -1.2049
0 0 1 1 68.401 -25.892 8.2265 0.9501 -4.3069 5.2278 -5.1765 2.6751 3.9757 -4.2447 -0.76336 -1.3039 2.4162 -1.3385
0 0 1 1 66.765 -29.495 4.9312 0.91142 0.60768 4.4568 -5.9332 2.7913 3.6899 -5.5407 -2.3683 5.3335 2.4149 -3.5431
0 0 1 1 67.118 -30.54 2.321 1.006 2.8476 4.7579 -4.7051 0.92742 1.9822 -3.1253 -1.4831 3.5935 3.646 -1.5372
0 0 1 1 67.002 -30.42 -0.38819 0.86264 3.222 2.2355 -2.2218 6.234 4.594 -5.2096 -1.0788 2.2856 2.3452 -4.1099
0 0 1 1 65.939 -29.288 1.2924 3.8575 1.8206 1.696 -1.481 -1.0076 4.1053 -2.7024 -1.4473 2.3187 -0.23668 -2.4957
0 0 1 1 67.002 -27.61 1.5875 3.5964 2.4875 0.30643 -2.0448 -0.12548 2.5944 -3.353 -1.4209 3.758 1.2199 -1.2614
0 0 1 1 66.597 -24.919 2.5451 3.709 0.10748 3.9656 -3.1153 -5.1515 5.2629 0.80865 0.20742 -3.1242 0.87762 0.38823
0 0 1 1 67.74 -24.801 3.7662 6.1714 -4.5445 4.1796 -3.0503 -4.6769 5.7919 0.71233 -3.7437 0.1667 2.3792 -0.64816
0 0 1 1 67.386 -25.124 3.4996 5.6565 -4.7208 5.0004 -2.4762 -5.2915 4.3088 1.9656 -3.2508 -0.85611 1.7972 -0.67351
0 0 1 1 65.561 -28.212 0.23734 1.415 -2.6015 9.5033 -0.03307 -8.1684 5.0081 -0.74615 -3.2512 1.4963 5.7546 -2.4236
0 0 1 1 67.082 -24.31 4.5815 2.383 -3.4066 4.7445 1.8447 -7.8818 5.2766 -3.0111 -1.5169 2.77 4.4864 -2.6786
0 0 1 1 65.59 -30.229 0.87948 5.2744 -2.1342 4.9412 1.7746 -6.1433 5.2198 -3.2771 -1.3138 1.8383 5.7089 -3.5564
0 0 1 1 68.451 -27.443 3.2446 7.3368 -4.6408 4.5153 -1.3404 -8.4848 8.9289 -2.4915 -2.6158 0.50391 5.1713 -4.8372
0 0 1 1 68.337 -27.204 2.7806 8.0124 -4.1479 3.344 -1.9585 -5.2648 8.1193 -2.153 -3.4732 1.1362 4.9997 -5.0779
0 0 1 1 67.537 -29.846 0.59472 8.8616 -3.1228 2.8774 -2.4823 -5.0214 6.6714 -0.40494 -3.0395 1.0999 0.98245 -3.2846
0 0 1 1 67.967 -28.992 1.683 9.1633 -3.7867 2.0345 -2.1834 -5.1762 6.9584 -0.58263 -3.3887 0.96925 1.2921 -3.6191
0 0 1 1 68.082 -29.715 1.0209 7.3248 -3.3132 3.5547 1.2389 -3.2162 5.7464 -2.5352 -0.97597 0.8676 2.7003 -3.658
0 0 1 1 68.082 -29.715 1.0209 7.3248 -3.3132 3.5547 1.2389 -3.2162 5.7464 -2.5352 -0.97597 0.8676 2.7003 -3.658
0 0 1 1 70.211 -25.648 3.3632 8.3302 -6.2437 1.5457 1.2144 -5.4136 4.6731 -0.75323 -3.0232 1.7663 2.5311 -5.6695
0 0 1 1 68.479 -28.904 2.0313 7.7897 -4.5067 2.7297 1.8803 -6.2279 2.7372 -0.54327 -0.82078 0.12405 3.0984 -4.0556
0 0 1 1 67.392 -31.562 -0.186 6.1275 -2.4713 5.6346 0.59435 -4.9785 1.657 2.9714 -1.2276 1.1085 3.046 -2.7723
0 0 1 1 67.414 -30.773 0.074187 5.514 -2.1763 3.6998 0.5001 -0.83619 1.6087 1.3031 -6.9506 5.1177 2.5926 -1.1804
0 0 1 1 67.414 -30.773 0.074187 5.514 -2.1763 3.6998 0.5001 -0.83619 1.6087 1.3031 -6.9506 5.1177 2.5926 -1.1804
0 0 1 1 66.346 -31.802 -2.4753 6.132 -2.7081 6.2829 1.6509 1.6566 2.5509 0.12284 -6.8988 4.5153 4.7611 -1.2811
0 0 1 1 67.9 -28.543 0.30269 7.6673 -3.6963 3.6948 -2.162 -0.3067 1.7968 0.38605 -6.373 3.7928 2.9871 -3.6148
0 0 1 1 67.215 -30.022 -1.4485 7.2875 -3.0029 5.0322 -1.3101 0.86836 1.9566 -0.14313 -6.6571 4.5404 4.605 -1.5991
0 0 1 1 65.213 -33.436 -5.0486 5.1619 -1.2214 6.5439 -1.8953 3.5692 3.6774 3.69 -6.2709 4.3259 6.1992 1.7102
0 0 1 1 68.658 -28.806 3.9972 7.9742 -5.0866 2.8662 -2.7085 -1.7388 2.9651 3.3537 -8.4345 4.9706 0.96032 -2.4337
0 0 1 1 67.423 -31.457 1.8139 7.9289 -3.9037 4.3284 -1.6644 -1.3931 3.0699 4.3004 -7.6743 4.7652 0.20813 -1.992
0 0 1 1 67.35 -29.173 4.6177 9.089 -5.1489 0.38008 0.42386 -3.4538 2.3812 3.0667 -7.8979 6.3668 -0.72289 0.59902
0 0 1 1 68.357 -28.975 4.8584 8.1856 -3.4535 -1.1611 -3.5702 1.8604 2.6912 1.7492 -10.388 8.0368 1.1631 -2.7153
0 0 1 1 66.886 -31.777 2.0001 7.5202 -3.2525 0.93441 -1.6253 2.1074 4.0547 1.4492 -10.201 7.733 0.065921 -3.2161
0 0 1 1 69.028 -27.858 5.2944 7.7529 -3.9842 -0.73021 -2.7247 0.94048 3.321 0.81047 -9.7559 8.3551 -0.7502 -3.5376
0 0 1 1 68.451 -29.457 5.2045 7.7674 -4.3227 0.74363 -3.8854 2.6099 1.9987 -0.39685 -8.3721 7.5144 2.5448 -3.6842
0 0 1 1 68.451 -29.457 5.2045 7.7674 -4.3227 0.74363 -3.8854 2.6099 1.9987 -0.39685 -8.3721 7.5144 2.5448 -3.6842
0 0 1 1 70.866 -26.274 4.7827 6.7179 0.21448 -5.0995 -3.7127 5.3224 3.528 -4.4906 -7.5144 11.406 -0.081366 -5.998
0 0 1 1 68.654 -29.802 3.8572 8.2275 0.96212 -4.9099 -3.8941 5.2205 4.6809 -5.0103 -7.4253 11.725 -1.2827 -5.904
0 0 1 1 66.82 -30.668 4.0517 6.0294 -2.1822 -0.8067 -1.6818 2.5646 3.9492 -4.537 -4.6676 10.793 -3.0189 -3.8163
0 0 1 1 69.435 -25.468 8.0358 5.7131 -6.1409 -0.59976 2.5919 -3.5489 4.8646 -1.3019 -6.0203 6.8083 1.4652 -3.5806
0 0 1 1 69.435 -25.468 8.0358 5.7131 -6.1409 -0.59976 2.5919 -3.5489 4.8646 -1.3019 -6.0203 6.8083 1.4652 -3.5806
0 0 1 1 68.469 -27.345 6.9349 6.2308 -6.2475 1.2401 2.2859 -4.2327 1.8538 1.9827 -3.73 3.7533 -0.19807 -4.6704
0 0 1 1 68.837 -26.345 7.434 6.24 -6.4328 1.4864 1.9572 -4.8247 2.5034 1.6436 -4.4595 4.3617 1.2211 -3.2154
0 0 1 1 67.516 -29.125 6.2991 6.646 -4.117 0.82944 0.92568 -7.2141 7.1658 -1.4853 -5.3889 4.9582 1.4471 -1.4657
0 0 1 1 70.084 -24.796 6.4175 4.3863 -1.5339 -1.7828 -1.0266 -2.7237 7.3545 -1.5687 -7.5797 5.7656 1.5008 -2.0262
0 0 1 1 69.39 -25.406 7.7082 2.0618 -1.9125 2.2699 -4.9147 0.87658 5.927 -5.257 -1.6141 3.7109 1.7902 -1.8853
0 0 1 1 68.236 -26.77 8.1066 3.3992 -4.2776 4.3276 -5.0862 -1.6298 7.1654 -3.4133 -3.2041 2.4392 2.1468 -3.1136
0 0 1 1 68.039 -26.835 8.043 3.3542 -4.5019 4.5371 -5.4699 -1.5989 6.977 -3.619 -2.6317 2.0358 2.5984 -2.7937
0 0 1 1 68.18 -25.065 7.7249 3.3833 -4.2992 2.5583 -2.0689 -3.207 5.9819 -0.62778 -6.3704 5.5547 -0.086713 -6.0115
0 0 1 1 66.113 -28.801 4.7692 3.8158 -3.0137 3.2363 -1.0943 -4.0498 6.4054 1.2565 -6.9272 5.7804 -1.0665 -5.849
0 0 1 1 67.231 -26.196 8.1648 3.8616 -6.0963 5.1317 -3.428 -1.0723 4.018 -2.6595 -0.4034 2.0576 0.90351 -5.048
0 0 1 1 66.204 -26.518 5.801 4.7906 -4.4081 3.4438 -3.2624 -0.69738 6.1828 -3.4023 -3.2046 3.8855 3.3628 -5.5968
0 0 1 1 65.513 -26.478 2.3063 1.7506 1.3285 -0.22921 -5.3571 4.709 8.8799 -7.2531 -3.9155 2.8605 6.4494 -5.3709
0 0 1 1 64.539 -25.822 3.2379 0.34338 -4.3428 5.637 -4.1644 3.7243 6.7901 -3.1196 -1.438 -0.82526 5.8917 -5.8405
0 0 1 1 66.962 -26.792 4.0262 4.1902 0.68824 -4.9505 1.4167 5.3942 -2.5696 1.6096 -1.4625 -0.19495 -2.4712 -1.0672
0 0 1 1 64.817 -25.827 5.8494 5.9114 -6.2603 1.9957 3.6517 -7.3591 6.8791 -1.6205 -2.064 -1.1612 5.405 -4.638
0 0 1 1 67.339 -22.586 5.3961 6.2302 -6.2454 0.40221 1.3787 -2.8138 5.2536 -4.9541 0.0572 1.2913 0.20393 -3.4219
0 0 1 1 66.794 -24.575 4.5716 8.0115 -6.138 0.63103 -0.40731 -1.0012 4.6927 -4.2987 -0.34076 1.5456 4.3781 -7.6347
0 0 1 1 66.09 -26.405 2.9287 9.445 -4.53 0.13375 0.43127 -4.2094 8.0544 -4.645 -1.9025 2.3889 4.0791 -6.3544
0 0 1 1 67.959 -23.998 5.2915 6.0188 -4.3584 -0.83962 0.036728 -0.71245 2.1552 -1.6186 -1.7296 1.8652 0.69701 -3.3884
0 0 1 1 65.147 -29.655 1.7454 6.8555 -0.8034 0.67445 -0.16642 -0.31312 2.1501 -1.8562 -1.2491 3.1972 2.3116 -1.4572
0 0 1 1 64.092 -26.624 3.0625 6.4651 -6.5246 5.9102 0.59153 -2.3692 1.2428 -1.6722 2.1753 1.1026 -0.31684 -6.2582
0 0 1 1 63.982 -26.999 2.4344 6.6887 -6.5698 6.3146 -1.7928 -2.6319 3.9848 -3.2764 -0.64718 1.1205 2.2037 -4.9292
0 0 1 1 65.428 -25.673 5.9254 6.47 -7.0883 3.0078 -0.21279 -1.2409 1.739 -1.752 -2.6432 4.7683 1.5089 -4.9725
0 0 1 1 62.379 -32.191 0.53286 5.1835 -5.1713 6.7899 2.5883 0.54185 3.6018 0.35399 -1.3223 5.2927 2.908 -2.2072
0 0 1 1 64.146 -29.515 3.5151 8.7947 -6.5117 5.2278 -1.338 -2.3004 2.5657 -0.69541 -2.0232 4.3128 1.365 -2.4948
0 0 1 1 63.488 -30.718 2.4853 7.6521 -6.1006 7.6233 -0.89006 -0.88097 3.5963 -0.82072 -1.4471 4.5117 2.0358 -1.727
0 0 1 1 65.099 -24.64 4.148 7.5681 -5.7347 2.3703 -0.87883 -2.8526 5.409 -2.0942 -2.8606 4.3402 0.25263 -1.796
0 0 1 1 64.5 -26.394 4.6468 6.9857 -5.6855 3.701 -1.4821 -4.4635 5.0091 -2.0216 -0.45746 1.8429 -2.6816 1.3638
0 0 1 1 64.376 -25.592 6.0863 4.3778 -5.6852 6.9433 -2.5266 -5.1174 7.366 -0.91161 -4.1387 2.6892 0.0817 -0.30524
0 0 1 1 62.797 -29.24 3.5591 4.4491 -3.0624 6.303 0.25261 -2.5452 2.728 2.8505 -4.3449 3.0039 -0.42026 1.3348
0 0 1 1 65.135 -24.281 5.0726 6.1141 -4.4531 1.6697 -2.0812 -1.7971 3.4268 -1.6545 -2.6266 4.6812 -2.4286 1.0479
0 0 1 1 63.729 -30.884 0.96894 5.5726 1.0086 2.9027 -0.2806 -2.3017 2.2196 2.3212 -3.467 3.73 0.26773 -0.072333
0 0 1 1 65.476 -28.001 3.5092 5.1883 -2.3583 2.9342 -2.2528 -3.0633 3.9143 -0.5563 -2.6102 3.3435 -0.029174 -1.589
0 0 1 1 68.238 -24.07 7.2947 4.2581 -6.2327 3.5565 -1.2638 -2.7337 3.0236 -0.45107 -2.478 2.6828 0.15392 -2.6571
0 0 1 1 67.328 -25.103 6.4495 4.5468 -2.9486 1.806 -6.0933 3.1183 2.7899 -3.9387 0.18026 2.5213 -0.27314 -1.1136
0 0 1 1 64.585 -28.201 4.8555 5.4395 -2.7843 3.2093 -3.6304 0.36924 4.6355 -4.3162 0.90606 1.9977 0.6928 -2.6629
0 0 1 1 68.1 -24.723 5.9771 5.7656 -4.4681 0.16985 -0.88266 -3.2636 8.8822 -8.0843 1.017 3.0987 -0.52346 -2.9668
0 0 1 1 64.537 -30.46 3.0475 7.0922 -2.0546 5.0527 -1.1622 -4.6573 8.478 -3.7199 -0.96266 1.1197 5.1809 -3.4216
0 0 1 1 67.226 -25.219 6.7161 5.089 -4.7215 1.0027 -0.4026 -2.8421 6.0541 -4.3163 -0.14434 0.59471 -0.29284 -2.9939
0 0 1 1 68.366 -22.213 7.6474 3.2035 -5.5754 2.2761 -0.66982 -3.3142 6.1286 -5.0414 0.76456 -0.13568 0.5733 -2.6741
0 0 1 1 65.747 -28.419 5.2005 6.3823 -2.7676 2.5882 -2.3764 -3.9234 5.3423 -4.3453 3.3224 1.4478 -1.0539 -1.1952
0 0 1 1 67.667 -24.824 7.7128 4.3881 -5.2374 3.4814 -3.2689 -1.031 5.7082 -5.3101 0.21576 3.844 -0.30154 -2.1269
0 0 1 1 64.156 -32.835 1.6609 7.1067 1.7163 1.4952 -2.5996 2.5859 4.8069 -3.4911 1.9058 1.581 1.4698 -3.1494
0 0 1 1 68.274 -23.56 8.7314 4.0314 -6.6096 1.519 0.37874 -1.2611 3.7658 -4.4344 -0.0093877 3.4299 -0.40191 -3.3104
0 0 1 1 67.251 -26.454 6.4479 5.9355 -3.8506 0.40397 -3.0341 0.98446 4.7774 -5.5032 0.36745 1.846 -1.0393 -2.6965
0 0 1 1 68.043 -25.784 6.975 4.6244 -2.7143 -0.60102 -2.0374 0.77966 4.2565 -4.7626 -0.68142 2.9153 2.5687 -4.3178
0 0 1 1 68.91 -24.615 8.6318 3.5735 -5.4568 1.941 -0.67891 -3.6424 6.4021 -2.8798 -2.8492 2.5128 2.1393 -2.9021
0 0 1 1 67.395 -27.841 7.743 5.5242 -4.4172 1.6005 -1.8261 -1.9908 7.2913 -4.7291 -2.2861 3.3644 1.9675 -5.5654
0 0 1 1 68.223 -25.141 9.3394 3.7362 -5.6667 1.0724 -0.257 -1.0868 3.3978 -3.8412 -0.1475 2.1963 1.9381 -4.3786
0 0 1 1 69.272 -24.632 8.7185 3.3818 -4.5679 1.067 -1.2457 -0.90509 3.8393 -3.5877 0.44168 0.65319 1.6833 -3.8188
0 0 1 1 66.145 -27.884 5.5394 5.8322 -3.2685 1.7907 -4.2713 1.6769 3.9425 -5.1618 0.79709 1.9214 0.30324 0.014058
0 0 1 1 67.541 -25.632 6.719 4.5588 -2.9771 1.1981 -4.1755 1.4202 3.5921 -4.623 1.266 1.4127 -1.0032 0.37464
0 0 1 1 65.623 -29.737 3.3804 5.7892 1.0005 2.6218 -4.3477 -1.9332 6.2202 -4.0688 4.3146 -0.7066 -1.3373 -2.0119
0 0 1 1 67.307 -27.778 5.4553 5.958 -3.7258 1.5948 -3.444 1.2724 3.0395 -6.6756 3.7288 1.4853 -0.75604 -3.8911
0 0 1 1 67.049 -28.075 5.4908 5.7318 -2.4739 2.5155 -2.8975 -1.079 2.5664 -1.8505 1.3646 1.867 0.08542 -2.768
0 0 1 1 67.206 -28.497 5.384 5.925 -2.4033 3.7731 -4.5107 1.0425 2.87 -5.6346 5.1458 1.2297 -0.45892 -3.5357
0 0 1 1 67.965 -26.911 5.5962 4.7299 -4.035 3.6101 -3.4618 0.14906 1.0766 -2.7801 3.7322 -3.2588 0.71776 -2.0911
0 0 1 1 66.699 -28.503 4.8683 4.9679 -1.3243 2.0737 -4.6623 2.3762 3.1142 -4.2379 1.6327 0.82762 -0.045361 -1.5297
0 0 1 1 65.766 -30.637 3.8853 4.6085 -2.7694 4.4187 -3.8753 3.4556 3.9017 -4.8216 4.1764 -2.1794 1.6405 -0.16766
0 0 1 1 64.61 -33.019 -1.3609 2.4063 -0.99583 6.0246 -3.2096 3.5144 6.7841 -4.2619 5.3668 0.82173 1.318 -1.3934
0 0 1 1 68.196 -25.451 5.3255 5.4427 -3.8235 3.4245 -6.1258 2.669 3.2682 -6.2996 3.8289 0.051796 1.9277 -2.4976
0 0 1 1 67.276 -27.064 5.3874 4.5356 -3.9309 4.327 -7.3027 3.0751 4.1573 -7.4822 4.5585 0.0033541 -1.2379 -4.7098
0 0 1 1 66.331 -29.752 2.4408 5.0537 -1.9994 5.3195 -5.1484 1.7757 3.2698 -7.5729 5.6321 -0.13023 1.6696 -2.4771
0 0 1 1 67.677 -25.074 6.6468 4.5672 -2.9352 0.25665 -4.5547 4.4981 2.4031 -6.5297 3.199 0.5601 1.5946 -5.1984
0 0 1 1 65.717 -27.534 5.0043 5.0805 -1.5565 2.4731 -6.9907 2.2111 5.9997 -9.9539 6.3533 -2.6087 3.2626 -1.3204
0 0 1 1 65.8 -32.511 -5.705 0.96093 4.8533 2.9326 -4.0888 8.132 8.4769 -6.9679 -4.5623 11.569 -0.91053 -1.9701
0 0 1 1 67.315 -28.315 -2.1068 -2.0146 0.31588 3.3444 1.6986 8.7063 0.77045 -2.2821 -4.3743 8.7833 -7.5697 2.7283
0 0 1 1 65.91 -27.304 -0.62329 0.44207 -1.3159 1.945 -2.1238 5.168 5.7362 -0.95981 -2.9783 4.5732 -4.9919 0.48453
0 0 1 1 65.605 -27.627 -3.513 0.25376 -6.0226 6.5426 -2.631 1.8279 5.9362 0.56824 -0.79916 4.6828 -4.278 -1.3016
0 0 1 1 66.318 -25.774 -1.4794 1.6481 -5.9656 7.2628 -1.8943 0.60701 4.0838 -1.0644 -1.4136 4.8838 -4.4756 -1.2728
0 0 1 1 66.127 -26.824 0.26004 1.4355 -3.2694 9.9467 -0.89913 -5.9006 6.5983 -1.7451 -3.2696 5.0497 -4.0901 1.562
0 0 1 1 66.127 -26.824 0.26004 1.4355 -3.2694 9.9467 -0.89913 -5.9006 6.5983 -1.7451 -3.2696 5.0497 -4.0901 1.562
0 0 1 1 66.947 -23.751 2.1802 4.3091 -5.1022 6.6039 -3.0768 -3.2398 7.53 -3.5439 -2.4189 3.7677 -5.1961 1.2649
0 0 1 1 64.937 -25.981 -0.7878 4.7199 -5.8901 8.4905 -0.59985 -4.8821 5.3896 -0.86459 -1.9386 3.6833 -4.1518 2.6564
0 0 1 1 65.693 -24.195 0.82041 4.8465 -6.3477 8.2878 -1.037 -5.778 4.8559 -0.84879 -0.57909 3.4546 -5.0962 2.5223
0 0 1 1 66.353 -25.971 -0.8116 1.2595 -3.8476 8.8521 -5.0438 0.46665 5.7149 1.8325 -6.0584 2.7475 -7.3734 1.5936
0 0 1 1 64.665 -27.473 -1.6316 -0.068814 -7.2631 8.7766 -2.8699 3.384 7.8688 -3.0113 -4.1783 5.0835 -5.3143 1.9419
0 0 1 1 64.827 -27.333 -1.7186 0.31455 -5.2095 8.0684 -3.1094 6.0306 4.3552 -0.35694 -5.4354 4.0021 -4.3355 2.8702
0 0 1 1 64.786 -28.07 -3.7186 -3.0924 -5.3281 7.2655 -1.7885 8.0447 3.4035 -0.14684 -1.1618 2.9862 -2.9932 0.20671
0 0 1 1 65.35 -27.018 -2.1149 0.095283 -2.8875 5.7655 -3.828 7.0717 2.2909 -1.2806 0.46597 2.7036 -4.77 -1.4265
0 0 1 1 64.518 -29.913 -4.365 1.9585 3.0436 1.0528 1.5269 5.6689 1.4442 -1.5585 -1.06 7.0996 -2.9833 0.17962
