0 1 1 2 66.978 -22.289 4.1559 9.5002 -1.6119 -3.9334 2.3079 2.2866 -1.6299 -2.3911 1.9371 -2.0757 1.7263 2.2116
0 1 1 2 65.665 -20.75 5.4833 4.9934 -3.0988 -2.9906 0.63213 2.6683 4.244 -6.0069 4.6603 0.78923 0.83343 1.0046
0 1 1 2 68.201 -19.311 2.8875 6.9681 -1.9889 -3.5322 -0.32601 1.3668 0.59763 -6.5593 4.1932 -1.8118 3.0468 1.4341
0 1 1 2 67.258 -20.496 4.4448 7.3403 -4.5307 -3.172 3.9433 5.7796 -1.1796 -2.363 4.3011 -2.8966 0.81594 1.0341
0 1 1 2 68.524 -14.37 4.2823 1.9095 -3.0819 0.81008 -1.7166 1.1314 2.8338 -5.6979 2.8462 -0.68898 1.3684 -4.2504
0 1 1 2 69.406 -15.304 5.0103 1.5439 -2.8994 0.22584 -1.9584 1.9882 1.663 -5.441 2.9657 0.30043 0.62668 -3.3792
0 1 1 2 69.054 -14.466 4.0261 2.383 -3.5872 0.13805 -1.5062 1.6478 1.3006 -4.6354 3.0693 -1.2709 0.32549 -3.4904
0 1 1 2 66.76 -21.332 4.5276 8.3573 -2.4681 -2.199 3.7834 8.0246 -3.8756 -3.3788 3.7229 -3.0557 2.1416 0.41971
0 1 1 2 67.708 -16.602 5.017 2.3505 -3.8183 2.0117 -4.2472 4.5401 2.2588 -6.1297 1.5781 2.1854 -0.077027 -5.0884
0 1 1 2 66.094 -17.609 5.0449 3.7022 -3.7473 1.7796 -2.9296 5.0162 1.9882 -6.9479 2.3865 2.0443 1.26 -4.5823
0 1 1 2 67.573 -18.465 5.251 4.1012 -3.1807 0.11355 -2.7081 4.8481 2.0948 -6.2855 2.1553 0.35731 0.046632 -3.7786
0 1 1 2 67.281 -17.377 5.0587 3.4942 -4.617 1.9506 -4.7654 7.2889 -0.97448 -4.2734 1.5937 2.4425 -1.296 -4.1047
0 1 1 2 69.802 -14.987 4.4138 3.1849 -4.4714 1.122 -2.1446 4.9677 -2.7622 -1.7187 2.7723 0.010077 0.17048 -0.8866
0 1 1 2 70.177 -17.308 4.1734 5.0115 -4.4202 -1.5258 -0.42455 4.3725 -2.5813 -2.7036 4.629 -2.9763 -0.23372 -0.86957
0 1 1 2 67.342 -21.587 5.3786 1.5461 -4.0281 -3.802 4.0277 2.9778 5.6594 -12.104 -1.1144 0.51855 3.2182 -1.2152
0 1 1 2 69.193 -17.352 6.1254 -0.26981 -2.9813 -1.6668 2.6495 1.243 3.9675 -8.9993 0.66088 1.3361 2.4555 -1.8026
0 1 1 2 69.532 -17.577 5.9841 -0.27958 -2.5753 -1.845 2.5569 0.16837 5.8021 -9.8472 1.0972 0.23634 0.31238 -2.7404
0 1 1 2 70.034 -15.722 5.7603 0.20245 -2.9889 -1.2276 2.37 -0.11804 5.4599 -9.4036 2.569 1.1053 2.2192 -2.3961
0 1 1 2 69 -18.355 6.0311 0.052674 -3.0934 -1.7832 3.0546 0.77771 5.6975 -10.268 1.2781 0.48221 1.4834 -2.3287
0 1 1 2 70.463 -14.971 5.5268 -0.69526 -2.36 -1.0117 2.1221 -0.69435 4.9601 -8.0206 1.8883 0.16273 1.3752 -2.6849
0 1 1 2 65.799 -22.479 5.7098 1.9341 -5.4431 -3.8921 4.0767 5.6233 6.1967 -13.457 -3.4414 -0.95547 2.5725 0.22196
0 1 1 2 66.521 -20.219 6.1256 1.7417 -4.2713 -3.1287 3.7841 3.4282 4.8004 -13.014 -0.31374 1.2597 4.1577 -1.5146
0 1 1 2 67.336 -20.764 5.5734 0.82344 -4.835 -2.1217 3.8781 2.981 5.416 -12.816 -0.94889 0.20862 2.8855 -1.0813
0 1 1 2 68.609 -18.216 5.6961 0.41166 -3.693 -1.2006 2.6882 1.6965 4.8054 -10.051 0.79362 0.026341 1.653 -2.6055
0 1 1 2 67.859 -20.186 5.8426 1.2345 -3.4793 -2.2511 3.2779 2.3763 4.6811 -10.931 0.057264 1.0048 2.9799 -0.98804
0 1 1 2 66.152 -21.527 5.651 1.3191 -4.5841 -3.4144 2.8188 3.4597 4.6541 -13.661 -1.6976 1.8995 4.5555 0.9448
0 1 1 2 68.515 -18.897 6.1551 0.62999 -3.8034 -1.7282 1.9536 1.6178 4.5895 -11.342 0.95821 1.7513 2.7284 -2.2799
0 1 1 2 69.807 -15.99 6.2914 -0.5376 -3.2417 -1.0519 1.5409 0.32413 3.8594 -8.8757 2.0396 0.66577 1.9426 -2.4237
0 1 1 2 67.224 -19.681 5.9853 1.3919 -4.3748 -2.5473 2.2738 2.286 3.7756 -11.815 0.24791 1.6998 3.539 -1.3813
0 1 1 2 65.981 -23.553 5.0933 1.9412 -4.6184 -4.0999 3.4347 6.3933 7.4827 -12.594 -1.0534 1.1453 5.3944 1.6385
0 1 1 2 68.936 -17.563 6.513 -0.444 -2.9808 -1.6782 2.1112 0.2294 4.601 -9.4814 1.2825 1.001 2.0747 -1.7942
0 1 1 2 66.475 -21.309 6.1042 1.1692 -3.125 -2.8557 2.8706 2.9221 4.4551 -13.352 -1.2319 1.9308 4.4428 0.85197
0 1 1 2 68.381 -19.447 6.3532 0.95359 -3.5436 -2.5197 2.2454 1.5281 4.1527 -11.324 1.0525 1.5013 2.7662 -1.1758
0 1 1 2 66.007 -22.11 5.5905 0.36523 -4.2424 -3.4631 1.5882 3.1232 5.7394 -12.128 -1.5398 1.1537 4.2645 1.5569
0 1 1 2 68.199 -19.638 6.1853 0.35191 -3.2373 -2.2169 1.4936 1.6199 5.4406 -11.218 -0.20075 1.7922 2.8916 -0.65042
0 1 1 2 69.827 -16.009 6.1735 -0.88362 -2.3764 -0.53124 0.90313 -1.2784 5.1882 -9.0459 2.231 1.2068 1.3939 -1.0373
0 1 1 2 67.359 -22.018 6.6747 1.3324 -3.6095 -2.9805 -2.5817 -0.36727 2.895 -13.109 -1.9725 5.0109 4.9884 2.6011
0 1 1 2 70.778 -16.289 5.9833 0.35141 -2.6025 2.0691 -5.2145 5.7557 1.8336 -6.7135 -1.0573 5.6359 -2.0333 -2.4939
0 1 1 2 70.625 -17.228 5.3598 0.21222 -1.3977 -0.27948 -4.3317 6.6021 1.6652 -7.5085 -1.0692 4.9433 -1.4806 -2.6558
0 1 1 2 68.763 -19.079 5.1443 3.8266 -2.6677 -2.7346 7.0426 4.4956 8.8069 -15.994 0.23382 -0.064324 1.5573 -3.899
0 1 1 2 69.564 -17.254 5.6269 2.618 -1.8674 -2.0116 3.7639 0.67611 5.4808 -13.268 3.5348 1.0174 1.8555 -5.1069
0 1 1 2 67.668 -18.859 4.4129 2.7696 -2.6267 -1.9157 3.8257 2.9804 8.8013 -12.193 2.0426 -0.62526 2.3609 -3.3064
0 1 1 2 68.464 -18.906 6.0676 4.5282 -1.5128 -1.1861 4.7205 3.8803 7.7961 -14.565 0.97232 -0.1824 1.9303 -5.2263
0 1 1 2 68.674 -18.164 6.2034 4.617 -0.39134 -0.19059 5.1223 4.6688 10.424 -12.616 1.0765 -0.33047 4.3575 -2.2771
0 1 1 2 68.834 -18.871 6.4003 3.7852 -1.4801 -0.040142 7.383 9.0815 12.368 -11.529 1.2725 -0.1434 1.5381 -4.2989
0 1 1 2 68.636 -18.594 6.8936 2.9121 -2.6277 -0.74527 4.6296 3.8532 6.6942 -14.156 0.73015 -0.098363 3.3632 -1.8288
0 1 1 2 69.146 -16.327 6.7805 1.4812 -1.2065 2.2988 3.9771 3.0359 5.859 -12.165 1.4857 0.76539 1.8067 -3.7551
0 1 1 2 70.314 -15.555 6.9552 0.70504 -1.6165 1.5666 3.6985 3.8507 5.7493 -12.114 1.4587 1.2676 1.1489 -3.8787
0 1 1 2 69.751 -16.049 6.3707 -0.82119 -2.0083 2.6621 1.9354 4.6046 4.8167 -12.157 2.4814 1.6385 0.74481 -3.8472
0 1 1 2 70.341 -14.924 6.2426 -1.9389 -2.2238 1.9363 0.40194 3.3944 4.2391 -10.787 2.7149 0.54837 -0.24926 -3.2409
0 1 1 2 69.778 -15.652 6.7338 -0.40927 -1.5574 1.918 0.82153 4.1895 4.7757 -12.041 2.2001 1.6125 0.67674 -3.6109
0 1 1 2 69.609 -17.604 7.5487 2.4696 -0.17146 2.7272 -0.36585 7.9054 8.3651 -9.5506 3.1343 3.1689 0.11985 -6.5801
0 1 1 2 68.596 -16.362 7.23 4.6744 1.0192 1.0563 -7.4212 3.9721 7.935 -12.684 1.6302 2.462 -0.34868 -4.4835
0 1 1 2 66.229 -18.377 5.6754 -0.43789 -9.2099 4.7158 5.6219 7.2832 4.2431 -6.7043 -4.8542 -5.1422 2.0765 -0.70113
0 1 1 2 66.492 -16.397 6.9022 1.5282 -7.8054 3.5514 5.7217 7.1634 5.7452 -7.687 -0.65162 -1.8181 3.2693 -1.7852
0 1 1 2 66.199 -17.158 6.3717 -0.70224 -9.8493 2.947 3.756 5.8996 4.2573 -10.176 -0.70454 0.90405 3.8128 -2.3792
0 1 1 2 68.766 -13.129 5.1256 -0.69621 -6.5599 3.0796 0.48427 1.0003 3.5782 -6.2213 0.82974 -2.0146 3.1954 -1.861
0 1 1 2 67.542 -14.783 5.3504 -0.3132 -7.4032 4.1359 1.5416 3.0862 2.7607 -7.5228 -0.56436 -1.224 4.3695 -1.2225
0 1 1 2 68.625 -13.163 5.1224 -0.47161 -6.7318 3.585 0.3785 1.4137 3.6934 -6.1541 1.7075 -1.4384 3.6826 -1.6534
0 1 1 2 65.99 -17.351 6.7186 0.7148 -9.6506 3.1748 2.0009 6.1673 4.447 -7.2416 -1.8813 -2.1828 4.2465 0.67277
0 1 1 2 66.234 -15.795 6.9314 -0.12213 -10.213 4.0255 2.3707 6.8049 4.2709 -7.5285 -2.9339 -2.2574 1.2451 -1.0502
0 1 1 2 65.399 -16.896 6.9824 0.003164 -11.863 3.1558 1.1641 7.3813 4.3801 -8.6434 -5.5002 -2.3772 2.6684 -0.084293
0 1 1 2 65.187 -17.012 6.3322 -0.52022 -11.377 1.9488 1.0422 8.0964 4.3325 -7.011 -3.36 -0.64528 3.5433 0.49447
0 1 1 2 66.186 -17.232 6.7196 -1.1121 -10.123 3.2258 2.5943 7.2297 5.3651 -6.1918 -1.8521 -1.2639 2.3892 -0.45322
0 1 1 2 67.029 -15.947 6.1901 -2.1774 -9.4191 5.312 1.0339 6.0442 2.0697 -7.5225 -1.9416 1.2188 2.5316 -0.84269
0 1 1 2 66.529 -16.573 8.1604 -1.9351 -8.6251 7.0207 2.8325 6.9668 3.7929 -7.0661 -3.2488 0.66418 1.3049 -1.884
0 1 1 2 69.149 -14.447 7.3702 -2.8699 -6.7807 6.3577 -2.1549 5.0413 1.1052 -5.4037 -2.1415 0.55542 1.2944 0.8847
0 1 1 2 67.876 -16.634 9.4328 -4.6628 -6.3471 5.7921 -1.3442 5.3337 2.25 -6.997 -3.0017 2.8927 1.2127 0.75532
0 1 1 2 67.069 -17.568 9.9094 -5.3075 -5.966 6.9632 -4.0225 6.6574 2.3488 -6.1998 -2.4074 5.8122 1.2892 3.164
0 1 1 2 68.399 -15.82 8.9648 -5.0341 -5.653 6.9181 -4.2231 5.95 1.4734 -4.7969 -2.7139 3.0324 -0.039644 3.254
0 1 1 2 65.354 -17.762 9.6402 -3.57 -6.3923 11.65 -4.3567 11.429 7.1348 -4.6727 -5.8449 7.7166 -2.1789 1.0612
0 1 1 2 69.55 -13.38 7.0094 -2.8011 -5.537 7.2527 -6.748 6.0669 0.005358 -3.1843 -1.7662 3.9183 -2.0495 1.0157
