1 0 1 2 66.444 -32.496 9.5426 4.6201 -3.2213 0.89566 3.3675 -5.5849 4.1573 -0.58459 1.2665 -0.3785 2.489 -2.8199
1 0 1 2 71.465 -23.633 12.203 0.27974 -6.5838 1.771 3.8436 -6.2294 4.2248 -1.6658 -0.063619 -0.56993 1.8398 -0.8267
1 0 1 2 70.02 -24.152 11.973 0.8062 -6.5001 0.96073 4.236 -5.6164 2.8777 -0.68982 0.52157 -2.0235 0.020487 0.83645
1 0 1 2 68.814 -29.738 10.136 5.0686 -5.2912 -0.43958 1.9579 -3.2325 4.1081 -2.5284 0.3818 -0.34902 2.2691 -1.763
1 0 1 2 68.566 -28.933 9.6909 3.6861 -4.6857 -0.13176 1.7241 -4.0893 4.5874 -2.5308 -0.21707 0.042585 3.0852 -0.86955
1 0 1 2 72.24 -23.584 11.895 0.86512 -7.0964 2.542 2.6279 -5.6093 4.7451 -2.2891 0.11902 -0.66164 1.6645 -0.17521
1 0 1 2 68.953 -27.094 10.548 3.613 -5.5303 -0.77913 3.4466 -3.8393 3.832 -3.3559 1.3477 0.42639 0.9154 0.23361
1 0 1 2 73.032 -23.877 11.915 1.0663 -6.9522 2.5856 1.3089 -3.4693 4.1069 -3.3635 0.47873 0.3984 2.0822 -2.4734
1 0 1 2 73.684 -22.583 11.445 -0.1952 -5.4464 2.6378 -0.33556 -2.6549 4.9261 -4.5001 0.98399 -0.10131 1.0193 -0.8339
1 0 1 2 68.64 -25.711 11.392 0.71646 -4.769 2.2047 -1.0996 -0.87831 4.235 -4.9365 0.51564 3.2063 -1.3008 -3.3851
1 0 1 2 69.083 -24.927 10.099 0.91891 -3.2739 2.8004 -4.779 1.6118 4.8616 -5.1671 -1.2126 3.3217 2.3561 -2.6979
1 0 1 2 66.589 -28.478 9.6857 1.9588 -1.5931 1.8471 -4.676 0.35869 4.5552 -3.7843 -0.43996 3.0349 -0.11269 -2.1742
1 0 1 2 67.019 -26.195 12.096 -0.27984 -4.4461 4.45 -3.0079 -2.6557 6.1955 -4.087 -1.9309 4.0671 0.57051 -1.7205
1 0 1 2 66.043 -28.686 11.848 0.37482 -2.9596 3.7251 -4.2208 -1.1714 7.2545 -4.0332 -2.5881 4.635 0.10051 -2.5601
1 0 1 2 65.229 -33.102 2.9474 0.25179 3.6758 1.5839 -10.338 2.63 9.1665 -7.9804 -2.3715 8.7571 0.65983 -2.6141
1 0 1 2 69.608 -22.556 13.332 -3.4973 -3.5841 5.3146 -4.9423 -0.71336 6.7185 -5.405 -2.6569 6.527 -1.3327 -2.9023
1 0 1 2 71.339 -21.093 13.449 -4.4716 -4.259 6.6476 -5.8651 0.93115 3.8252 -4.3837 -0.60592 4.0792 -2.0816 -1.2314
1 0 1 2 67.81 -28.318 11.23 -0.41262 0.32293 0.76264 -6.357 4.5744 2.0877 -4.9348 -0.12923 4.6525 -1.4061 -0.59849
1 0 1 2 70.675 -22.17 10.809 -4.2338 5.8845 -7.6613 -1.3618 7.5118 -3.8039 -1.3298 -1.5057 4.4801 -2.3004 -0.19651
1 0 1 2 64.512 -31.692 3.783 5.8894 -2.4289 5.4767 -4.101 0.24483 1.2979 -3.2154 4.599 1.9668 0.1873 -3.1832
1 0 1 2 66.753 -26.766 7.0695 4.913 -4.148 3.5771 -5.7389 1.7998 3.6852 -5.054 1.2986 1.9256 1.6445 -2.3957
1 0 1 2 64.164 -30.781 4.1814 4.5352 -3.3212 5.7063 -4.094 0.97057 0.83457 -3.1138 3.9634 2.5168 0.59565 -3.5282
1 0 1 2 66.518 -27.503 6.334 5.6261 -4.4922 6.0378 -8.3112 3.0322 1.9637 -0.96615 0.20754 -0.057294 0.93719 -1.6313
1 0 1 2 68.781 -25.383 4.1416 5.2664 -1.3008 4.3754 -11.866 4.8301 4.6158 -2.1306 -2.9445 1.0263 1.6571 -3.3397
1 0 1 2 66.261 -26.34 6.5676 5.6973 -5.0533 5.3084 -8.4963 5.5378 0.16704 -2.1342 1.8962 0.77376 -2.012 -3.2228
1 0 1 2 62.705 -37.24 1.4499 6.5051 3.6149 8.1496 -2.9397 6.9723 -4.3907 -3.7273 6.4916 6.6523 2.4798 -2.3972
1 0 1 2 65.24 -31.616 4.0282 5.4611 6.9574 -7.9574 -1.7825 9.95 -5.9405 -1.9726 0.99908 6.3844 0.68125 -6.4441
