0 1 1 1 70.192 -18.117 -7.3545 -0.92282 3.5925 -14.501 3.9523 3.2506 -3.8458 -3.9194 -0.35606 -0.10371 -8.7617 -2.9472
0 1 1 1 70.192 -18.117 -7.3545 -0.92282 3.5925 -14.501 3.9523 3.2506 -3.8458 -3.9194 -0.35606 -0.10371 -8.7617 -2.9472
0 1 1 1 67.127 -18.193 -3.0157 8.44 -5.5442 1.5596 -1.7661 -0.56925 6.1278 -6.8996 1.7642 1.2358 -0.37989 -2.0343
0 1 1 1 67.127 -18.193 -3.0157 8.44 -5.5442 1.5596 -1.7661 -0.56925 6.1278 -6.8996 1.7642 1.2358 -0.37989 -2.0343
0 1 1 1 67.177 -17.449 -1.1956 6.6357 -5.0708 3.0656 -3.0691 -2.2062 5.9958 -7.4104 3.5727 0.37477 -1.6453 -1.5744
0 1 1 1 68.035 -15.636 -0.2155 6.7204 -5.559 2.8745 -2.2504 -1.0708 6.7328 -8.4741 2.6819 1.3866 -0.16546 -0.84446
0 1 1 1 68.035 -15.636 -0.2155 6.7204 -5.559 2.8745 -2.2504 -1.0708 6.7328 -8.4741 2.6819 1.3866 -0.16546 -0.84446
0 1 1 1 67.019 -17.096 -1.3446 6.697 -4.6694 2.948 -2.4897 -0.7813 7.3027 -8.9562 2.5174 0.57355 -0.91581 -1.9484
0 1 1 1 67.287 -16.087 -1.6793 6.1214 -4.0544 4.0354 -3.1021 -2.8413 6.6655 -7.7466 4.3593 0.65307 -0.19144 -2.215
0 1 1 1 66.222 -17.845 -4.5718 4.6138 -4.3574 5.4285 -2.2708 -4.4516 6.483 -8.2098 5.4895 0.17353 -0.1187 -1.9355
0 1 1 1 66.653 -18.654 -2.6992 6.5768 -3.7284 3.2939 -4.223 -2.5909 9.1895 -8.1152 3.5244 1.5641 -1.189 -1.7483
0 1 1 1 65.629 -20.766 -4.8976 5.2986 -3.7571 3.9725 -4.3322 -2.142 9.5509 -7.8196 3.1993 1.8892 -0.13169 -0.089091
0 1 1 1 67.086 -15.06 0.76335 4.5116 -3.7592 3.3282 -3.6318 -1.9044 7.3002 -7.4673 2.5821 1.5823 -1.0623 -1.3693
0 1 1 1 67.98 -18.154 -0.53524 4.5577 -5.2372 3.1288 -2.9373 -0.22786 6.4419 -8.1086 5.647 1.4451 -1.4316 -5.3283
0 1 1 1 66.738 -20.656 -2.9929 2.9562 -6.5575 2.315 -3.2642 -0.046197 6.5007 -7.2417 7.5226 3.0834 -0.78299 -6.2098
0 1 1 1 69.6 -17.123 -1.1603 3.0775 -6.3287 5.5711 -3.4938 2.1944 1.9024 -7.8919 2.7298 4.7508 1.0278 -5.7505
0 1 1 1 67.54 -21.6 -4.3006 1.5515 -8.5785 3.3498 -5.4112 2.3034 2.8243 -4.2141 6.1691 4.1766 0.60188 -6.448
0 1 1 1 66.927 -20.859 -4.8252 2.3858 -5.6847 5.4966 -3.3682 3.329 3.1053 -3.3026 7.1896 2.6492 0.24892 -5.1159
0 1 1 1 67.212 -20.885 -1.9352 6.0811 -4.5401 4.62 -6.3715 1.8928 2.618 -5.5892 4.0959 0.83429 -1.0519 -5.2639
0 1 1 1 67.212 -20.885 -1.9352 6.0811 -4.5401 4.62 -6.3715 1.8928 2.618 -5.5892 4.0959 0.83429 -1.0519 -5.2639
0 1 1 1 68.801 -16.393 0.26215 6.7437 -4.598 2.8709 -5.5373 2.0453 3.8079 -6.0601 2.7777 -0.072686 0.1532 -5.3997
0 1 1 1 68.791 -16.663 0.16427 5.9586 -4.0879 3.6507 -5.4029 0.82697 3.806 -5.2302 3.1149 -1.1995 -0.77405 -4.9301
0 1 1 1 67.547 -20.255 -1.2977 6.311 -4.3972 4.7537 -3.7229 1.0118 2.5454 -4.5597 3.9387 -1.1959 -0.035811 -5.0151
0 1 1 1 68.081 -18.872 0.29936 7.4847 -5.2264 3.6382 -4.7207 2.3177 2.188 -5.6787 3.6551 0.0019035 1.7352 -4.8258
0 1 1 1 67.735 -19.252 0.084582 8.012 -4.8506 2.9894 -5.6405 3.5319 2.9991 -5.8428 3.687 0.50812 1.3128 -5.3465
0 1 1 1 67.847 -18.427 0.33688 7.5755 -4.8521 3.9906 -6.3485 2.1602 3.9801 -5.5748 3.3095 0.15773 0.26438 -4.0038
0 1 1 1 67.94 -18.674 -0.041911 6.8847 -4.2143 3.4897 -7.5205 1.9965 5.0408 -5.2184 2.8996 -0.32525 -1.3393 -4.9887
0 1 1 1 69.881 -16.107 1.3453 5.5702 -5.0575 3.4211 -5.0053 2.1224 3.4239 -5.1475 2.2141 0.52 2.059 -3.9517
0 1 1 1 69.324 -17.213 0.83637 5.4631 -4.3767 3.5808 -4.6853 2.586 3.5756 -4.928 2.8693 0.53412 2.0509 -4.2985
0 1 1 1 68.654 -15.628 0.60459 5.0875 -4.4122 4.6023 -5.8304 -0.14407 6.7075 -7.5695 2.9136 1.9901 -4.022 -4.1389
0 1 1 1 67.023 -17.854 0.094353 6.7269 -4.2385 2.6849 -5.3077 1.9958 3.2221 -7.064 4.2809 -0.40658 1.3738 -3.9322
0 1 1 1 68.742 -17.092 -0.3582 6.4037 -3.8401 3.214 -6.543 2.0832 4.9528 -7.2336 3.469 0.88602 -0.14628 -5.881
0 1 1 1 67.668 -19.271 -1.7556 5.8907 -3.4641 3.3455 -7.8554 1.726 4.3025 -4.6573 5.5339 2.0516 -0.12028 -6.665
0 1 1 1 68.862 -18.692 0.53558 7.5019 -4.0322 3.3057 -5.8941 4.763 2.0318 -4.6052 2.2565 0.55568 1.0448 -4.1588
0 1 1 1 68.862 -18.692 0.53558 7.5019 -4.0322 3.3057 -5.8941 4.763 2.0318 -4.6052 2.2565 0.55568 1.0448 -4.1588
0 1 1 1 68.403 -18.988 1.6951 7.3124 -4.2064 3.7748 -6.6264 6.2928 1.4421 -4.8354 2.0963 1.8598 0.83228 -4.0831
0 1 1 1 68.998 -21.442 -3.0225 7.9811 -1.5077 -0.11066 -7.4249 6.1515 5.0051 -5.747 3.8709 3.751 0.97029 -2.7488
0 1 1 1 70.367 -18.764 -1.6495 7.6517 -1.6494 -0.97709 -7.6202 5.8331 4.5367 -6.99 3.1302 3.0501 -0.26443 -3.4304
0 1 1 1 71.544 -19.01 -1.9812 5.1084 -0.077539 1.6372 -6.3171 4.9555 0.5332 -6.2173 2.2859 1.7628 -0.48582 -5.9279
0 1 1 1 72.261 -18.264 -1.8905 2.5044 0.23135 3.009 -9.5476 5.2784 1.2711 -3.6377 2.776 2.7464 -0.73034 -7.8301
0 1 1 1 70.211 -19.333 -6.2404 -3.276 3.6825 -5.1415 -11.705 13.228 -1.5283 -2.599 1.3677 4.756 4.4812 -9.4808
0 1 1 1 68.383 -17.6 -6.7498 -2.9979 -3.4268 2.5401 -0.43105 1.3213 3.3959 -3.964 1.9923 -2.253 -5.1642 2.4578
0 1 1 1 69.368 -18.077 -3.5567 -4.2284 -1.0079 1.2633 -2.8197 -0.70948 2.1753 -1.459 0.076652 0.33104 -4.4112 2.863
0 1 1 1 68.899 -18.955 -3.7362 -3.5301 -0.41312 1.455 -1.8501 -0.20025 2.2693 -2.3159 -1.6882 -0.68999 -4.434 3.6863
0 1 1 1 74.864 -10.904 -11.463 -8.7484 -6.8347 0.7732 -2.6436 -1.3317 -0.60771 1.3451 -1.6826 -0.45033 3.3375 2.2904
0 1 1 1 74.848 -10.848 -10.985 -8.551 -6.184 -0.023291 -4.5998 -1.9961 -1.1718 0.39384 -1.5653 -0.95847 3.9995 2.4609
0 1 1 1 74.722 -10.86 -10.658 -8.3227 -5.8951 -0.49421 -5.7855 -2.6523 -1.5798 -0.54315 -1.8678 -1.1666 4.3188 2.6365
0 1 1 1 70.429 -14.554 -10.977 -3.5824 -8.9518 -1.9927 0.98341 -3.1893 -3.7726 -9.3678 0.56686 -1.6665 1.1917 2.0692
0 1 1 1 72.502 -14.154 -10.562 -10.573 -5.071 1.9061 -5.3437 -1.5255 -3.4898 -3.3548 -2.1804 -2.1434 -0.83257 0.62345
0 1 1 1 73.458 -12.949 -13.342 -3.9815 -11.314 -0.063151 -2.376 -7.4637 -1.9809 -4.1939 -2.8107 -1.8123 2.9817 1.6049
0 1 1 1 73.458 -12.949 -13.342 -3.9815 -11.314 -0.063151 -2.376 -7.4637 -1.9809 -4.1939 -2.8107 -1.8123 2.9817 1.6049
0 1 1 1 73.945 -14.397 -11.135 -5.15 -12.435 -5.1247 -0.99976 -1.1014 5.6825 2.305 -2.8317 -3.6287 -2.4228 -1.6144
0 1 1 1 73.945 -14.397 -11.135 -5.15 -12.435 -5.1247 -0.99976 -1.1014 5.6825 2.305 -2.8317 -3.6287 -2.4228 -1.6144
0 1 1 1 66.878 -16.715 -7.4207 -2.9403 -6.958 2.3219 -9.4164 2.1694 -2.1981 -2.0008 -0.38348 2.1075 0.32642 -4.5863
0 1 1 1 67.914 -15.601 -9.0252 -5.6683 -8.2275 4.8837 -6.8035 3.1143 -3.8967 -5.904 -1.8011 1.905 1.1847 -1.5587
0 1 1 1 68.465 -19.593 -5.9269 0.48216 -8.2944 5.8557 -4.8237 -0.28243 4.4058 -9.1914 0.11677 2.3388 2.126 -1.7542
0 1 1 1 68.622 -18.921 -5.6523 0.52768 -8.2427 5.892 -4.6032 -0.56898 4.6309 -10.192 0.0065636 2.2688 2.5879 -1.4774
0 1 1 1 69.485 -18.181 -3.7915 3.1976 -5.2528 7.5204 -3.4493 1.1243 5.9095 -3.2898 2.7281 1.6949 1.9009 -2.9576
0 1 1 1 69.485 -18.181 -3.7915 3.1976 -5.2528 7.5204 -3.4493 1.1243 5.9095 -3.2898 2.7281 1.6949 1.9009 -2.9576
0 1 1 1 71.586 -17.248 -6.7918 -2.5622 -9.3576 6.2079 -6.5631 4.4394 4.4714 -3.8557 -0.70925 2.2293 1.8776 -3.1647
0 1 1 1 71.792 -17.282 -7.5885 -3.9677 -10.099 5.6384 -6.83 3.8498 4.9582 -2.8494 -0.30202 2.2052 1.8973 -3.2659
0 1 1 1 72.871 -15.711 -8.2405 -5.0448 -8.6599 5.7723 -4.7427 1.8041 6.088 -3.6176 0.58507 2.5659 0.93084 -3.5413
0 1 1 1 71.727 -16.199 -4.2024 -1.8217 -10.981 3.3629 -6.9586 6.9522 4.9686 -4.5991 -0.50079 2.4324 -0.66781 -5.3319
0 1 1 1 73.769 -16.263 -9.2737 -7.2678 -8.8347 7.0519 -4.8907 1.0675 2.1057 -10.123 -4.6884 0.75863 2.5074 -0.87913
0 1 1 1 74.14 -15.713 -7.3215 -5.3789 -6.4788 8.0234 -3.2792 2.2852 0.75718 -7.0436 -2.1172 2.212 3.8624 -1.3582
0 1 1 1 73.988 -16.144 -7.4736 -3.8261 -5.3135 5.7072 -2.4823 2.2532 0.18048 -4.1692 -1.1738 2.5372 3.4698 -2.7895
0 1 1 1 73.655 -15.719 -6.7972 -1.2018 -4.7143 4.9674 -2.9592 3.7153 1.602 -5.1718 -1.838 0.97384 3.2778 -4.4186
0 1 1 1 71.116 -15.679 -9.5374 -1.4888 -5.5536 4.4449 -4.5812 -1.3872 1.0872 -2.6528 3.3974 -1.1567 4.0076 -3.6078
0 1 1 1 71.146 -14.479 -6.7636 1.2659 -3.8183 6.6335 -3.737 -1.9467 1.6854 -4.1896 2.7176 -1.8463 3.1943 -3.8924
0 1 1 1 69.729 -15.415 -3.1775 1.9856 -6.4953 3.4399 -3.428 -0.31378 4.9127 -6.8858 3.9096 -0.56449 4.641 -3.6466
0 1 1 1 69.729 -15.415 -3.1775 1.9856 -6.4953 3.4399 -3.428 -0.31378 4.9127 -6.8858 3.9096 -0.56449 4.641 -3.6466
0 1 1 1 70.143 -15.399 -5.8981 0.39524 -5.3722 5.336 -1.7826 -0.3181 3.961 -5.1266 3.4019 -1.2873 4.4999 -3.9219
0 1 1 1 70.884 -13.842 -4.0417 1.8285 -4.5882 5.3122 -2.3945 -0.53049 3.6891 -5.8767 3.4065 -1.9397 3.304 -3.5457
0 1 1 1 70.238 -14.605 -4.1921 2.371 -5.7905 6.0983 -1.9185 0.51584 4.0707 -6.3431 3.8475 -2.5045 3.9338 -3.1806
0 1 1 1 69.975 -14.933 -4.1677 2.2514 -6.4122 6.2997 -1.5073 0.81123 3.8457 -6.7694 3.5898 -2.6039 4.0575 -2.8988
0 1 1 1 70.219 -16.183 -3.5168 1.0692 -7.7959 6.6271 -1.3911 3.7711 1.8886 -6.9849 2.3396 0.3849 4.0262 -4.9479
0 1 1 1 69.045 -18.832 -6.1862 -1.7498 -10.127 5.2733 -1.9821 3.4223 1.9096 -6.7495 3.2319 1.5159 4.7938 -3.8054
0 1 1 1 73.485 -14.888 -1.1355 2.6042 -5.28 2.5622 -2.5832 3.6484 1.3697 -6.9942 0.69338 1.2458 5.165 0.56325
0 1 1 1 71.465 -11.788 -7.6982 -9.902 -7.3978 -0.082793 -2.4587 -4.0235 0.41096 -6.926 1.0184 -0.12586 2.5574 1.9098
0 1 1 1 73.472 -10.745 -8.7946 -8.7832 -6.2308 -0.61743 -0.68806 -2.7667 -3.6942 -8.4664 -0.87153 -1.1042 -1.1774 2.9092
0 1 1 1 72.475 -13.418 -7.4985 -10.595 -5.018 -0.075844 -2.1587 -7.2564 2.4353 -2.048 -1.4944 0.072564 0.70177 1.5083
0 1 1 1 71.998 -13.647 -6.8625 -10.211 -5.2293 -0.45033 -2.4407 -7.6529 2.2823 -2.042 -1.4832 0.060367 -0.21606 1.3422
0 1 1 1 72.828 -9.8281 -9.3958 -6.317 -14.201 -1.7162 -6.2101 -5.2839 -9.6042 -10.658 0.021723 -0.12858 0.19238 3.7761
0 1 1 1 75.169 -13.02 -9.7848 -6.1587 -14.279 -2.8236 -2.0186 -9.489 0.34325 1.1234 2.2514 1.6906 -2.7029 0.077153
0 1 1 1 75.216 -12.942 -9.8279 -6.2283 -13.642 -3.1143 -2.5052 -10.043 -0.42684 0.388 1.6419 1.6145 -2.4083 0.19815
