0 1 1 2 73.826 -7.7279 6.0345 4.6511 -2.4717 1.14 -8.604 0.080345 -4.8984 -2.2782 -1.2073 -2.4749 -4.0656 0.69027
0 1 1 2 73.826 -7.7279 6.0345 4.6511 -2.4717 1.14 -8.604 0.080345 -4.8984 -2.2782 -1.2073 -2.4749 -4.0656 0.69027
0 1 1 2 71.384 -11.666 7.267 7.0352 -1.2649 -0.27874 -7.0804 5.9512 -4.327 -4.4989 -0.12584 1.7496 -4.9642 1.3858
0 1 1 2 71.573 -11.228 8.3438 7.1627 -0.47841 -0.54965 -7.8013 4.1315 -3.7599 -2.8824 1.0024 0.51862 -5.3094 1.3007
0 1 1 2 71.869 -10.234 6.3468 5.8306 -0.092582 3.8138 -7.8865 0.98371 -2.7985 -1.7209 3.7399 4.0733 -4.1669 -3.0302
0 1 1 2 71.528 -10.619 6.1159 6.4083 1.6182 5.9634 -5.6355 2.7727 -2.683 0.21753 5.1416 3.6577 -3.5004 -3.7115
0 1 1 2 70.989 -12.004 6.7666 6.3835 -2.7091 2.3464 -5.7357 2.1138 -0.91901 -4.2847 -2.6854 3.1156 -2.3129 0.15454
0 1 1 2 71.04 -12.244 6.609 6.8655 -0.67917 0.34393 -5.9894 3.6447 -3.9857 -1.6697 -0.71363 2.5473 -2.8408 1.1596
0 1 1 2 71.159 -12.418 5.884 3.2885 1.3164 3.7349 -4.8847 4.7754 -4.9443 -7.0342 -3.6349 3.5085 0.17981 2.3805
0 1 1 2 72.112 -12.243 4.4517 7.2056 3.9953 -2.5276 -8.7647 4.6632 -3.6198 -9.6446 2.5335 5.5106 -7.3943 0.44276
0 1 1 2 72.073 -12.403 4.0736 7.0987 3.9948 -1.6854 -6.7658 3.7031 -4.1534 -8.1874 0.79326 4.0825 -5.8492 2.5393
0 1 1 2 74.571 7.1378 6.4404 -0.90223 -0.23734 -3.7498 1.2686 5.3531 1.0861 -2.9124 -0.79334 2.4023 3.5469 -3.0204
0 1 1 2 76.324 9.1076 1.4074 -4.6061 0.067565 1.0691 0.76239 -3.7823 -4.2498 2.4118 3.0038 -1.3342 -3.498 1.6105
0 1 1 2 76.64 7.6141 -1.7853 -5.107 2.058 -0.55974 0.90487 -0.45322 -7.0057 -3.8089 -1.465 3.284 -2.5885 -4.6684
0 1 1 2 76.585 7.6207 -1.8753 -4.8099 2.0218 -0.49331 1.1687 -0.51497 -7.1335 -4.0597 -1.5937 2.8819 -2.3874 -5.1649
0 1 1 2 72.574 5.8283 9.9368 1.2621 -1.1396 -2.7824 -0.75308 0.97781 -4.6485 -4.8338 -1.2053 -6.395 -1.528 -0.79745
0 1 1 2 76.086 8.5586 1.5248 -5.4153 0.2155 -1.9259 -1.3527 1.0871 -2.1044 -1.042 -1.4488 -2.5771 -1.7248 1.1989
0 1 1 2 75.903 8.5231 2.1671 -5.4354 -0.11961 -1.5404 -1.6152 0.40917 -2.2069 -1.3353 -1.6539 -2.9873 -1.7586 1.351
0 1 1 2 70.559 -11.901 11.039 0.38871 0.69561 -1.6522 -4.6936 -1.0351 -0.61658 -3.4131 1.3268 -1.2863 -0.10092 -1.579
0 1 1 2 73.615 -10.278 5.3244 15.931 -2.6768 2.1807 3.2335 -2.3321 -4.9079 -0.88092 1.7697 -6.676 5.5816 1.0624
0 1 1 2 73.615 -10.278 5.3244 15.931 -2.6768 2.1807 3.2335 -2.3321 -4.9079 -0.88092 1.7697 -6.676 5.5816 1.0624
0 1 1 2 73.048 4.334 6.7363 5.922 -0.17358 -1.9816 -0.49589 -1.0853 -0.15826 -6.0689 -6.5075 -0.41254 -1.165 -0.72726
0 1 1 2 73.212 -10.022 2.8437 8.4495 -4.1485 -2.5571 -0.73196 -6.3158 -2.0328 1.3379 -1.0328 -2.8794 -1.2828 0.51221
0 1 1 2 72.727 -7.7733 5.1135 3.2547 -0.77776 4.2575 -7.1112 5.5769 -5.0384 -0.40284 -2.1191 0.41355 -2.9837 3.9466
0 1 1 2 73.475 -7.6415 5.6726 3.858 2.3171 3.2905 -4.4737 5.7849 -1.4957 -2.8502 -0.099426 3.4855 -1.9139 1.1062
0 1 1 2 73.726 -8.9627 3.7017 2.1917 0.55645 -0.98084 -5.3407 3.0652 -2.9254 -1.4066 -2.5145 1.2433 -1.0863 -0.86009
0 1 1 2 74.089 -6.4651 4.813 6.0541 3.3008 1.2466 -3.7381 5.2651 -4.1055 -6.4859 -5.1655 -0.93666 -6.0698 -0.2442
0 1 1 2 78.899 -8.6666 -7.8622 -1.2548 -9.401 -5.5314 -12.3 6.0065 -2.6215 -3.22 -5.8622 -2.0227 -1.0073 4.0117
0 1 1 2 78.899 -8.6666 -7.8622 -1.2548 -9.401 -5.5314 -12.3 6.0065 -2.6215 -3.22 -5.8622 -2.0227 -1.0073 4.0117
0 1 1 2 81.135 -13.283 -4.3969 -1.9153 -1.8112 -13.62 -1.3059 7.4371 4.1929 -1.4296 -4.3835 0.21182 1.2598 2.8273
0 1 1 2 81.135 -13.283 -4.3969 -1.9153 -1.8112 -13.62 -1.3059 7.4371 4.1929 -1.4296 -4.3835 0.21182 1.2598 2.8273
0 1 1 2 73.586 -9.5471 2.2243 2.9132 2.9321 -1.4029 -1.7008 0.92537 -4.3109 -0.39762 1.8692 0.829 -3.6245 2.3305
0 1 1 2 79.903 -0.75854 1.0373 6.1645 -5.3089 -8.1648 -2.6453 6.2389 0.92628 -9.9617 -4.3333 -0.23163 -0.96709 -4.1505
0 1 1 2 79.903 -0.75854 1.0373 6.1645 -5.3089 -8.1648 -2.6453 6.2389 0.92628 -9.9617 -4.3333 -0.23163 -0.96709 -4.1505
0 1 1 2 79.903 -0.75854 1.0373 6.1645 -5.3089 -8.1648 -2.6453 6.2389 0.92628 -9.9617 -4.3333 -0.23163 -0.96709 -4.1505
