1 0 1 1 70.4 -9.9383 3.9197 0.68558 3.5817 -1.7659 1.4415 -1.6402 0.079378 -0.61788 3.2073 -1.918 -2.7319 1.0034
1 0 1 1 70.235 -9.701 4.3399 0.088188 0.4037 -2.7804 1.5887 -1.7896 1.8 0.89199 2.0696 -2.1982 1.3154 -1.3295
1 0 1 1 70.11 -9.99 4.901 -0.14419 1.3486 -0.84274 3.1606 0.074677 3.6232 1.3943 2.667 -0.90957 0.86648 -0.095717
1 0 1 1 75.644 -8.5181 -4.7679 -12.462 -1.7743 2.2252 -0.73314 4.8133 7.1274 4.7122 0.54716 -5.538 -1.8223 -5.0726
1 0 1 1 79.358 -13.865 -5.5957 -14.56 5.2791 -1.9469 0.047576 11.464 7.6186 5.1851 0.6104 -8.6241 -8.0719 -9.1555
1 0 1 1 79.667 -14.626 -5.3541 -14.246 6.5812 -2.1994 0.26031 11.327 7.4697 4.989 0.36299 -8.9302 -8.5026 -9.2671
1 0 1 1 79.755 -16.016 -4.4813 -12.601 10.195 -2.1957 1.1819 9.9176 6.6767 3.0297 -1.1 -9.3781 -7.4294 -7.0995
1 0 1 1 79.609 -16.175 -4.1512 -11.791 11.34 -1.8565 1.5223 9.3937 6.2977 2.0584 -1.3739 -9.0794 -6.1295 -5.4872
1 0 1 1 71.028 -10.37 1.6457 -0.45706 2.1887 1.0227 -1.2206 0.38295 -0.19399 0.35827 1.5005 -2.4519 -0.05819 -1.113
1 0 1 1 72.442 -13.923 4.6765 2.0781 0.89215 1.5107 -0.91781 3.6235 -2.6983 3.9429 -2.6882 -7.875 1.427 -2.8499
1 0 1 1 72.431 -13.974 4.6959 2.1512 0.486 1.1612 -1.2566 3.4351 -2.3026 4.3588 -1.9685 -7.0731 1.294 -3.3034
1 0 1 1 71.719 -10.033 3.3608 1.9801 1.8315 -6.9808 0.95021 4.2271 1.9726 1.7373 3.7561 2.1831 -0.089841 -5.0229
1 0 1 1 71.454 -9.546 0.61577 0.61033 3.3932 -6.1886 -1.0584 2.1224 3.3838 -2.0486 0.31206 -0.65439 -1.7166 -4.0423
1 0 1 1 72.44 -10.091 2.9129 3.3862 0.5483 -5.6029 3.4125 -0.73255 -1.8211 1.5424 4.4934 -3.3257 -2.6809 -1.0669
1 0 1 1 72.128 -10.409 2.518 3.6904 1.3166 -4.3853 4.2747 0.66287 -2.8274 1.9017 4.5128 -4.3506 -3.4447 -1.7414
1 0 1 1 72.05 -10.225 2.9161 -0.73307 3.1919 -2.7741 -1.1074 2.3837 -2.2712 2.5354 -2.0391 -0.4262 0.31282 -1.5066
1 0 1 1 72.062 -10.424 2.2635 -1.1821 3.4884 -4.0524 -1.2612 2.12 -3.3576 1.744 -1.0811 -0.46672 -0.41045 -1.4993
1 0 1 1 71.614 -10.68 0.85467 -1.6769 4.1703 -3.2569 0.60994 2.8879 -0.91392 1.3084 2.4736 1.6752 -0.25866 -1.003
1 0 1 1 71.166 -11.171 3.1218 -0.047389 2.4166 -1.9759 0.044911 -0.45383 1.7007 -0.52502 4.3808 -2.3149 -1.2039 -3.4915
1 0 1 1 72.025 -10.79 2.6023 1.9213 0.73092 -3.7822 3.4368 4.1783 3.0291 -0.62595 5.2169 0.14506 -2.3684 0.93464
1 0 1 1 72.283 -11.022 2.5883 1.1728 0.71696 -2.2311 3.2332 2.1587 2.8419 -0.2787 4.5385 -0.60103 -1.7364 1.8785
1 0 1 1 71.54 -10.556 2.355 1.7328 3.0024 -7.1753 0.45338 1.5371 3.8364 -0.10692 2.9395 -0.34205 -2.2945 1.3168
1 0 1 1 70.877 -11.091 0.7479 2.1362 3.549 -1.487 1.988 -2.2493 -0.12638 1.9453 2.2827 0.68808 2.3068 3.1568
1 0 1 1 71.615 -10.479 4.0197 -1.5731 1.2912 -3.5044 0.53902 -2.0553 3.9857 1.5167 6.8628 3.1607 -0.16782 -2.8092
1 0 1 1 70.673 -10.662 5.2497 -0.34179 0.38367 -5.3039 -1.8558 1.8464 2.2535 4.7347 2.8964 -1.4461 1.4773 -2.7924
1 0 1 1 71.392 -10.256 1.3682 0.76825 3.6693 -8.4825 -0.8556 -4.0584 -0.99991 2.6593 6.7791 1.1273 1.9865 2.1538
1 0 1 1 77.168 -13.336 -5.3746 -14.644 3.7419 -2.7365 6.2748 8.9452 6.5751 1.441 1.2257 -8.1323 2.9798 -0.73646
1 0 1 1 77.168 -13.336 -5.3746 -14.644 3.7419 -2.7365 6.2748 8.9452 6.5751 1.441 1.2257 -8.1323 2.9798 -0.73646
1 0 1 1 77.168 -13.336 -5.3746 -14.644 3.7419 -2.7365 6.2748 8.9452 6.5751 1.441 1.2257 -8.1323 2.9798 -0.73646
1 0 1 1 77.3 -13.329 -5.1869 -14.26 4.1156 -2.0491 7.2935 9.0416 7.3072 1.7567 1.7647 -7.2127 3.6346 0.27067
1 0 1 1 77.3 -13.329 -5.1869 -14.26 4.1156 -2.0491 7.2935 9.0416 7.3072 1.7567 1.7647 -7.2127 3.6346 0.27067
1 0 1 1 70.801 -11.072 4.5118 -1.8739 4.1673 -4.7097 -1.6398 -0.69798 -0.090621 0.16475 -0.5675 4.2095 2.7735 3.473
1 0 1 1 71.409 -10.878 3.0737 0.24266 3.8107 1.1238 -1.2203 0.82759 3.8178 -0.11678 1.7601 -0.14052 2.7319 1.1139
