1 1 1 1 77.018 -7.5487 -1.0144 0.8709 0.45633 -4.8995 0.73849 1.3561 0.21662 2.5112 2.7867 5.3994 3.0144 -2.9142
1 1 1 1 76.222 -7.378 -0.67124 1.3485 2.5337 -1.133 1.245 0.48692 2.3799 0.92067 -3.1767 -1.7198 -0.84505 -4.2357
1 1 1 1 76.44 -7.142 -1.0763 0.47086 0.99678 -0.93638 1.0299 -0.20014 3.4609 -1.3938 -6.1822 -5.5604 -2.8065 -2.526
1 1 1 1 76.797 -7.0478 -1.2449 -0.10273 -0.074195 -0.75586 1.5044 -0.22827 5.1178 -1.946 -7.4625 -4.2754 -2.4319 -2.3841
1 1 1 1 76.797 -7.0478 -1.2449 -0.10273 -0.074195 -0.75586 1.5044 -0.22827 5.1178 -1.946 -7.4625 -4.2754 -2.4319 -2.3841
1 1 1 1 77.427 -7.7731 -1.9452 -1.6826 -3.2513 -0.5876 2.8969 0.30177 5.0481 -0.58811 -8.6705 -1.5183 -1.998 -1.9016
1 1 1 1 78.088 -8.7457 -1.8259 -1.0188 -6.3319 -1.2409 4.5546 -1.0272 2.721 -0.7017 -8.2142 -1.1911 -2.7414 -1.5044
1 1 1 1 79.782 -10.712 -0.38401 0.051041 -1.3326 2.6811 4.9289 3.0915 4.6353 -1.4105 -7.7606 -3.3545 -5.2721 1.4211
1 1 1 1 79.929 -10.944 -0.48733 -0.39711 -0.062165 2.7348 5.3162 3.0406 5.3107 -1.2494 -8.1008 -3.7098 -4.9126 1.7388
1 1 1 1 81.192 -12.803 -1.8046 -4.9795 7.1165 -0.33158 8.1445 -2.5696 4.2802 0.77134 -8.6813 -5.5024 0.98729 5.572
1 1 1 1 81.372 -13.11 -1.1931 -4.6287 7.9801 -0.33068 7.565 -4.6059 2.3027 0.48988 -8.2327 -5.1897 1.3218 4.5798
1 1 1 1 80.962 -13.114 -0.23498 -3.3992 8.6844 -0.34389 6.2007 -6.3593 0.84189 0.4084 -7.1712 -3.7887 1.7936 3.4444
1 1 1 1 75.528 -7.3247 1.2493 1.5779 -1.0548 -4.6937 -1.9292 0.10508 1.3008 -2.7289 -4.9412 1.561 -0.40254 -3.7565
