1 0 1 1 76.592 -15.632 -5.2573 -19.372 0.98761 4.4113 7.7513 12.01 0.28359 3.5533 -5.8318 -3.626 -5.6075 -0.23276
1 0 1 1 77.097 -12.263 -6.2965 -26.681 1.0493 1.8139 7.5577 7.0489 -1.0679 3.9445 -4.9676 -6.2676 -1.2779 -0.28558
1 0 1 1 75.999 -12.845 -3.359 -25.88 3.9046 3.9179 10.949 5.2915 -1.297 2.4044 -4.0526 0.82832 2.5787 1.876
1 0 1 1 73.276 -13.227 5.1697 -26.739 -1.5651 7.4948 7.6464 9.6369 3.3166 2.5432 -6.9431 0.88647 -8.5033 -0.4497
1 0 1 1 78.185 -12.288 1.1797 -26.823 -5.1595 1.1562 5.056 4.5069 3.3718 6.0198 -2.5651 -1.1079 -4.0833 2.3801
1 0 1 1 80.746 -11.103 0.83003 -28.801 -3.2586 2.5413 -0.38516 9.4367 -1.9722 3.8986 -5.4287 -2.9725 -3.0034 0.61296
1 0 1 1 75.293 -12.798 6.9322 -27.29 5.7592 3.794 6.4488 2.6961 2.5687 -1.6426 -8.928 -3.4697 -3.5069 5.781
1 0 1 1 78.653 -11.339 2.6777 -25.126 -1.214 2.4216 6.2242 5.2045 1.7492 4.6021 -3.7119 -1.6503 -7.0356 0.82987
1 0 1 1 80.901 -11.463 -0.00040966 -27.595 -2.4168 2.4245 0.16351 7.1186 -1.5784 2.2926 -8.8138 -3.8374 -2.3659 0.15837
1 0 1 1 74.494 -11.811 5.9881 -24.666 -5.383 -2.2119 12.386 6.6915 3.2411 1.3121 -12.734 1.2734 -5.7879 -4.8031
1 0 1 1 78.648 7.5886 10.243 1.6213 3.6409 0.62846 -3.8772 0.21336 -7.6272 1.8848 -5.9378 -0.15094 -0.17519 0.15438
