1 0 1 1 70.965 -9.969 -4.1113 1.0856 5.2751 -2.2208 -4.9493 3.9542 6.5342 1.1296 -15.393 -0.36655 3.924 1.3916
1 0 1 1 70.965 -9.969 -4.1113 1.0856 5.2751 -2.2208 -4.9493 3.9542 6.5342 1.1296 -15.393 -0.36655 3.924 1.3916
1 0 1 1 70.936 -10.026 -4.0626 1.5179 5.0367 -2.4152 -5.0558 4.0065 6.3746 1.2089 -15.337 -0.36462 3.7081 1.7098
1 0 1 1 82.613 -2.9126 -0.74105 -1.8108 -1.8996 -2.396 -1.393 -1.3873 0.69786 0.095948 -1.1895 0.013595 -0.043643 0.9198
1 0 1 1 82.613 -2.9126 -0.74105 -1.8108 -1.8996 -2.396 -1.393 -1.3873 0.69786 0.095948 -1.1895 0.013595 -0.043643 0.9198
1 0 1 1 82.617 -2.9672 -0.70174 -1.7955 -1.8785 -2.2972 -1.327 -1.4011 0.7368 0.17095 -1.0878 0.11162 0.035943 1.0121
1 0 1 1 80.791 -18.058 -6.8574 -17.901 -1.4214 -2.7581 9.9609 6.3652 -0.85301 -1.6352 -2.3995 -3.538 -4.9839 1.1144
1 0 1 1 81.089 -17.933 -6.5597 -17.395 -0.37631 -3.1244 10.38 6.0287 -1.7145 -2.2799 -2.9822 -2.9619 -4.5351 1.8345
1 0 1 1 81.088 -17.83 -6.2685 -16.931 0.42895 -3.4057 10.606 5.7331 -2.4163 -2.8575 -3.4163 -2.4421 -4.1713 2.4161
1 0 1 1 81.088 -17.83 -6.2685 -16.931 0.42895 -3.4057 10.606 5.7331 -2.4163 -2.8575 -3.4163 -2.4421 -4.1713 2.4161
1 0 1 1 65.703 -14.591 -0.99873 3.9278 2.3148 -6.76 2.9888 -5.6007 0.1713 0.89854 -3.8533 -5.3753 -1.5734 7.6998
1 0 1 1 65.703 -14.591 -0.99873 3.9278 2.3148 -6.76 2.9888 -5.6007 0.1713 0.89854 -3.8533 -5.3753 -1.5734 7.6998
1 0 1 1 77.568 -18.687 -6.5209 -16.774 -10.173 -1.9228 3.2667 12.585 0.24265 -2.4431 4.6699 -5.5268 -4.8287 -2.1754
1 0 1 1 77.41 -18.803 -6.4825 -16.939 -10.072 -2.0828 2.7192 12.28 -0.33446 -3.4599 4.341 -4.9271 -4.2909 -2.0027
1 0 1 1 77.41 -18.803 -6.4825 -16.939 -10.072 -2.0828 2.7192 12.28 -0.33446 -3.4599 4.341 -4.9271 -4.2909 -2.0027
1 0 1 1 77.938 -18.631 -10.012 -15.43 -5.7363 3.1066 5.6662 6.7916 5.3085 9.1774 -0.86523 -7.9566 -9.6156 -9.1358
1 0 1 1 78.927 -19.541 -9.1726 -16.961 -4.6652 3.9464 5.9871 8.1798 2.1656 7.1263 0.23021 -5.4391 -5.719 -7.4529
1 0 1 1 78.927 -19.541 -9.1726 -16.961 -4.6652 3.9464 5.9871 8.1798 2.1656 7.1263 0.23021 -5.4391 -5.719 -7.4529
1 0 1 1 78.704 -19.782 -8.4051 -16.963 -4.2626 4.0482 6.026 8.9406 -0.82775 5.28 1.644 -4.191 -3.43 -6.1087
1 0 1 1 76.342 -18.594 -3.7335 -19.662 -7.865 2.3162 0.83535 10.942 6.7692 4.3508 7.8599 -2.4868 -8.934 -0.7349
1 0 1 1 76.342 -18.594 -3.7335 -19.662 -7.865 2.3162 0.83535 10.942 6.7692 4.3508 7.8599 -2.4868 -8.934 -0.7349
1 0 1 1 76.46 -18.151 -3.0122 -19.013 -6.2931 2.9091 0.90272 12.004 6.3542 4.2219 7.5832 -2.5062 -8.4994 -0.59074
1 0 1 1 76.46 -18.151 -3.0122 -19.013 -6.2931 2.9091 0.90272 12.004 6.3542 4.2219 7.5832 -2.5062 -8.4994 -0.59074
1 0 1 1 80.536 -2.3918 -2.3693 -1.6877 -3.0043 -1.934 -1.9746 -1.7237 -1.3344 -0.98468 -1.3019 -1.0513 -0.67899 -0.89877
1 0 1 1 80.536 -2.3918 -2.3693 -1.6877 -3.0043 -1.934 -1.9746 -1.7237 -1.3344 -0.98468 -1.3019 -1.0513 -0.67899 -0.89877
1 0 1 1 75.645 -0.64867 0.0288 -3.3827 -1.7261 -1.4893 -1.7867 -1.366 -1.4143 0.45178 -0.28157 -1.7574 0.49789 -1.5333
1 0 1 1 75.645 -0.64867 0.0288 -3.3827 -1.7261 -1.4893 -1.7867 -1.366 -1.4143 0.45178 -0.28157 -1.7574 0.49789 -1.5333
1 0 1 1 75.645 -0.64867 0.0288 -3.3827 -1.7261 -1.4893 -1.7867 -1.366 -1.4143 0.45178 -0.28157 -1.7574 0.49789 -1.5333
1 0 1 1 75.645 -0.64867 0.0288 -3.3827 -1.7261 -1.4893 -1.7867 -1.366 -1.4143 0.45178 -0.28157 -1.7574 0.49789 -1.5333
1 0 1 1 75.534 -0.45147 0.075823 -3.6103 -1.6825 -1.5392 -1.896 -1.4136 -1.5698 0.48228 -0.48187 -1.6937 0.31653 -1.5887
1 0 1 1 75.534 -0.45147 0.075823 -3.6103 -1.6825 -1.5392 -1.896 -1.4136 -1.5698 0.48228 -0.48187 -1.6937 0.31653 -1.5887
1 0 1 1 78.282 -19.847 -6.5103 -19.601 -8.4696 -0.81213 5.6425 6.3012 12.727 2.0622 -6.7761 -8.3373 -8.3003 -1.7736
1 0 1 1 78.282 -19.847 -6.5103 -19.601 -8.4696 -0.81213 5.6425 6.3012 12.727 2.0622 -6.7761 -8.3373 -8.3003 -1.7736
1 0 1 1 78.205 -19.972 -6.6643 -19.778 -8.2256 -0.66221 5.6709 6.5256 12.766 2.3707 -6.3081 -7.877 -8.3112 -1.8354
1 0 1 1 76.611 -17.167 -6.8111 -14.558 -3.5205 9.2153 6.6293 5.9558 11.058 2.0748 2.7588 -7.8157 -5.6983 -3.1587
1 0 1 1 79.884 -17.392 -5.7144 -14.946 4.2628 3.7 14.617 4.6186 3.3087 3.1132 -1.6444 -7.6089 -6.1641 -2.1447
1 0 1 1 80.577 -16.883 -5.2965 -14.699 5.9079 1.6842 15.342 2.1303 -0.29545 2.8134 -3.2357 -5.0337 -4.5688 -1.1604
1 0 1 1 80.577 -16.883 -5.2965 -14.699 5.9079 1.6842 15.342 2.1303 -0.29545 2.8134 -3.2357 -5.0337 -4.5688 -1.1604
1 0 1 1 78.271 3.0143 1.2707 -0.12586 1.6078 -4.7973 -2.6689 5.0987 -0.30672 -2.7818 -1.9207 -0.93416 0.36974 -1.3114
1 0 1 1 78.271 3.0143 1.2707 -0.12586 1.6078 -4.7973 -2.6689 5.0987 -0.30672 -2.7818 -1.9207 -0.93416 0.36974 -1.3114
1 0 1 1 72.498 -0.1078 4.4641 -0.38865 1.3977 -1.1094 -3.5468 4.1841 2.5874 0.53103 -6.6609 -2.2094 -0.10522 -2.6013
1 0 1 1 70.244 3.5598 9.4837 3.1879 -4.7474 -3.2313 -1.0065 3.833 -1.5638 1.7076 -6.4494 -1.1665 2.0332 0.71762
1 0 1 1 72.009 -9.625 -2.7337 -0.64396 -0.20098 -2.5621 -7.9352 2.6395 2.4077 4.2555 -3.6094 -4.2207 0.24217 2.4598
1 0 1 1 72.009 -9.625 -2.7337 -0.64396 -0.20098 -2.5621 -7.9352 2.6395 2.4077 4.2555 -3.6094 -4.2207 0.24217 2.4598
1 0 1 1 72.009 -9.625 -2.7337 -0.64396 -0.20098 -2.5621 -7.9352 2.6395 2.4077 4.2555 -3.6094 -4.2207 0.24217 2.4598
1 0 1 1 64.476 -10.952 -1.8494 -3.4341 0.20316 11.41 -6.6803 -0.65521 -1.2534 -1.3711 -0.39219 0.47274 -5.3679 -3.6904
1 0 1 1 73.342 -14.502 -3.5811 -16.155 -9.1034 0.17158 -0.25285 6.4475 3.9607 2.3233 -2.0007 -4.3681 1.8345 -4.9021
1 0 1 1 73.277 -14.805 -3.8596 -16.452 -9.0331 -0.12545 -0.32746 5.9865 3.3597 1.8859 -2.7407 -5.054 1.3149 -5.2831
1 0 1 1 73.277 -14.805 -3.8596 -16.452 -9.0331 -0.12545 -0.32746 5.9865 3.3597 1.8859 -2.7407 -5.054 1.3149 -5.2831
1 0 1 1 75.486 -17.776 -5.0089 -17.165 -2.5471 3.9765 6.5095 5.7225 -2.4819 5.1105 1.9408 -7.2135 -6.4708 -6.9004
1 0 1 1 75.486 -17.776 -5.0089 -17.165 -2.5471 3.9765 6.5095 5.7225 -2.4819 5.1105 1.9408 -7.2135 -6.4708 -6.9004
1 0 1 1 63.726 -11.609 -2.1199 -4.8595 -1.2191 6.8776 -8.723 -2.8889 -0.064627 0.1991 -5.2702 -0.50833 -0.05413 0.77702
