1 1 1 1 80.371 -8.1722 -9.7235 -24.511 1.9593 -3.9318 -5.0712 14.532 6.4157 6.8786 -6.04 -3.2168 -3.6668 5.5843
1 1 1 1 80.371 -8.1722 -9.7235 -24.511 1.9593 -3.9318 -5.0712 14.532 6.4157 6.8786 -6.04 -3.2168 -3.6668 5.5843
1 1 1 1 80.371 -8.1722 -9.7235 -24.511 1.9593 -3.9318 -5.0712 14.532 6.4157 6.8786 -6.04 -3.2168 -3.6668 5.5843
1 1 1 1 77.855 -7.4599 -6.5452 -23.227 -3.4245 -2.3328 0.3389 9.9179 4.8927 6.3714 -2.2556 -7.4529 -0.29357 1.6119
1 1 1 1 76.063 -6.3824 -1.8859 -19.945 -10.284 -2.1046 5.9705 11.069 -1.2072 6.9823 0.42894 -9.1461 -0.64463 -0.14816
1 1 1 1 75.466 -7.5735 0.8805 -24.451 -9.4153 -4.9678 8.3511 12.256 5.4282 0.19107 0.6519 -8.0551 -9.3004 -1.2891
1 1 1 1 79.218 -9.0745 -6.9231 -23.341 -0.87205 -2.6128 -11.826 6.1239 2.9512 9.3475 6.0454 -0.66135 1.1889 4.7056
1 1 1 1 79.027 -9.7393 -6.9976 -24.524 0.42371 -1.5024 -10.266 7.5576 1.8413 9.1907 3.075 -2.1906 -1.2458 2.5914
1 1 1 1 77.396 -6.3372 -2.6067 -24.301 -14.409 -7.4253 7.1002 14.957 0.43002 0.99041 -0.54065 -5.8121 -3.1314 0.60939
1 1 1 1 76.309 -7.2173 -3.4063 -27.337 -14.371 -2.6187 9.7971 11.127 0.53057 1.0806 -2.3672 -7.9149 -1.118 -2.9593
1 1 1 1 76.241 -9.9332 -2.43 -16.166 -12.103 0.10781 1.8964 16.034 10.328 3.9388 -6.0324 -2.4836 3.9728 -5.045
1 1 1 1 77.762 -8.3073 -1.4726 -21.264 -11.152 -5.1689 3.7661 8.0756 3.1402 6.4267 5.4904 -1.336 -3.1078 0.93273
1 1 1 1 75.89 -4.9833 -0.62557 -28.378 -11.642 -10.099 5.0508 5.5473 6.0221 2.2922 8.8033 -1.5612 -1.2048 -2.7116
1 1 1 1 77.048 -6.7111 -1.5035 -29.178 -10.431 -4.3439 5.3849 8.0632 4.896 2.7719 4.2365 -1.8435 -0.24369 -3.4546
1 1 1 1 76.527 -7.5526 -0.86949 -30.026 -8.335 -1.5811 5.6758 8.0605 2.2642 4.6547 0.29513 -2.1607 -2.9209 -4.545
1 1 1 1 77.725 -9.4119 -4.5262 -19.264 -14.358 -10.888 1.5619 5.5188 5.7729 3.1987 8.0864 -5.7308 -2.4216 3.4959
1 1 1 1 80.662 -12.24 -7.3672 -18.929 -8.3892 -3.7752 -4.3632 9.5345 6.1221 5.3046 4.4785 -1.9593 -1.4171 0.92659
1 1 1 1 81.113 -11.155 -5.3189 -20.52 -9.8456 -2.8478 -4.874 14.379 5.2362 7.7676 -0.21962 -4.0138 1.054 -3.1037
1 1 1 1 79.692 -9.6107 -4.909 -24.661 -10.826 -3.3777 7.8723 11.307 5.504 5.2049 -1.1146 -8.0194 -3.0589 -1.5616
1 1 1 1 83.369 -12.798 -9.7133 -16.948 0.18535 -1.0133 -1.0823 10.341 2.3663 9.9538 4.4136 -10.436 -2.2579 -2.2859
1 1 1 1 83.355 -13.015 -9.4807 -17.223 0.6018 -0.94705 -1.2042 10.955 1.5821 9.5643 3.7861 -10.569 -2.2024 -2.0849
1 1 1 1 81.968 -14.313 -7.6427 -18.469 -1.5555 -1.6168 -2.6581 12.775 1.9673 8.1132 2.7312 -8.0363 -2.8125 -1.2798
1 1 1 1 78.059 -5.7746 -2.4384 -28.429 -8.0168 -4.3237 9.2165 7.7929 0.74349 -3.2616 -6.5234 -1.9298 -1.2187 -0.41322
1 1 1 1 81.863 -10.591 -4.5328 -20.915 -10.904 0.61227 -4.6831 7.3276 4.3371 6.1009 0.4886 -5.4263 3.5831 1.89
1 1 1 1 81.118 -9.2058 -3.7121 -20.877 -9.3299 -0.36784 2.6122 11.058 0.58716 -4.8753 -6.1771 -7.5804 -0.14767 2.3088
1 1 1 1 80.836 -8.6579 -4.8202 -22.548 -3.7645 -0.85492 6.3329 8.7516 3.7234 -9.7723 -5.4879 -3.8587 -0.54932 2.7423
1 1 1 1 75.039 -9.1673 -1.1052 -20.503 -11.712 0.56438 4.8747 11.154 4.7932 -1.9018 -3.1788 -10.265 0.24243 2.0515
1 1 1 1 71.789 -4.9905 0.78717 -23.119 -12.318 -9.3701 7.5334 12.877 1.0869 5.6044 -2.775 -3.6201 -5.4772 4.3383
1 1 1 1 72.942 -7.14 1.2482 -23.39 -12.239 -6.2799 8.7005 14.134 1.6284 3.8549 1.455 -6.3989 -4.3426 -1.3242
1 1 1 1 72.636 -5.9352 -0.036195 -25.842 -5.3048 -0.079574 0.82996 14.191 7.0795 6.6872 0.63316 -1.6428 -7.5871 -1.3685
1 1 1 1 73.768 -6.5684 0.26959 -25.372 -6.0235 -0.59297 5.4821 13.463 7.3835 3.4144 -0.25785 -2.0892 -7.4157 -3.9263
1 1 1 1 79.72 -14.236 -7.2797 -18.192 -8.2685 0.6215 -1.9102 12.823 5.7422 10.933 6.1822 -5.5018 -3.6798 -1.858
1 1 1 1 77.764 -7.8179 -1.3329 -28.273 -8.8603 -4.3004 2.6952 10.662 5.966 3.1134 1.4874 -1.8622 -3.7975 -1.8305
1 1 1 1 80.416 -10.063 -6.1972 -19.967 -11.717 -0.7768 -0.73491 13.057 2.4976 0.16139 -1.2099 -10.342 -3.723 -2.0752
1 1 1 1 79.408 -9.0299 -6.9156 -20.374 -15.124 0.76388 -0.29349 14.945 0.5931 -2.0095 -3.7136 -10.638 -1.7844 1.8235
1 1 1 1 78.871 -6.4743 -7.1756 -26.447 -8.5201 0.26429 3.2241 7.5935 1.0443 2.0885 -1.3844 -5.8921 -4.1312 -0.89609
1 1 1 1 78.833 -6.5723 -6.9275 -26.437 -7.7183 0.39856 3.9995 7.6256 1.6053 3.4414 -0.96936 -6.2222 -5.0064 -1.6331
1 1 1 1 77.533 -8.597 -3.6882 -27.705 -6.228 0.76116 3.7963 10.55 5.1607 5.5187 -0.65842 -6.67 -8.1478 -3.4532
1 1 1 1 79.306 -13.032 -7.2773 -13.92 -8.7911 3.9077 -2.4341 11.806 2.5094 9.3632 6.6828 -4.1728 -1.0828 -6.6956
1 1 1 1 81.52 -11.606 -6.9366 -19.207 -10.207 -3.1204 -3.6998 10.571 6.3878 4.7276 0.1293 -8.8516 -2.3149 2.1465
1 1 1 1 80.88 -11.67 -6.2383 -19.473 -9.8067 -1.8891 -3.5773 10.915 4.1668 4.4585 -0.3372 -9.4704 -1.3755 1.1117
1 1 1 1 75.337 -6.7574 -3.101 -25.337 -9.3438 -1.933 7.6053 12.822 4.3911 2.9301 1.2621 -4.5274 -2.124 -0.32756
1 1 1 1 81.694 -12.704 -8.5895 -16.994 -7.0472 -1.9344 -5.1953 6.0434 6.9624 7.0964 8.2469 -2.4958 0.69942 4.249
1 1 1 1 81.938 -13.039 -8.3294 -17.554 -6.749 -1.1608 -4.7685 7.2193 5.9514 6.7659 8.0367 -2.8371 0.44923 4.0485
1 1 1 1 81.567 -13.508 -6.7378 -19.661 -5.0132 0.84923 -2.7712 12.03 2.1942 4.7398 5.8738 -4.8779 0.69702 2.8502
1 1 1 1 76.861 -10.581 -0.71303 -17.498 -11.846 -4.9171 2.2003 16.579 4.8002 7.8388 0.76858 -7.3118 -0.11923 3.193
1 1 1 1 73.436 -6.5705 2.1653 -24.61 -8.9369 -4.5694 3.7453 12.251 4.0685 4.8714 -3.1268 -8.013 -4.0758 -2.5021
1 1 1 1 83.168 -13.873 -10.333 -16.817 -6.4431 -5.1812 -2.3089 12.746 3.9833 4.961 3.7286 -2.4954 -4.4081 1.8717
1 1 1 1 83.317 -14.214 -10.345 -16.751 -5.6277 -4.7766 -1.4509 13.377 4.0038 4.6709 2.743 -3.2957 -4.3679 1.826
1 1 1 1 83.317 -14.214 -10.345 -16.751 -5.6277 -4.7766 -1.4509 13.377 4.0038 4.6709 2.743 -3.2957 -4.3679 1.826
1 1 1 1 83.243 -14.467 -10.228 -16.691 -4.887 -4.6229 -0.7681 13.667 4.0117 4.4623 2.0978 -3.9663 -4.038 1.8046
1 1 1 1 83.243 -14.467 -10.228 -16.691 -4.887 -4.6229 -0.7681 13.667 4.0117 4.4623 2.0978 -3.9663 -4.038 1.8046
1 1 1 1 74.824 -7.9739 -0.69476 -21.946 -9.5459 -2.3764 8.0791 13.937 2.3394 5.993 2.8078 -8.3242 -5.2221 -3.3778
1 1 1 1 74.855 -8.3923 -0.21961 -24.087 -6.3904 -2.4695 7.3775 14.099 0.64105 2.662 -0.26267 -6.926 -4.0098 -0.33063
1 1 1 1 72.974 -6.4538 -1.1522 -22.287 -10.532 0.77853 7.7369 6.1466 6.8798 0.10674 3.0729 -5.8083 -2.6852 -0.86775
1 1 1 1 77.676 -9.8735 -5.3603 -27.117 -6.9104 1.7825 -0.62454 15.208 7.3411 -2.3714 5.7283 -5.1449 -5.6123 -2.3355
1 1 1 1 80.633 -7.8838 -2.7305 -28.704 -2.7278 1.2369 8.6317 9.0666 2.8288 -3.0876 -0.6587 0.25958 -2.1235 4.9848
1 1 1 1 79.965 -13.995 -6.8605 -18.203 -7.9341 -3.1548 -4.9092 14.732 4.3622 6.3116 1.4574 0.74541 -0.5391 -1.3982
1 1 1 1 74.279 -6.9988 1.9344 -25.337 -10.976 -3.0154 7.2086 19.593 1.0964 3.1363 -6.4821 -2.1227 -2.9131 -0.50944
1 1 1 1 74.279 -6.9988 1.9344 -25.337 -10.976 -3.0154 7.2086 19.593 1.0964 3.1363 -6.4821 -2.1227 -2.9131 -0.50944
1 1 1 1 77.897 -7.6472 -3.9438 -20.643 -7.4265 -0.69133 12.816 8.6742 2.5384 -3.3575 -5.3994 -9.4107 -5.9463 -0.38362
1 1 1 1 76.193 -7.2069 0.56667 -26.382 -11.229 -3.4862 3.0746 5.1603 0.077256 12.501 4.0196 -2.7678 -1.01 0.12313
1 1 1 1 80.524 -12.402 -7.3771 -17.133 -9.0595 -0.52067 -3.9577 10.9 2.3305 3.9727 1.5643 -0.69431 -2.4582 -0.01596
1 1 1 1 77.094 -5.2509 -1.8626 -26.698 -9.3335 -6.5616 3.5 8.7752 3.9196 3.3305 11.79 -3.5624 -1.8308 -1.334
1 1 1 1 77.438 -7.3603 -1.7642 -28.709 -8.3371 -2.4506 5.6765 12.55 1.8505 6.2941 6.991 -3.5687 -1.5573 -3.2746
1 1 1 1 76.953 -8.8768 -1.6342 -29.84 -7.4128 0.46011 6.1548 13.275 2.7901 7.9499 5.0216 -2.5291 -2.8509 -4.3464
1 1 1 1 78.482 -8.196 -3.376 -27.87 -5.8863 -1.6251 8.5025 14.231 5.5192 6.6103 0.12047 -4.7567 -6.4125 -2.4846
1 1 1 1 78.685 -8.2016 -3.5016 -27.97 -5.3098 -1.6495 8.6629 14.021 4.8613 6.1132 0.3498 -4.4328 -6.5856 -2.1321
1 1 1 1 78.462 -7.7344 -3.9617 -28.915 -3.3249 -0.33032 9.4067 13.709 0.71468 3.6338 2.3322 -5.9799 -6.0274 -0.35184
1 1 1 1 81.122 -12.931 -7.8613 -17.35 -6.9703 2.1679 0.35509 12.727 4.8469 6.7563 7.1582 -5.5847 -0.95468 -5.3686
1 1 1 1 80.78 -13.022 -7.0145 -17.666 -5.793 2.859 -0.37755 13.088 3.6642 6.1394 7.2406 -6.2002 -0.85673 -5.4413
1 1 1 1 77.597 -6.6216 -3.6781 -28.591 -7.8751 0.46446 12.204 9.2416 5.6491 5.8227 -2.8945 0.75684 -0.88963 0.75417
1 1 1 1 80.807 -13.334 -7.824 -18.864 -5.3044 2.3041 2.4697 13.019 3.6639 5.5402 12.328 -5.8153 -6.3716 -2.9103
1 1 1 1 80.807 -13.334 -7.824 -18.864 -5.3044 2.3041 2.4697 13.019 3.6639 5.5402 12.328 -5.8153 -6.3716 -2.9103
1 1 1 1 79.096 -8.0775 -4.81 -23.602 -9.7347 1.7745 2.5493 10.481 2.6123 -2.1477 -4.2234 -2.8271 -3.0891 3.4475
1 1 1 1 79.096 -8.0775 -4.81 -23.602 -9.7347 1.7745 2.5493 10.481 2.6123 -2.1477 -4.2234 -2.8271 -3.0891 3.4475
1 1 1 1 79.911 -8.4151 -5.5617 -24.941 -4.3027 -0.059475 4.3435 8.3586 2.7947 -7.2198 -4.4535 -1.0234 -1.496 4.503
1 1 1 1 79.953 -8.5537 -5.7831 -25.196 -3.3193 -0.25291 4.3181 7.6344 2.6866 -8.1968 -3.6858 -0.91435 -1.4546 4.4804
1 1 1 1 76.488 -9.5196 -1.7113 -13.688 -16.858 -0.074479 0.4217 8.2882 0.68957 9.6642 7.412 -1.4447 -4.0141 -3.2343
1 1 1 1 71.949 -6.3533 0.67496 -21.818 -14.995 -3.1587 11.805 10.49 5.3862 11.223 -2.0296 -3.2631 -6.0871 1.2927
1 1 1 1 73.157 -6.1688 -0.67741 -23.294 -6.5028 -0.40224 1.5015 10.391 2.724 9.5231 -0.55656 -5.1934 -8.6529 -2.4978
1 1 1 1 73.756 -7.3177 -1.4817 -25.331 -6.5724 -1.9913 4.178 12.198 4.6535 4.917 2.432 -3.3321 -7.4825 -1.5383
