1 1 1 1 78.298 -12.817 -1.666 -9.1079 1.3669 5.9969 -0.21574 3.5157 2.0117 4.877 0.97893 -3.3657 -4.7375 0.787
1 1 1 1 78.122 -10.341 -3.1428 -13.875 -2.991 3.7443 12.197 11.808 7.2579 -0.11364 -1.1815 -3.3089 -9.9304 3.9358
1 1 1 1 79.99 -12.782 -5.5298 -12.421 6.3204 7.8822 12.035 9.1378 -4.0604 5.4959 -6.4011 -11.98 -1.3113 2.7258
1 1 1 1 77.394 -13.144 -2.397 -10.709 4.7144 13.268 6.1752 -0.54184 -0.90015 2.846 -1.8106 2.5266 -2.9118 3.3061
1 1 1 1 78.458 -12.944 -8.3198 -10.348 4.3889 11.265 8.8991 0.41824 0.13095 0.037589 -4.4484 -8.0598 3.0698 1.1127
1 1 1 1 78.163 -13.759 -7.2317 -10.583 9.2737 12.969 9.7839 -1.0143 -3.4016 2.1371 -1.4552 -4.9059 2.9047 2.1842
1 1 1 1 76.222 -13.768 0.53981 -9.0498 6.3522 4.1689 8.3979 6.3786 -1.0864 2.2163 -6.4724 -4.3321 0.55759 1.8789
1 1 1 1 76.717 -13.984 0.22385 -12.22 8.3629 3.941 7.0611 6.7319 3.0138 2.2615 -15.831 -2.8313 -1.4959 2.6057
1 1 1 1 78.993 -11.505 -10.781 -7.9569 11.745 4.4874 11.123 6.8251 2.5483 -0.986 -6.7534 -7.3463 10.464 8.9518
1 1 1 1 78.06 -12.072 -3.7767 -12.083 4.9846 4.0088 7.4066 6.4778 -0.42513 8.6373 -9.1566 -9.1721 1.9293 2.2931
1 1 1 1 79.464 -13.147 -8.588 -11.301 9.0893 9.9269 8.0798 0.48233 2.7225 1.198 -1.2929 -3.369 -2.8052 2.2739
1 1 1 1 80.379 -14.059 -8.9076 -10.975 10.029 7.0593 9.2744 4.1751 3.4017 6.0626 -4.935 -3.5062 -0.41245 1.9071
1 1 1 1 78.549 -12.554 -7.3662 -11.796 13.224 3.9867 8.8499 -4.2497 8.4009 1.9393 -5.4993 -3.8763 -3.1267 7.9737
1 1 1 1 78.611 -10.383 -7.9531 -11.157 7.0536 4.9287 9.8723 3.585 10.42 6.3894 -6.8484 -7.3981 -1.9455 4.0701
