1 1 1 1 78.023 -5.8563 0.0092234 6.0077 -6.7761 -1.2712 -11.8 -15.715 -2.0177 -0.55468 6.0352 3.0513 4.6404 6.6902
1 1 1 1 78.023 -5.8563 0.0092234 6.0077 -6.7761 -1.2712 -11.8 -15.715 -2.0177 -0.55468 6.0352 3.0513 4.6404 6.6902
1 1 1 1 78.023 -5.8563 0.0092234 6.0077 -6.7761 -1.2712 -11.8 -15.715 -2.0177 -0.55468 6.0352 3.0513 4.6404 6.6902
1 1 1 1 72.487 -6.5158 1.0083 3.8101 1.8815 2.9314 2.4695 0.5006 -1.7064 3.4641 2.3643 5.4045 -0.4601 -0.72774
1 1 1 1 72.403 -6.7314 1.0399 4.0363 2.2071 3.2831 2.8741 0.31365 -1.4494 3.8156 2.2338 4.9951 -1.1077 -0.92298
1 1 1 1 72.212 -7.241 1.1428 3.6234 4.087 1.7574 0.77675 -6.0836 0.81958 2.7353 3.5922 0.48458 1.5038 5.265
1 1 1 1 72.212 -7.241 1.1428 3.6234 4.087 1.7574 0.77675 -6.0836 0.81958 2.7353 3.5922 0.48458 1.5038 5.265
1 1 1 1 72.817 -6.5105 2.3408 2.1694 2.725 3.9784 1.9245 -3.2347 2.4672 2.2833 3.435 -0.77937 0.86001 -0.14526
1 1 1 1 72.241 -5.6829 0.62242 3.6064 1.3981 1.3477 2.7709 0.34182 -1.1297 3.2807 1.7103 -0.43055 0.44465 3.7355
1 1 1 1 72.208 -6.917 1.8287 1.4966 1.8164 2.2492 2.6279 -1.9283 0.072406 0.43503 -0.73888 1.7876 1.0505 -0.80634
1 1 1 1 72.399 -6.8401 -0.17393 3.1531 3.4927 1.3132 1.9485 -1.4571 3.0502 0.95641 3.8285 2.6978 0.41187 2.5569
1 1 1 1 72.398 -6.5353 2.5835 5.0818 3.51 2.025 0.84373 -1.6837 1.7838 1.808 -0.64594 -1.6572 1.6488 -0.62335
1 1 1 1 72.388 -6.2539 2.0934 4.2594 3.5744 4.5591 3.5212 -2.013 1.3115 1.5804 0.15698 -1.4221 1.8648 -0.2907
1 1 1 1 72.624 -5.5289 1.546 6.0399 1.8746 3.5049 2.3712 -2.4686 3.5768 2.6202 0.4904 -1.2349 -1.8897 1.5399
1 1 1 1 72.761 -5.5051 1.4363 5.411 1.0194 3.3562 2.3566 -3.8941 2.2853 2.9269 1.3128 -1.2145 -2.8675 1.5414
1 1 1 1 73.653 -6.9415 -0.67651 2.8413 3.5093 4.4057 2.3784 -0.10935 -0.19665 6.2288 1.111 -4.7881 0.51617 2.1824
1 1 1 1 76.525 -7.2009 2.5733 -1.82 0.21443 4.9193 3.8451 1.0752 5.1226 4.8617 2.3513 -4.853 -8.0814 -4.3781
1 1 1 1 77.66 -8.4136 2.2053 -3.5046 2.3841 4.1607 3.2345 1.9855 6.6374 3.9086 1.0037 -4.4328 -7.9418 -2.9001
1 1 1 1 77.818 -8.5843 2.1698 -3.7951 3.1613 3.8094 3.1382 2.5507 6.2245 3.4208 0.48606 -4.2955 -7.3175 -2.3211
1 1 1 1 77.818 -8.5843 2.1698 -3.7951 3.1613 3.8094 3.1382 2.5507 6.2245 3.4208 0.48606 -4.2955 -7.3175 -2.3211
1 1 1 1 77.818 -8.5843 2.1698 -3.7951 3.1613 3.8094 3.1382 2.5507 6.2245 3.4208 0.48606 -4.2955 -7.3175 -2.3211
1 1 1 1 77.807 -8.5839 2.2456 -3.8494 4.0171 3.4762 3.0955 3.0726 5.585 2.98 0.04352 -4.1558 -6.6203 -1.8234
1 1 1 1 77.621 -8.4293 2.4269 -3.7164 4.8048 3.0916 3.1619 3.4999 4.7771 2.7059 -0.29693 -4.1609 -6.1034 -1.5761
1 1 1 1 73.117 -6.2836 2.5656 4.4307 3.7237 1.9005 0.32049 -0.035365 -1.7671 0.1044 3.3584 -2.1249 -3.6 0.012557
1 1 1 1 73.728 -5.4606 1.3292 0.98516 4.9537 3.8905 3.9457 -2.1797 0.58035 4.8701 1.6931 1.2232 2.1341 2.033
1 1 1 1 73.74 -5.72 0.94245 0.19425 4.455 5.6329 3.8003 -1.3159 2.3038 3.2589 1.7875 1.3937 2.1654 0.88961
1 1 1 1 73.74 -5.72 0.94245 0.19425 4.455 5.6329 3.8003 -1.3159 2.3038 3.2589 1.7875 1.3937 2.1654 0.88961
1 1 1 1 73.633 -5.7312 0.86966 0.349 4.1798 6.1833 3.586 -1.1095 3.1466 2.7732 1.5493 1.2201 1.8994 -0.042335
1 1 1 1 73.124 -5.6584 1.5296 1.4871 4.5418 3.0953 0.83576 -2.268 0.56315 3.6606 3.0896 1.1869 -0.13923 -1.5211
1 1 1 1 73.276 -5.7836 0.57381 1.9255 4.3101 2.813 0.53428 -3.7377 0.88074 2.223 2.7413 0.93568 0.15704 -1.9497
1 1 1 1 73.596 -4.5184 2.1343 3.0699 4.4707 0.21015 1.3972 -1.64 -0.58501 -2.5157 -1.816 -3.7595 -3.0672 -1.1364
1 1 1 1 73.984 -4.5776 2.5247 3.7234 4.3744 2.7307 -0.29041 -2.0852 2.0133 0.50236 -1.3478 -2.1531 -0.83131 -3.1464
1 1 1 1 74.085 -4.4496 2.2237 4.2009 3.9385 3.0939 0.28476 -1.9662 2.4918 1.0825 0.11298 -2.4317 -1.4568 -3.9648
1 1 1 1 74.085 -4.4496 2.2237 4.2009 3.9385 3.0939 0.28476 -1.9662 2.4918 1.0825 0.11298 -2.4317 -1.4568 -3.9648
1 1 1 1 74.115 -4.3264 1.9564 4.3184 3.6663 2.7485 0.33716 -2.2759 2.4866 1.2116 0.66532 -2.5609 -1.7397 -4.1827
1 1 1 1 74.133 -4.6059 0.85519 3.3555 3.5562 -0.47178 -2.0173 -2.9483 1.292 1.9059 0.71024 -2.0135 1.2604 0.32419
1 1 1 1 75.658 -7.2926 2.6439 -0.8402 -2.0995 0.92446 2.1095 -0.33994 1.9973 4.1818 1.9468 1.211 -2.4334 0.1169
1 1 1 1 75.627 -7.1862 2.7892 -0.92083 -2.0267 0.93247 2.2305 -0.83043 1.8805 4.5899 1.9525 0.95584 -2.0257 0.601
1 1 1 1 75.627 -7.1862 2.7892 -0.92083 -2.0267 0.93247 2.2305 -0.83043 1.8805 4.5899 1.9525 0.95584 -2.0257 0.601
1 1 1 1 75.627 -7.1862 2.7892 -0.92083 -2.0267 0.93247 2.2305 -0.83043 1.8805 4.5899 1.9525 0.95584 -2.0257 0.601
1 1 1 1 79.377 -13.534 2.446 -6.9248 2.5374 3.3585 1.7079 6.8665 2.5961 -0.63496 -6.5718 0.78075 -1.957 -0.24318
1 1 1 1 79.377 -13.534 2.446 -6.9248 2.5374 3.3585 1.7079 6.8665 2.5961 -0.63496 -6.5718 0.78075 -1.957 -0.24318
1 1 1 1 79.371 -13.57 2.6084 -7.1382 3.2321 3.7262 2.2013 7.372 2.4869 -0.65239 -6.7131 0.57665 -1.5359 -0.12574
1 1 1 1 73.61 -5.1916 1.3968 1.6576 2.2515 2.7539 2.5595 -1.6745 2.1309 4.2862 1.4389 2.665 1.4647 2.2405
1 1 1 1 73.018 -6.4122 1.0275 3.7742 0.51246 4.2495 3.6682 -2.9873 1.8164 0.013335 2.3011 0.28447 -1.6029 -0.76262
1 1 1 1 72.517 -6.9623 1.4674 1.8992 1.6862 -0.39521 0.10839 2.4466 3.2313 2.9731 3.9556 -0.45572 1.7901 0.28434
1 1 1 1 72.705 -6.5836 1.3608 2.7068 2.9233 5.3763 6.0605 -0.11711 -2.5952 0.76725 3.7127 -0.18248 -1.9576 0.12218
1 1 1 1 73.339 -5.4042 -0.020016 3.6589 1.1624 2.735 2.5812 -3.2611 -2.4508 4.6408 5.563 3.7676 3.0989 0.16006
1 1 1 1 73.953 -5.1889 0.5775 4.4197 0.3041 -0.39742 1.0268 -5.9771 -1.6829 7.0134 7.412 4.1968 3.0986 3.319
1 1 1 1 73.937 -5.247 0.65002 4.5899 0.53655 -0.64403 0.69264 -6.068 -1.5462 7.5264 7.9662 4.545 2.579 3.1554
1 1 1 1 73.937 -5.247 0.65002 4.5899 0.53655 -0.64403 0.69264 -6.068 -1.5462 7.5264 7.9662 4.545 2.579 3.1554
1 1 1 1 73.267 -5.5361 0.89084 1.6335 2.2486 1.2445 0.42926 -0.74127 -0.14052 3.3287 1.826 -1.2196 -1.9208 2.0183
1 1 1 1 73.087 -5.5176 1.2354 3.3063 4.6338 2.6893 1.4006 -2.2673 1.239 -0.61716 0.63549 -1.4995 0.3162 2.4003
1 1 1 1 73.237 -5.4085 2.3009 2.978 -0.32496 1.7464 1.6074 -2.0171 2.6741 1.7857 -1.87 -0.19191 -1.4106 -2.2574
1 1 1 1 73.139 -5.0672 0.64095 2.2934 0.93201 1.6393 1.515 -0.44164 1.1794 0.15259 -0.4306 -0.84142 0.22662 -4.3903
1 1 1 1 73.56 -5.2793 0.99059 2.2993 2.1456 2.6356 2.8506 0.71863 0.47523 -1.2992 0.15712 -1.3544 -0.70445 -4.4118
1 1 1 1 73.625 -6.1642 0.51555 2.3488 1.9834 3.6215 3.0133 -2.1303 -0.49532 3.4133 2.3527 -0.051277 -1.6413 -1.7784
1 1 1 1 73.445 -6.0239 0.10037 2.1428 2.0122 3.8565 3.1773 -2.2403 0.68061 2.9652 3.4006 0.062502 -0.16864 -1.7826
1 1 1 1 73.354 -6.5017 -0.39058 1.1842 1.3737 2.1023 2.8479 -1.8002 0.36664 5.5584 5.1489 1.3836 0.77585 0.39198
1 1 1 1 76.932 -3.8085 3.103 1.7366 -4.3549 0.27124 -11.847 -6.9049 -4.8938 -3.645 2.1473 -0.79325 4.1683 4.1799
1 1 1 1 78.547 -1.1678 2.6037 -1.91 -5.9523 -1.4386 -11.57 -8.0373 -4.2648 -1.6181 3.674 0.8842 4.0314 5.5356
1 1 1 1 78.468 -0.97297 2.8624 -2.1769 -5.5974 -1.526 -10.812 -8.4915 -4.5274 -1.1571 4.0404 0.83579 3.5608 5.5646
1 1 1 1 78.468 -0.97297 2.8624 -2.1769 -5.5974 -1.526 -10.812 -8.4915 -4.5274 -1.1571 4.0404 0.83579 3.5608 5.5646
1 1 1 1 73.765 -5.1261 1.6647 3.9061 5.208 1.8544 2.9546 -3.013 -3.2742 -1.4886 3.7533 -0.83621 -2.904 -1.9652
1 1 1 1 73.741 -4.6638 0.7093 3.0912 5.3284 2.767 2.6725 -3.302 -4.5226 -1.5966 3.106 -1.4773 -3.8133 -3.7472
1 1 1 1 73.962 -6.0642 -0.11504 3.2127 -0.4792 -0.057318 2.666 -1.6137 0.5152 1.8017 0.094065 -0.59415 -1.1152 -1.2753
1 1 1 1 73.655 -6.3967 1.2021 2.8745 0.66713 0.063809 -1.6565 0.013272 -0.074539 2.6835 1.5628 0.63637 2.2866 3.1829
1 1 1 1 73.379 -6.2725 0.12632 2.0895 1.2344 -1.5904 -1.1513 -1.1162 -1.648 1.5102 1.7569 -1.0609 -1.1762 3.9626
1 1 1 1 73.58 -5.6975 -0.13888 2.1742 3.3053 1.4228 0.080076 -1.6349 2.5281 0.97083 2.7101 -1.6152 0.073737 0.050032
1 1 1 1 73.225 -5.9227 3.4882 2.0511 2.8838 2.5885 1.2029 0.42547 2.1809 5.2562 3.2046 3.926 1.6817 -0.12625
1 1 1 1 72.905 -6.407 -1.1282 4.6593 3.1684 4.8212 3.3533 -1.436 1.6979 2.3662 0.67255 -0.89935 -1.116 1.6058
1 1 1 1 72.816 -6.8526 -1.493 4.0571 2.1899 4.9158 3.1071 -1.2597 1.6779 1.5581 0.60545 -1.3018 -0.16364 1.7404
1 1 1 1 72.711 -6.5655 2.8956 2.6941 2.2753 5.6892 3.3345 -4.9103 0.34717 -2.1681 1.9421 -0.013265 -0.62834 0.020105
1 1 1 1 72.647 -6.0108 3.1308 6.0133 1.8774 2.4633 3.8019 1.0613 -1.9668 -1.9777 6.1046 -1.0927 -2.2611 -3.3261
1 1 1 1 72.895 -5.6494 3.0439 6.4794 3.2879 3.3217 3.0904 1.2753 -1.3847 -2.0488 4.4633 -2.4468 -1.0583 -2.9716
1 1 1 1 75.301 -7.8406 -0.022395 -2.2221 2.8754 8.2751 0.67331 -5.1503 -2.6417 2.4314 0.76871 2.8898 2.7865 1.3394
1 1 1 1 75.784 -7.4626 0.52375 -1.6663 2.6567 6.4263 -1.5726 -5.0077 -2.45 1.4415 2.2423 3.8871 2.0558 1.6835
1 1 1 1 76.12 -7.1775 0.90137 -0.56855 1.4934 3.429 -3.915 -5.8837 -2.8979 2.3962 3.8832 3.6078 1.7609 2.4685
1 1 1 1 81.161 -11.245 7.6241 -3.3098 -4.6047 -5.6436 -9.6185 -6.3211 -4.7565 2.4805 6.7974 2.857 2.3703 0.87327
1 1 1 1 81.108 -10.913 7.5594 -3.7322 -4.8257 -5.9183 -9.6389 -5.9196 -4.114 4.165 7.0815 3.1069 2.673 1.8332
1 1 1 1 78.444 -5.5025 4.7873 -1.7561 -12.276 -10.72 -8.7001 -11.684 -1.6851 2.0229 4.6788 2.7789 -2.2421 4.1536
1 1 1 1 81.409 -10.075 3.7479 -6.3829 -2.0663 -7.3674 -4.9037 -15.682 -3.0451 0.49997 6.0813 1.5356 3.3366 7.3335
1 1 1 1 80.872 -15.57 1.9635 -7.4876 2.4701 5.0009 -0.73545 -1.0356 5.0552 7.9221 6.9699 -5.09 0.83341 -5.9508
1 1 1 1 80.881 -15.451 2.2428 -6.9921 3.1777 4.6958 -1.06 -2.1052 4.5189 7.511 6.1868 -4.8434 1.4232 -6.2551
1 1 1 1 80.881 -15.451 2.2428 -6.9921 3.1777 4.6958 -1.06 -2.1052 4.5189 7.511 6.1868 -4.8434 1.4232 -6.2551
