1 0 1 1 73.362 -12.81 -6.4148 -15.154 -12.138 -7.3123 -10.965 18.617 7.9231 5.8286 -12.113 -7.3624 -8.9106 -0.692
1 0 1 1 74.45 -14.231 -7.2602 -19.398 -7.1398 -10.743 -7.2546 14.699 5.9102 1.6977 -13.371 -7.1219 -14.082 1.7033
1 0 1 1 74.889 -13.905 -5.3345 -19.095 -2.0136 -12.621 -6.5148 16.449 4.707 6.1926 -15.211 -4.1139 -10.326 0.51369
1 0 1 1 73.899 -14.428 -1.3873 -11.543 -11.19 -7.353 -11.706 14.719 7.1495 -4.7432 -13.209 -4.2606 -1.5444 -5.2519
1 0 1 1 75.331 -18.251 -2.819 -16.189 -5.565 -3.9961 -12.892 15.751 -4.6198 -6.9959 -8.2755 -0.95433 -10.281 1.5411
1 0 1 1 72.914 -15.346 -1.6515 -10.123 -9.3888 -1.397 -10.223 13.261 2.5298 -5.6938 -11.008 -3.0585 -3.604 -2.3686
1 0 1 1 74.631 -16.349 -3.7569 -9.4348 -5.3907 1.4609 -8.5835 15.511 -9.8262 -6.5146 -1.5963 -5.0489 -4.413 6.6686
1 0 1 1 76.676 -19.905 -5.0052 -13.688 2.65 -5.189 -6.8347 8.5454 -7.9511 -3.8231 -8.2619 -3.9081 -5.7245 6.2947
1 0 1 1 72.39 -15.123 -1.6408 -7.6658 -7.9207 0.014234 -8.7931 13.363 -2.3022 -9.0736 -10.579 0.095517 -7.4296 6.1576
1 0 1 1 73.79 -14.254 -3.0723 -14.483 -6.8115 -3.3234 -9.2054 11.399 -3.9666 -0.15602 -1.8956 -7.6527 -10.885 -3.3039
1 0 1 1 74.96 -14.002 -4.3231 -18.731 -0.23572 -13.391 -6.2494 14.245 5.3909 4.1217 -11.179 -7.4261 -10.727 2.6063
1 0 1 1 73.668 -15.127 -4.2169 -14.945 -8.8317 -1.0965 -3.0974 14.482 -2.3736 5.9528 -2.0354 -1.0297 -4.7236 1.9319
1 0 1 1 75.427 -13.096 -7.9247 -18.204 -0.97667 -7.7582 -5.8411 15.657 8.5498 4.4503 -18.664 -4.7899 -7.6518 6.5296
