0 1 3 2 57.814 -29.934 -0.78629 10.86 -11.829 -12.153 1.1117 -4.6388 -4.5986 -11.298 5.9534 -1.4246 -2.4808 6.2969
0 1 3 2 58.795 -30.447 -1.1972 6.8296 -13.453 -8.508 -2.595 -8.3127 0.64027 -1.937 6.5403 -7.052 -2.074 5.0741
0 1 3 2 58.882 -28.082 2.2357 8.3929 -8.6234 -3.0791 0.058984 -2.2587 -0.21688 -6.5354 5.3893 -3.6699 -1.1019 6.5419
0 1 3 2 58.837 -28.214 1.8631 8.9016 -9.0001 -3.674 0.31169 -2.2111 0.15175 -6.4545 5.9844 -3.4622 -1.5136 6.1669
0 1 3 2 57.078 -29.159 0.89197 5.8569 -12.725 -7.3999 1.008 -7.6167 -2.1459 -1.7353 3.8151 -2.5962 -1.1518 6.2592
0 1 3 2 57.394 -29.133 -0.20058 5.6118 -11.168 -6.5994 -0.24292 -8.5465 0.39599 0.59325 3.7136 -2.5218 -2.1044 6.5322
0 1 3 2 58.668 -30.464 -2.3786 6.9026 -14.299 -11.114 -4.5564 -11.281 -3.175 -1.8711 2.3275 -7.4478 1.1697 1.671
0 1 3 2 58.808 -28.878 0.49144 9.9202 -12.959 -6.738 -0.14359 -6.3091 -0.41701 -3.5071 4.8647 -4.4915 0.44868 2.4085
0 1 3 2 57.215 -29.478 1.3487 9.133 -13.706 -4.5639 2.6206 -3.7154 -5.4852 -3.0782 7.34 -4.9204 -1.5261 8.604
0 1 3 2 57.951 -29.163 -0.2349 9.3045 -12.579 -4.8631 3.3825 -4.4881 -7.0941 -4.5346 7.8243 -3.953 1.8911 8.116
0 1 3 2 57.18 -29.282 0.057851 5.1714 -17.57 -4.8959 -2.7847 -4.3755 -5.0211 -6.2367 3.9313 -6.4865 -2.4614 8.2547
0 1 3 2 58.371 -28.565 0.49609 9.3722 -14.058 -5.0883 0.15962 -2.2897 -3.525 -3.5468 5.248 -6.0232 -0.28398 7.9937
0 1 3 2 57.256 -27.816 4.0275 5.4621 -13.909 -5.2036 1.2628 -4.4384 -3.1066 -3.372 4.0697 -2.7292 -1.3143 13.505
0 1 3 2 58.26 -29.337 1.5432 6.1383 -13.082 -7.8647 1.091 -3.6654 -1.8505 -2.8518 2.856 -4.281 1.1482 8.4189
0 1 3 2 56.834 -30.512 1.0582 4.0261 -16.251 -6.8218 -1.127 -5.5713 -5.1828 -4.491 4.6141 -4.6894 -7.3153 10.847
0 1 3 2 57.041 -30.634 0.95647 5.108 -15.12 -5.9933 -0.10192 -5.1931 -4.3069 -3.9873 4.6854 -4.2048 -6.729 10.563
0 1 3 2 58.682 -29.02 -2.2052 4.0128 -10.832 -2.9132 -4.1539 -6.179 -2.6362 -3.5462 2.7487 -10.319 -2.2862 10.284
0 1 3 2 58.682 -29.02 -2.2052 4.0128 -10.832 -2.9132 -4.1539 -6.179 -2.6362 -3.5462 2.7487 -10.319 -2.2862 10.284
0 1 3 2 56.977 -29.274 0.14919 2.8684 -18.194 -5.3126 1.8193 -2.5772 -2.6901 -5.2609 3.1299 -7.1532 -3.8941 9.2415
0 1 3 2 57.707 -28.926 1.0507 5.2692 -16.399 -4.3524 3.623 -1.1333 -3.0857 -5.4126 3.3285 -7.3396 -2.8505 8.2852
0 1 3 2 57.536 -30.343 -0.81459 5.9831 -14.067 -4.9734 -5.7112 -5.8001 -1.2748 -0.64826 0.078013 -11.869 -0.96749 8.2694
0 1 3 2 58.624 -29.081 0.45446 8.5338 -9.7559 -2.0116 -2.0174 -3.7824 1.2168 2.3272 3.5321 -10.122 1.2925 8.4764
0 1 3 2 57.246 -30.269 1.0165 6.0495 -17.259 -5.4758 -1.6432 -5.8387 -4.2655 -4.0625 2.875 -4.3259 -1.0321 8.0395
0 1 3 2 58.603 -28.905 1.7797 8.5621 -13.945 -4.2911 0.42271 -2.6006 -1.158 -2.4704 4.4174 -2.6052 1.6847 8.3067
0 1 3 2 56.985 -28.408 3.0599 6.7104 -17.424 -6.6664 -0.9108 -6.0183 -3.0153 -0.1538 3.7264 -5.5846 -1.7291 10.491
0 1 3 2 57.792 -29.285 1.1288 7.533 -16.04 -9.1862 -0.61968 -7.263 2.1584 3.9575 2.6823 -4.6672 0.019482 10.215
0 1 3 2 58.168 -28.785 -0.79418 7.567 -14.579 -8.3467 1.6921 -7.9741 4.0665 3.6457 0.8519 -6.439 0.54169 9.6073
0 1 3 2 57.579 -28.552 0.39779 6.0778 -17.647 -6.3127 0.5411 -6.4811 -6.0182 -2.4849 6.0231 -6.1428 -2.7904 10.595
0 1 3 2 58.396 -29.368 2.7887 8.4244 -14.692 -7.1771 2.2854 -4.7114 -0.47584 -4.5589 6.9585 -9.155 -0.79199 8.1289
0 1 3 2 57.054 -29.024 -0.58117 3.8145 -16.527 -6.9899 -4.1164 -5.1367 -5.3735 -2.0661 5.0507 -8.2776 -3.3323 9.2027
0 1 3 2 57.444 -29.279 0.040206 5.802 -15.397 -7.9605 0.3071 -4.4344 -2.2388 -0.65649 5.7176 -8.762 -3.212 4.9242
0 1 3 2 57.444 -29.279 0.040206 5.802 -15.397 -7.9605 0.3071 -4.4344 -2.2388 -0.65649 5.7176 -8.762 -3.212 4.9242
0 1 3 2 57.408 -29.589 2.4317 8.3909 -15.557 -6.1125 2.7869 -3.0544 -1.8977 -5.2452 4.7111 -8.57 -0.95995 11.273
0 1 3 2 57.609 -30.297 1.4326 8.7348 -14.853 -7.5697 2.8769 -4.2221 -1.051 -6.241 2.3988 -10.182 -1.9682 9.1603
0 1 3 2 57.856 -29.891 1.6852 5.2526 -16.537 -6.9977 -0.098295 -4.482 -2.0014 -3.241 3.5574 -5.8748 -2.0254 7.1858
0 1 3 2 58.091 -30.023 1.3523 5.6662 -15.547 -6.6402 0.66739 -3.9114 -0.56569 -2.844 3.6231 -5.4376 -0.91032 7.8755
0 1 3 2 57.858 -31.048 1.0111 6.8251 -13.237 -9.6762 -1.935 -3.0042 -1.9153 -1.1076 6.827 -4.0347 -0.061813 8.3465
0 1 3 2 54.72 -26.69 1.0566 0.87905 -17.719 0.15586 -2.8179 -4.1267 -9.0305 0.81089 7.6413 -9.6681 1.2996 4.7562
0 1 3 2 57.612 -29.853 -0.88716 4.6631 -12.732 -7.3485 3.8086 -5.8202 1.5024 -9.3655 1.506 -5.3996 -2.5157 8.3086
0 1 3 2 58.203 -29.356 1.753 7.3192 -11.695 -6.2588 3.7406 -8.2916 2.2161 -8.7008 1.3361 -2.9828 1.3057 5.4406
0 1 3 2 57.196 -28.851 -1.1677 6.3017 -10.796 -7.006 7.641 -1.9355 -0.57922 -9.0447 7.9361 0.72669 -4.8803 5.4755
0 1 3 2 55.692 -28.971 -0.55778 2.1648 -15.993 -14.692 3.4553 -9.0097 -10.33 -11.048 6.9253 -3.7136 -6.7866 5.5559
0 1 3 2 56.652 -28.635 -0.06779 5.9173 -12.179 -11.372 5.8824 -7.8885 -2.3465 -8.0423 5.1661 -4.9788 -1.3964 6.8909
0 1 3 2 56.994 -28.908 -1.6717 5.8899 -10.637 -1.984 0.13825 -5.6039 3.2698 -7.3777 5.5998 -7.6492 -1.6636 6.0062
0 1 3 2 56.776 -28.529 0.90316 4.7868 -10.746 -6.2343 3.7696 -4.5119 -0.27416 -3.6438 3.8399 -5.8098 0.73766 5.1098
0 1 3 2 56.634 -28.975 -1.5823 4.4496 -10.489 -9.6318 2.4883 -12.136 -1.464 -5.8968 5.4379 -4.8622 -0.79196 9.0411
0 1 3 2 57.159 -28.379 0.88583 5.3405 -15.079 -12.978 1.3197 -10.564 -1.8614 -2.8126 4.6402 -6.821 -1.0223 7.8026
0 1 3 2 56.635 -27.735 -0.098001 3.6274 -14.749 -12.422 3.5097 -8.0568 -2.1286 -6.0605 5.471 -6.4231 -0.43913 5.7616
