0 0 3 1 82.463 -16.549 -3.6746 1.4793 -4.1172 -15.357 0.78506 4.4499 -1.4839 -4.0023 8.7757 4.5225 -10.854 -5.1793
0 0 3 1 82.756 -16.217 -3.5329 1.0007 -4.8136 -15.181 0.40272 3.4138 -2.0138 -4.0781 8.1232 3.2196 -13.542 -5.194
0 0 3 1 85.98 -15.035 -3.4998 1.5556 -0.64923 -9.33 0.33312 1.083 -0.10635 2.6297 10.247 0.78691 -15.788 -0.53744
0 0 3 1 86.164 -15.226 -3.615 1.4435 -0.067121 -9.4481 0.070318 1.256 0.045864 3.1531 10.678 1.212 -14.469 -0.54091
0 0 3 1 85.849 -15.651 -3.755 1.2799 1.1123 -9.7184 -0.6851 1.7218 0.11873 2.9454 10.701 1.7628 -11.863 -0.99035
0 0 3 1 82.817 -16.777 -4.3368 1.4773 -2.599 -12.595 1.4661 5.3509 -1.3227 -1.9079 10.673 4.5128 -8.4539 -4.5035
0 0 3 1 83.37 -15.85 -3.8005 1.2624 -3.6619 -12.132 1.9185 4.9555 -1.9842 -0.84132 11.324 4.8974 -11.612 -4.2274
0 0 3 1 85.934 -14.778 -3.446 0.29031 -2.6515 -9.7827 -0.92281 2.8069 -2.2181 2.1856 9.7411 0.60847 -17.014 -0.324
0 0 3 1 85.934 -14.778 -3.446 0.29031 -2.6515 -9.7827 -0.92281 2.8069 -2.2181 2.1856 9.7411 0.60847 -17.014 -0.324
0 0 3 1 85.934 -14.778 -3.446 0.29031 -2.6515 -9.7827 -0.92281 2.8069 -2.2181 2.1856 9.7411 0.60847 -17.014 -0.324
0 0 3 1 85.769 -15.556 -3.8807 -0.19705 -2.4856 -10.649 -1.4416 2.7042 -1.2102 3.661 9.3493 -0.18451 -15.178 0.16521
0 0 3 1 82.358 -17.214 -4.6617 2.2749 -1.0016 -14.058 -2.1833 3.2893 1.1668 4.45 12.903 4.2646 -10.902 -4.5734
0 0 3 1 85.35 -15.226 -5.6843 -0.45731 -1.1231 -8.6936 -0.45267 3.1382 1.6267 1.1694 8.8163 2.1704 -13.795 -1.9225
0 0 3 1 85.731 -15.019 -5.5548 -0.63053 -0.84521 -8.2063 -0.22037 3.2357 1.9971 1.4999 8.6573 1.7385 -13.799 -1.5629
0 0 3 1 86.007 -14.946 -5.3307 -0.77682 -0.903 -8.2058 -0.28168 3.1094 2.0746 1.9153 8.7937 1.1084 -13.608 -1.1514
0 0 3 1 86.214 -15.204 -4.9482 -0.96199 -1.2525 -8.7921 -0.69041 3.0664 2.4194 3.5663 9.3037 0.36366 -12.237 -0.79307
0 0 3 1 85.392 -16.038 -4.8061 -0.42547 -0.60248 -10.196 -1.0983 3.5813 2.5087 4.3646 9.3091 0.25294 -9.5729 -1.3129
0 0 3 1 81.725 -18.149 -4.4387 1.7461 0.38548 -13.825 0.11641 1.768 -0.16841 1.0273 8.3036 4.0065 -11.855 -3.8231
0 0 3 1 83.105 -16.688 -4.8041 0.69574 -0.71651 -11.716 0.22056 0.70816 -0.71014 0.53989 6.6088 1.2368 -15.454 -3.8061
0 0 3 1 84.857 -15.833 -3.8821 -0.15125 0.070823 -9.399 -0.69827 -0.30595 -2.0734 -0.69273 5.7666 -1.2395 -17.622 -4.6371
0 0 3 1 85.321 -15.85 -3.53 -0.46523 0.23446 -9.3318 -0.78556 -0.64669 -3.0632 -0.96224 6.7473 -0.86523 -16.127 -5.4767
0 0 3 1 85.171 -15.984 -3.298 -0.62585 0.5923 -9.8722 -1.3048 -0.57864 -3.7807 -0.75799 7.4968 -0.21236 -13.344 -5.9308
0 0 3 1 82.926 -15.909 -3.3838 2.5358 -0.99251 -13.478 0.68086 -0.2938 -1.673 -0.93032 9.6778 3.1063 -12.038 -6.7914
0 0 3 1 85.728 -13.218 -4.0459 0.60503 -2.2689 -10.771 1.6942 0.42619 -1.8886 3.5527 8.6384 0.88524 -14.118 -4.9512
0 0 3 1 86.587 -13.716 -4.6872 -0.19105 -1.8099 -11.026 0.92066 1.8959 -0.54913 4.5316 8.5123 0.6635 -11.987 -2.8329
0 0 3 1 86.587 -13.716 -4.6872 -0.19105 -1.8099 -11.026 0.92066 1.8959 -0.54913 4.5316 8.5123 0.6635 -11.987 -2.8329
0 0 3 1 84.88 -14.597 -5.081 0.83838 -0.88962 -11.59 0.90908 2.2715 -0.94276 0.62113 10.312 4.5447 -8.5822 -5.5192
0 0 3 1 84.88 -14.597 -5.081 0.83838 -0.88962 -11.59 0.90908 2.2715 -0.94276 0.62113 10.312 4.5447 -8.5822 -5.5192
0 0 3 1 86.249 -13.763 -5.3648 -1.7404 -2.5569 -10.588 0.00032139 5.0163 2.2145 2.2821 10.053 2.3709 -12.804 -2.1024
0 0 3 1 86.249 -13.763 -5.3648 -1.7404 -2.5569 -10.588 0.00032139 5.0163 2.2145 2.2821 10.053 2.3709 -12.804 -2.1024
0 0 3 1 86.249 -13.763 -5.3648 -1.7404 -2.5569 -10.588 0.00032139 5.0163 2.2145 2.2821 10.053 2.3709 -12.804 -2.1024
0 0 3 1 86.057 -15.214 -5.0154 -2.4188 1.0098 -9.7776 1.5887 6.17 2.938 4.3632 10.218 -0.63546 -12.55 -1.6981
0 0 3 1 84.89 -15.255 0.021813 2.5957 2.3395 -6.3584 -0.51672 0.65644 0.16347 1.1179 8.6202 1.7233 -8.8315 -1.5929
0 0 3 1 85.314 -14.675 0.53087 2.8145 2.2817 -6.1732 -0.6639 1.0561 -0.55567 1.4319 8.1264 0.85926 -9.5858 -1.1339
0 0 3 1 86.833 -13.249 -0.50335 2.4787 2.4395 -5.7137 -0.57208 0.58701 -1.7244 0.47722 3.3339 -0.43582 -11.457 -1.5011
0 0 3 1 87.379 -13.171 -1.6725 0.70839 2.5048 -6.1101 -0.31998 -0.57164 -1.9174 -0.7534 1.9159 -1.411 -10.609 -1.8768
0 0 3 1 87.379 -13.171 -1.6725 0.70839 2.5048 -6.1101 -0.31998 -0.57164 -1.9174 -0.7534 1.9159 -1.411 -10.609 -1.8768
0 0 3 1 87.57 -13.329 -2.2912 -0.86456 3.0282 -6.3138 -0.035151 -0.63156 -2.1936 -1.692 1.8282 -1.6811 -8.4553 -1.5148
0 0 3 1 85.603 -15.482 -1.3416 2.1157 -0.42042 -6.5653 -0.74401 1.0094 -1.946 -0.34162 5.4854 3.4144 -7.0908 -1.8496
0 0 3 1 85.935 -15.244 -1.4694 2.1865 -0.50481 -5.7287 -1.0574 0.9242 -1.667 -0.93465 5.36 3.3939 -8.3196 -1.7595
0 0 3 1 86.228 -14.804 -1.8508 2.2264 -0.40348 -3.8241 -1.4457 0.45674 -1.9059 -2.128 4.3393 2.8943 -10.773 -1.808
0 0 3 1 86.228 -14.804 -1.8508 2.2264 -0.40348 -3.8241 -1.4457 0.45674 -1.9059 -2.128 4.3393 2.8943 -10.773 -1.808
0 0 3 1 86.605 -15.061 -2.2746 -1.8678 3.4455 -7.117 0.28628 2.1711 0.13967 -1.5494 9.0994 -2.4351 -11.764 -2.4801
0 0 3 1 85.451 -14.724 -0.72476 2.612 0.40794 -7.0503 -0.12319 0.60529 -3.2017 0.96312 5.4054 4.2455 -9.9486 -3.6491
0 0 3 1 86.074 -14.555 -0.42117 2.3054 -0.13684 -3.7991 1.2577 2.1606 -0.92896 1.2679 5.7064 2.6618 -12.283 -2.0603
0 0 3 1 86.41 -14.375 -0.70876 1.2849 0.6326 -1.941 1.4214 1.9678 0.15962 0.24136 5.354 0.79451 -13.021 -1.5599
0 0 3 1 87.501 -13.858 -2.2639 -2.2221 4.0618 -4.8904 3.2566 1.5491 -1.3961 -3.2811 8.202 0.28638 -10.097 0.81753
0 0 3 1 85.232 -15.472 -2.8725 0.74753 -0.57914 -7.1763 2.0581 3.5851 0.19624 0.29073 7.6436 1.8724 -10.539 -3.0144
0 0 3 1 86.651 -14.212 -1.3265 0.54076 -0.46463 -6.0961 1.4766 3.7645 0.65438 -2.3507 5.4005 2.5544 -7.7384 -0.49513
0 0 3 1 86.932 -14.001 -1.0709 0.579 -0.15078 -6.1415 1.3654 3.4081 0.37774 -3.2507 4.3936 2.8413 -6.7849 -0.027389
0 0 3 1 87.867 -13.798 -2.0775 -0.79847 4.1511 -7.0942 0.72333 2.4398 -1.2768 -3.0968 3.4155 1.3242 -7.4744 -0.61757
0 0 3 1 85.541 -14.636 -1.6832 1.8887 -1.6022 -8.1459 0.46409 1.713 -1.6282 -0.46313 5.6462 4.5263 -6.251 -1.4922
0 0 3 1 86.601 -13.791 -1.651 1.1838 -1.584 -3.7872 -1.9633 -2.8629 -1.2473 -1.4429 4.3064 0.51287 -11.881 0.069008
0 0 3 1 86.829 -13.768 -1.3313 0.93005 0.37403 -3.7624 -2.5389 -3.9702 -1.3045 -0.29185 4.7652 -0.85594 -11.189 0.13524
0 0 3 1 86.758 -14.17 -1.7433 -0.68142 4.8568 -7.0307 -2.3744 -2.6449 -1.5916 1.609 5.7725 -1.9585 -7.779 -0.69986
0 0 3 1 85.016 -15.739 -1.1102 2.8604 0.81458 -5.9553 2.1991 0.86715 -0.068039 0.15471 6.7729 4.1093 -8.447 -1.0552
0 0 3 1 86.203 -14.345 -0.079714 3.0234 0.74749 -3.2996 1.5958 2.0051 0.58823 0.59437 5.8101 2.0983 -11.147 -0.43593
0 0 3 1 86.203 -14.345 -0.079714 3.0234 0.74749 -3.2996 1.5958 2.0051 0.58823 0.59437 5.8101 2.0983 -11.147 -0.43593
0 0 3 1 86.367 -13.958 0.2093 2.9673 0.7659 -2.9153 1.2986 1.8953 1.0142 0.93939 5.6114 1.2182 -11.654 -0.33022
0 0 3 1 86.707 -13.657 -0.47029 1.2024 3.5516 -3.4845 0.2856 -1.0085 0.28976 3.9144 7.0998 -0.89828 -13.563 -2.1853
0 0 3 1 85.742 -14.557 -2.5218 -2.1528 3.7504 -8.3976 -2.2209 0.63821 -1.9747 1.5406 9.6428 -1.6179 -11.337 -2.7309
0 0 3 1 85.151 -16.476 -2.2208 2.108 -0.20769 -5.4277 1.2922 1.6135 2.482 -0.21047 6.9236 1.9747 -10.34 -1.3679
0 0 3 1 86.396 -15.703 -1.5061 1.5669 -0.56667 -1.8457 0.26286 1.3484 -0.085481 -3.5496 3.7485 -0.15323 -12.469 -1.2844
0 0 3 1 86.629 -15.592 -1.5179 1.3239 -0.045351 -1.1577 -0.10808 0.66454 -0.83619 -4.0852 2.8444 -0.59078 -12.569 -1.4688
0 0 3 1 87.592 -15 -2.0492 -0.67284 3.6426 -6.8592 0.33533 3.2763 -0.22481 0.74556 4.3917 -0.92135 -8.6028 -0.74524
0 0 3 1 84.97 -15.839 -2.0208 1.7046 0.045065 -6.0245 3.3263 5.2872 0.37178 -1.6868 4.82 1.0984 -9.2982 -1.8355
0 0 3 1 85.977 -14.674 -0.33167 2.6156 -1.5915 -4.2856 1.4985 1.8016 -2.6826 -1.5955 6.6319 -0.60249 -13.118 -0.49781
0 0 3 1 86.57 -14.259 -0.42352 2.5037 -0.32374 -3.8762 -0.14981 -1.9119 -4.3071 -0.11955 7.2558 -0.64394 -12.97 -0.61157
0 0 3 1 87.281 -14.37 -1.4307 -0.26703 3.0653 -6.0086 0.60401 -0.73238 -2.0965 1.7105 7.8723 0.07764 -9.4642 -2.0366
0 0 3 1 85.261 -15.474 -1.5898 1.4739 -0.88651 -7.4283 1.2582 1.4705 -0.46023 -0.77356 7.0315 4.1689 -7.2449 -0.66463
0 0 3 1 86.799 -14.442 -1.3138 0.37404 -1.0478 -4.7244 -0.34184 1.0899 -0.41119 0.14018 6.5852 1.5157 -7.7833 1.8774
0 0 3 1 87.209 -14.246 -1.5345 0.25573 0.16095 -3.9277 -0.57042 0.72436 0.68735 1.8267 6.0541 -0.39318 -9.5312 1.0291
0 0 3 1 87.259 -14.91 -1.9357 0.13551 3.3532 -3.3882 -0.47767 1.0868 2.1324 4.1401 6.5157 -2.7627 -11.922 -1.0598
0 0 3 1 85.892 -15.896 -3.2276 -1.8124 6.6336 -4.9152 0.33496 2.3281 2.1474 1.377 6.7674 -4.2064 -10.167 0.29524
0 0 3 1 84.734 -15.66 -1.3363 4.5946 0.93811 -8.3462 0.82975 1.7576 1.7267 -1.7945 5.3374 2.1698 -7.5116 -1.8701
0 0 3 1 85.774 -15.316 -0.7794 4.4568 -0.88047 -6.4406 -1.3699 0.87363 1.1027 -1.2007 4.3912 0.93729 -11.101 -1.6164
0 0 3 1 85.923 -15.078 -0.62062 4.2618 -1.1573 -5.847 -1.8481 0.6444 0.59644 -0.81137 4.2834 0.90438 -12.322 -1.7922
0 0 3 1 86.888 -13.771 -2.1978 -2.4064 3.0958 -6.3574 4.0052 3.0419 -0.7429 -1.0105 9.652 0.82713 -8.9488 0.079139
0 0 3 1 85.738 -15.514 -2.1158 2.2891 -0.74339 -6.7809 0.31659 2.4677 2.0262 -4.443 3.691 2.3879 -7.7877 -2.7709
0 0 3 1 86.082 -15.358 -2.174 1.5948 -1.4996 -5.7853 0.73561 3.462 2.7739 -4.4642 3.0764 1.6085 -9.542 -2.4635
0 0 3 1 86.082 -15.358 -2.174 1.5948 -1.4996 -5.7853 0.73561 3.462 2.7739 -4.4642 3.0764 1.6085 -9.542 -2.4635
0 0 3 1 86.126 -15.146 -1.9598 1.3813 -1.7855 -5.2715 0.66098 3.6185 2.4073 -4.3571 2.6411 1.0472 -10.501 -2.1869
0 0 3 1 87 -13.892 -0.61742 -1.0925 1.5313 -4.2518 1.3638 0.012213 -0.48766 2.8539 8.9635 0.24117 -11.41 -0.45312
0 0 3 1 86.34 -13.957 -1.458 -2.5969 5.4946 -7.2555 0.8891 0.10673 -0.88647 1.5578 10.54 -0.77446 -7.4822 -2.3597
0 0 3 1 86.217 -14.585 -2.6111 1.2677 -2.6667 -6.9459 0.14079 0.18169 -2.7509 -1.9174 3.529 2.1392 -5.9841 -1.2651
0 0 3 1 86.422 -14.483 -2.842 0.78855 -2.7543 -6.5431 -0.90433 -0.27222 -3.0629 -2.644 1.4969 0.30094 -7.5812 -1.4474
0 0 3 1 86.411 -14.441 -2.8272 0.5852 -2.5769 -6.5499 -1.1175 -0.54838 -3.2258 -3.0034 0.76903 -0.77366 -8.6403 -1.8403
0 0 3 1 86.405 -14.36 -2.6483 0.51288 -2.0083 -6.3605 -0.9356 -0.72105 -3.3554 -3.2241 0.49979 -1.6075 -9.5847 -2.4708
0 0 3 1 87.06 -13.944 -2.5345 -0.93095 3.1855 -6.6945 0.55292 1.61 -1.1025 -0.48834 4.4779 -3.1694 -9.9418 -6.168
