1 0 3 1 58.055 -28.293 -4.9005 13.438 -13.483 -4.4105 3.9549 -3.4254 3.9494 -1.4934 7.7547 -5.6656 -2.5448 5.2488
1 0 3 1 57.875 -28.895 -5.4731 12.98 -14.069 -5.1847 3.2562 -3.6454 3.3794 -1.7677 6.7425 -5.6608 -2.5669 5.4975
1 0 3 1 57.213 -28.804 -5.1655 9.2234 -14.838 -9.0056 -0.70593 -6.38 -2.9146 -7.5001 4.9962 -4.7605 -1.3808 8.4213
1 0 3 1 58.094 -27.521 -4.0041 12.415 -12.051 -6.5521 -0.28557 -2.3807 2.485 -6.1204 3.9731 -4.193 1.0574 7.7627
1 0 3 1 58.207 -23.943 -2.1134 14.283 -10.549 -10.886 9.4348 -5.3643 -0.20515 -2.9978 9.3311 -6.6052 -1.4195 6.1012
1 0 3 1 57.595 -26.755 -4.4 11.502 -13.503 -10.13 1.6929 -7.7071 0.58234 -6.0562 3.4349 -8.2555 -1.7828 9.6247
1 0 3 1 58.479 -27.657 -3.2196 14.277 -12.757 -7.2559 5.0639 -3.5313 -1.6835 -0.17029 5.2198 -6.9383 1.9823 5.8368
1 0 3 1 58.425 -28.206 -4.8953 13.335 -13.296 -7.7626 2.1474 -4.8237 -0.57683 -1.6658 3.1941 -8.9565 2.9951 6.916
1 0 3 1 57.569 -29.694 -4.4441 11.668 -16.571 -9.2524 2.6714 -3.71 -4.8947 -3.4279 9.93 -8.9325 -5.0555 8.0225
1 0 3 1 57.735 -29.862 -3.6652 13.597 -14.816 -11.172 1.4156 -4.3589 -1.9127 -2.8437 8.5457 -9.5664 -1.9143 8.5002
1 0 3 1 57.564 -29.955 -5.4473 7.5926 -19.028 -7.6832 -2.6762 -7.9278 -3.4127 -0.70607 5.6482 -11.016 -3.4175 9.201
1 0 3 1 58.576 -28.194 -4.0543 11.264 -15.518 -5.5019 1.677 -6.4249 -1.888 -1.2144 5.8702 -7.0576 0.66504 8.4623
1 0 3 1 58.932 -26.264 -7.4373 5.7263 -14.362 -5.9382 -3.0144 -1.7539 3.2761 0.95312 -0.62451 -10.404 -2.3043 15.735
1 0 3 1 58.108 -28.164 -2.8824 10.291 -17.798 -6.7223 3.2994 -4.0457 -3.8161 -2.3681 7.5258 -7.1869 -4.9829 9.2145
1 0 3 1 57.996 -28.799 -3.3866 10.218 -18.204 -7.6029 2.1947 -4.8887 -4.5538 -2.7826 6.4988 -7.8561 -5.3584 8.4925
1 0 3 1 57.799 -27.117 -3.2506 11.647 -16.547 -6.4132 -0.38036 -2.9529 -6.0391 -3.8302 4.535 -9.0608 0.9369 12.371
1 0 3 1 57.85 -27.884 -5.3277 11.376 -17.117 -8.8058 -0.2733 -3.8096 -4.8275 -3.4507 1.9657 -12.525 -0.10409 10.116
1 0 3 1 57.495 -27.771 -1.5298 13.079 -17.003 -7.9947 2.1893 -3.1133 -4.7251 -5.1027 8.5356 -7.3774 1.0516 11.644
1 0 3 1 58.037 -26.994 -1.0346 14.394 -14.992 -5.831 3.5189 -2.2329 -3.7864 -3.953 9.5193 -7.1191 1.0524 10.9
1 0 3 1 57.478 -27.28 -3.2596 12.562 -17.696 -6.3196 0.97036 -6.0962 -5.9847 -3.0917 12.351 -9.0029 1.9924 11.814
1 0 3 1 57.725 -27.378 -3.4041 13.42 -16.178 -7.0954 0.81907 -5.8953 -3.375 -2.5702 11.268 -9.5523 2.5237 10.684
1 0 3 1 57.253 -28.338 -4.5879 10.445 -19.09 -6.7426 -0.088416 -5.0292 -7.2105 -4.1714 6.5994 -6.7388 -0.64614 8.512
1 0 3 1 57.32 -28.449 -5.3505 12.344 -17.332 -6.467 0.57248 -2.0237 -4.4136 -1.7312 7.0797 -7.731 0.24535 7.7855
1 0 3 1 57.646 -28.578 -3.6008 10.73 -17.731 -8.0125 4.3974 -8.2416 -6.1056 -2.9522 4.8612 -5.1205 1.4135 9.2813
1 0 3 1 58.075 -27.974 -3.4952 14.121 -14.433 -8.2489 5.551 -8.1918 -2.2048 -1.7922 3.3365 -6.5053 2.1538 8.8947
1 0 3 1 57.128 -28.848 -3.1983 12.104 -17.617 -10.757 3.9403 -3.3737 -1.4034 -2.1961 6.0724 -10.009 -1.8656 9.2302
1 0 3 1 57.052 -29.424 -5.2567 11.831 -19.39 -13.477 2.0338 -6.3742 -3.75 -4.4023 4.3412 -10.495 -0.79876 8.5681
1 0 3 1 58.764 -28.325 -0.32501 11.857 -15.993 -6.7263 4.2535 -2.8478 -0.34299 -2.6297 7.808 -9.309 0.81003 8.5406
1 0 3 1 58.393 -29.551 -1.8473 11.307 -17.457 -9.0789 2.3102 -5.2637 -1.3748 -4.4107 7.3158 -10.101 0.8968 7.7471
1 0 3 1 57.493 -27.317 -1.494 6.1276 -14.727 -3.3416 1.2083 -2.5534 -4.5085 -4.4169 4.3469 -7.0965 -0.66085 9.1459
1 0 3 1 57.538 -28.807 -0.23219 5.9132 -16.852 -6.3092 -2.2218 -5.5802 -4.0776 -5.4672 4.5067 -12.104 -4.7786 7.6118
1 0 3 1 57.971 -28.334 2.4617 7.1958 -15.996 -5.7072 2.7098 -6.4416 -2.0871 -6.108 9.4896 -7.7091 0.80008 9.0707
1 0 3 1 57.872 -29.149 2.9965 8.204 -11.703 -3.6924 2.2142 -3.1333 -0.89647 -5.6862 5.8534 -6.7443 -3.9794 6.3433
1 0 3 1 57.121 -31.781 0.19611 5.5751 -14.1 -6.4762 1.3348 -0.76188 -3.348 -5.5014 7.2882 -8.9578 -3.7791 7.8748
1 0 3 1 54.228 -26.654 0.37725 5.0934 -19.562 -4.08 -3.6278 -3.3103 -10.577 -5.8517 3.9957 -10.387 0.24373 4.6574
