1 1 3 1 58.306 -27.774 -4.7635 14.031 -11.826 -13.905 2.6899 -0.66774 -7.2118 -3.4992 -0.33882 -5.1237 -1.2951 4.2775
1 1 3 1 58.504 -27.751 -6.0559 13.527 -11.674 -14.94 2.4191 -0.72817 -5.7388 -5.5052 0.44024 -5.3737 -1.2096 4.1057
1 1 3 1 58.251 -27.498 -4.0316 14.617 -11.384 -13.093 3.4417 0.047036 -7.089 -2.4862 0.56763 -4.3574 -1.2501 4.2019
1 1 3 1 58.368 -28.09 -6.8787 12.635 -12.427 -15.779 1.4765 -1.7829 -6.5306 -6.4797 0.0032604 -6.0759 -1.8943 3.599
1 1 3 1 60.087 -25.417 -8.7325 13.114 -7.8766 -6.7691 -1.593 -1.7617 -6.9827 -2.2569 6.7383 -6.2171 -3.2967 4.1747
1 1 3 1 58.459 -27.898 -9.2357 11.813 -12.95 -13.872 -1.005 -5.4141 -9.6821 -4.6785 3.2384 -5.1289 -3.6364 4.2543
1 1 3 1 56.992 -27.1 -6.5107 14.288 -9.2554 -13.47 2.8181 -1.9861 -6.4877 -10.301 10.839 -4.0828 -6.5553 7.4523
1 1 3 1 57.379 -26.644 -7.6855 14.232 -6.941 -14.811 5.1098 -1.8471 -8.2057 -8.0952 3.4986 -3.0273 -4.5664 4.3723
1 1 3 1 58.679 -27.921 -7.3804 12.152 -10.143 -15.816 -1.8204 -6.8582 -8.7193 -2.4719 6.0847 -8.2858 -1.784 5.3729
1 1 3 1 59.083 -27.094 -6.6846 13.166 -8.4204 -13.666 0.037382 -4.5143 -6.8192 -0.75131 7.3932 -7.2039 -0.70857 6.4914
1 1 3 1 57.583 -29.052 -6.8351 11.835 -11.649 -12.514 -1.2132 -2.0817 -5.6014 -8.727 2.8376 -7.133 -1.4471 7.3967
1 1 3 1 58.038 -28.579 -8.3949 13.747 -9.7745 -14.628 -3.0559 -3.1559 -3.7845 -7.6055 2.2837 -7.3726 -1.4339 6.8456
1 1 3 1 57.19 -28.21 -6.9657 12.361 -15.208 -16.075 3.2007 -0.55517 -8.4625 -3.0767 1.0202 -1.9696 -0.4709 7.938
1 1 3 1 57.581 -27.43 -6.0891 14.015 -12.672 -14.798 3.4409 -0.62199 -8.371 -1.1523 0.19732 -1.7234 0.0127 8.2914
1 1 3 1 58.969 -27.679 -7.6949 13.953 -8.8366 -10.056 3.7525 -3.2565 -6.4876 -2.7191 2.1042 -5.303 0.52701 4.5055
1 1 3 1 59.807 -26.277 -6.6349 15.315 -6.4382 -8.5927 4.7308 -1.5058 -4.3235 -1.512 3.2678 -4.8547 0.6624 4.9987
1 1 3 1 58.219 -28.299 -4.5866 11.733 -13.854 -10.547 0.25795 0.006926 -11.092 -9.0261 8.1899 -5.8263 -4.1588 8.8342
1 1 3 1 57.519 -28.613 -6.5527 13.764 -12.121 -18.233 1.1918 -6.4824 -12.637 -8.3611 2.6975 -6.0646 -3.0618 4.785
1 1 3 1 57.942 -26.57 -3.2686 11.472 -15.15 -6.2912 -4.8354 -0.1001 -6.0163 -5.0457 4.2679 -6.4101 -4.3027 9.7806
1 1 3 1 57.535 -27.541 -6.2638 12.813 -11.817 -10.658 -1.6112 0.56753 -4.046 -4.6642 0.66739 -6.33 -1.0448 8.5198
1 1 3 1 57.95 -27.9 -5.4431 7.4051 -14.862 -6.1436 -5.3967 -0.61675 -2.1632 -4.381 7.9862 -4.4602 -3.819 7.7714
1 1 3 1 57.474 -29.06 -4.5762 9.4106 -14.171 -7.4623 -1.8225 1.6321 -7.1458 -5.7193 9.2521 -6.0434 -8.6556 9.9541
1 1 3 1 57.315 -26.706 -4.4075 11.269 -13.477 -10.277 -1.2532 -2.1247 -10.885 0.0020438 7.1499 -2.7661 -2.3866 8.6724
1 1 3 1 57.452 -27.693 -6.1482 11.797 -12.515 -11.563 0.90832 -0.41338 -7.5426 1.6561 6.5153 -1.3992 -3.705 6.4054
1 1 3 1 57.039 -27.983 -3.439 9.8975 -14.463 -7.0393 0.32378 0.62737 -7.4697 -4.261 3.2789 -3.5464 -5.3878 9.7008
1 1 3 1 56.251 -26.008 -4.2029 8.9681 -12.887 -12.61 -2.7145 -1.1566 -9.0149 -1.9676 6.161 -2.9269 -2.5851 9.221
1 1 3 1 57.04 -27.745 -8.4666 8.8824 -11.777 -16.805 0.18691 -2.9062 -8.9939 0.068745 0.50326 -4.8617 -2.5972 3.1274
1 1 3 1 57.393 -26.685 -3.2135 9.6521 -15.308 -8.3927 -1.3644 -1.6613 -7.4465 -4.0973 0.20693 -6.2925 -3.5118 10.98
1 1 3 1 56.717 -24.145 -3.4427 10.59 -12.657 -8.8137 0.95871 0.46564 -9.1983 -4.5637 4.3613 -7.3062 -7.6577 7.2234
1 1 3 1 57.735 -26.599 -5.0714 12.785 -12.607 -14.393 3.379 -3.1046 -8.647 -1.9813 2.7224 -2.8964 -3.2397 5.2658
1 1 3 1 57.931 -27.25 -5.6655 12.435 -14.773 -9.6864 4.1844 -2.6635 -10.925 -5.9123 3.7478 -9.1014 -4.1091 5.688
1 1 3 1 58.854 -24.862 -3.6456 16.821 -11.169 -8.3751 7.9413 0.76738 -5.359 -0.07733 6.5446 -6.5835 -3.663 7.9061
1 1 3 1 57.169 -27.655 -5.872 9.0136 -16.688 -15.482 4.2585 -5.989 -8.3835 -5.7369 3.9444 -11.032 -4.4902 5.8773
1 1 3 1 58.053 -27.737 -6.39 10.751 -14.581 -15.692 5.3093 -5.5703 -4.4911 -4.6836 6.5916 -7.9884 -2.6575 4.9253
1 1 3 1 58.053 -27.737 -6.39 10.751 -14.581 -15.692 5.3093 -5.5703 -4.4911 -4.6836 6.5916 -7.9884 -2.6575 4.9253
1 1 3 1 60.318 -21.592 -8.0331 0.58785 -18.793 -3.5629 11.81 -2.6883 -13.578 -13.774 4.8081 -11.885 0.91988 11.843
1 1 3 1 60.292 -22.627 -9.3549 1.6802 -18.285 -7.2204 14.576 2.132 -9.3954 -12.668 4.0322 -5.8813 0.80991 10.859
1 1 3 1 56.118 -28.184 -6.2529 10.79 -19.647 -11.031 2.4385 -8.3218 -10.13 -4.4686 3.7881 -11.547 -0.18247 10.333
1 1 3 1 57.107 -27.75 -5.6077 12.934 -16.489 -13.234 5.3066 -6.3933 -1.8001 -0.97996 2.2817 -10.066 0.74865 9.231
1 1 3 1 57.408 -27.342 -5.0768 12.676 -15.603 -9.1199 9.2621 -7.4513 -1.1501 -4.7763 8.0512 -9.65 -2.2708 7.6006
1 1 3 1 57.408 -27.342 -5.0768 12.676 -15.603 -9.1199 9.2621 -7.4513 -1.1501 -4.7763 8.0512 -9.65 -2.2708 7.6006
