0 1 3 1 58.067 -28.753 0.75307 4.9108 -17.533 -7.6624 3.1772 -6.7413 2.4139 -3.8691 6.2536 -4.2157 -1.6637 9.0708
0 1 3 1 57.308 -28.154 2.9741 8.0116 -12.454 -7.3445 3.1585 -6.94 -0.11975 -6.3027 6.8591 -6.5908 -1.203 6.8371
0 1 3 1 58.097 -27.506 1.6145 9.504 -11.13 -5.717 4.4191 -6.2932 -0.0061906 -5.076 4.5545 -5.4951 0.019326 4.2497
0 1 3 1 57.337 -29.144 -0.63634 9.4996 -15.408 -12.133 0.55037 -8.0829 2.0555 -5.5074 5.596 -1.9675 -1.5492 8.6233
0 1 3 1 58.242 -29.679 -1.0049 6.7247 -16.093 -7.5771 -1.3472 -7.9308 -0.74068 -8.7939 5.045 -6.3406 0.091792 6.4272
0 1 3 1 57.411 -29.873 0.18307 6.5012 -13.285 -9.2223 -3.335 -3.5706 2.7809 -8.4198 3.0651 -6.8507 -5.0652 4.7191
0 1 3 1 63.069 -33.727 -2.7155 8.787 -9.8358 -7.0334 -4.6213 -3.568 0.61978 -7.5344 -2.8106 -3.3921 4.158 -4.121
0 1 3 1 63.682 -31.934 -0.9547 10.936 -7.5432 -3.4563 -1.3736 -1.3708 2.7167 -5.0861 -0.42094 -1.6302 5.4004 -3.5666
0 1 3 1 58.745 -28.434 2.34 11.482 -11.387 -4.6463 3.0429 -4.5125 0.50508 -3.0361 4.9749 -3.3124 1.5248 5.2744
0 1 3 1 61.881 -35.146 -0.63086 8.3033 -14.301 -12.29 -4.679 -4.4213 -1.0559 -5.7048 1.3331 -6.2316 2.2483 -6.7068
0 1 3 1 57.771 -28.123 1.6974 8.7902 -14.711 -3.5837 4.9678 0.54455 -3.747 -5.4816 6.8131 -4.6068 -3.5736 8.8859
0 1 3 1 64.16 -32.598 -3.7479 5.3062 -12.578 -7.4227 -0.82357 -9.9773 -4.0294 -2.9978 0.1449 -5.3969 3.4472 -6.0633
0 1 3 1 64.16 -32.598 -3.7479 5.3062 -12.578 -7.4227 -0.82357 -9.9773 -4.0294 -2.9978 0.1449 -5.3969 3.4472 -6.0633
0 1 3 1 62.096 -30.818 -3.026 7.8924 -6.6804 -2.7502 3.8579 -4.2302 -2.191 -2.6935 9.5402 -7.6894 0.50521 2.2434
0 1 3 1 63.144 -34.08 -3.3163 7.398 -9.4903 -8.3579 -0.93841 -3.7223 -1.1977 -5.0032 1.7024 -5.5556 7.6365 -0.96783
0 1 3 1 63.144 -34.08 -3.3163 7.398 -9.4903 -8.3579 -0.93841 -3.7223 -1.1977 -5.0032 1.7024 -5.5556 7.6365 -0.96783
0 1 3 1 62.65 -34.632 -3.2053 10.91 -8.9588 -12.954 -8.8035 -5.2355 3.6338 -7.004 0.56987 -3.2142 4.9857 -2.3852
0 1 3 1 61.712 -33.372 -0.59933 12.163 -10.085 -9.6668 -3.511 -4.8189 -1.604 -4.3155 -0.29097 -2.1227 8.9562 -2.1783
0 1 3 1 61.712 -33.372 -0.59933 12.163 -10.085 -9.6668 -3.511 -4.8189 -1.604 -4.3155 -0.29097 -2.1227 8.9562 -2.1783
0 1 3 1 57.44 -30.054 2.3809 9.568 -15.498 -5.8171 4.7285 -5.5886 -2.3074 -0.67149 6.5751 -3.6596 -1.5298 11.012
0 1 3 1 61.729 -33.669 0.29237 10.13 -11.085 -12.165 -6.7204 -5.2362 -2.2368 -9.1116 -3.5203 -4.4226 5.6101 -2.6703
0 1 3 1 62.632 -31.591 2.7248 12.706 -7.96 -7.4506 -2.6323 -1.1531 1.3951 -5.4297 -0.085155 -2.255 6.5122 -1.4655
0 1 3 1 56.733 -28.652 2.5025 7.9763 -16.06 -6.2908 -3.4617 -3.2576 -3.1483 -5.8519 8.6889 -7.8961 -1.7113 9.5515
0 1 3 1 56.84 -29.662 1.9064 6.1647 -16.01 -7.8659 -0.70276 -2.9504 -1.2543 -5.5187 7.5293 -10.481 -4.4906 9.2522
0 1 3 1 57.357 -28.723 1.8121 6.4111 -17.991 -3.6854 0.22075 -2.2772 -2.4712 -6.4873 5.5475 -14.944 -5.118 8.3483
0 1 3 1 57.358 -29.619 1.392 5.5818 -17.146 -4.5475 0.54595 -4.6129 -5.2601 -6.2816 3.3425 -8.9165 -2.6433 10.441
0 1 3 1 57.967 -29.129 -2.5102 6.7084 -11.776 -6.1547 -4.0726 -10.965 -0.11459 -1.4652 3.916 -8.5458 -1.0238 9.217
0 1 3 1 63.896 -32.38 -1.3353 9.3112 -5.8527 -5.7457 -6.9955 0.61552 3.7936 -8.8844 -2.7116 -5.3566 2.8355 -2.7696
0 1 3 1 62.554 -34.623 -2.6197 8.6191 -10.622 -13.076 -8.0016 -2.674 1.5852 -7.5307 -3.7197 -5.6895 6.3811 -1.9741
0 1 3 1 62.554 -34.623 -2.6197 8.6191 -10.622 -13.076 -8.0016 -2.674 1.5852 -7.5307 -3.7197 -5.6895 6.3811 -1.9741
0 1 3 1 60.266 -31.559 0.42157 10.12 -12.001 -7.7627 0.50635 -6.1751 -0.63934 -3.3454 7.3958 -6.1843 1.3339 2.2382
0 1 3 1 63.536 -32.171 -0.37479 10.527 -6.7325 -8.6202 -4.0939 -4.9114 3.0096 -2.1856 0.53735 -1.8386 5.8252 -3.1044
0 1 3 1 63.536 -32.171 -0.37479 10.527 -6.7325 -8.6202 -4.0939 -4.9114 3.0096 -2.1856 0.53735 -1.8386 5.8252 -3.1044
0 1 3 1 63.992 -32.67 -2.3132 10.555 -10.332 -10.087 -3.7233 -4.0675 2.2675 -1.5127 3.7557 -7.0611 4.7246 -3.6868
0 1 3 1 63.893 -33.406 -3.019 9.2511 -10.508 -9.7102 -3.9158 -3.2277 2.9686 -1.5462 3.7318 -6.0328 4.5049 -3.1984
0 1 3 1 63.237 -33.891 -0.61174 11.558 -9.9674 -10.693 1.0241 -2.7783 -0.89426 -4.9748 1.1135 -4.7261 5.6244 -5.1406
0 1 3 1 62.713 -34.737 -2.453 9.2261 -12.663 -13.869 -3.165 -5.2806 -3.5397 -8.2536 -0.44968 -7.0922 2.2144 -6.0423
0 1 3 1 62.229 -32.836 -1.5868 9.5367 -9.8824 -10.434 -0.10468 -2.0005 3.2628 -4.4579 -1.9263 -4.8336 6.5177 -4.8175
0 1 3 1 62.923 -31.37 1.125 11.401 -8.0835 -8.442 0.92054 0.6575 5.6933 -3.2212 -2.1506 -3.9928 5.652 -5.6025
0 1 3 1 58.591 -28.636 -1.8796 4.9275 -8.5064 0.44884 -2.8532 -10.957 -3.8169 -6.2382 7.9997 -8.2278 -0.43785 8.212
0 1 3 1 64.118 -34.652 -1.8373 6.6645 -10.006 -6.4029 -6.2243 -3.5424 6.5274 -0.25081 -0.80583 -4.069 7.9099 -10.922
0 1 3 1 64.463 -33.814 -0.78955 8.591 -7.8817 -4.3607 -4.3199 -1.5659 7.3133 -0.073698 -1.5763 -4.3935 8.9872 -9.9659
0 1 3 1 58.4 -27.591 2.7154 6.402 -13.792 -2.7199 2.8858 -2.7068 -0.042194 -2.1684 7.39 -7.3208 -2.517 11.245
0 1 3 1 57.602 -29.419 2.6922 5.499 -16.687 -10.345 -3.3905 -5.7521 -4.579 -4.8273 7.2447 -6.8535 -4.3483 8.9403
