1 0 3 2 64.206 -35.245 -0.85685 9.3587 -9.7407 -7.0562 -6.444 -6.5474 2.395 -0.42375 0.0010686 -2.9584 4.4773 -7.4987
1 0 3 2 64.946 -33.835 0.69473 11.656 -7.289 -4.954 -4.8934 -4.4033 4.3349 0.34559 0.36833 -2.1331 5.3069 -6.9111
1 0 3 2 65.328 -33.63 0.93827 7.9388 -9.7606 -3.625 -5.5441 -7.1287 2.0127 1.8004 1.8001 -1.308 7.2032 -6.5559
1 0 3 2 65.182 -34.232 -0.12256 7.5095 -10.081 -4.7366 -6.7363 -7.6543 0.3993 0.64121 0.48611 -2.1539 7.2606 -6.1237
1 0 3 2 64.675 -33.661 -0.61325 8.18 -11.403 -7.4241 -5.4019 -5.4827 5.2527 -0.50301 1.3901 -2.9753 8.5421 -8.5775
1 0 3 2 64.493 -34.293 -1.5739 7.6278 -11.58 -8.2378 -6.7266 -6.5008 4.23 -0.9517 0.34362 -4.097 7.7233 -9.1529
1 0 3 2 64.459 -34.134 -0.94525 6.9032 -10.523 -8.3504 -7.5331 -8.8898 5.2026 2.6639 4.037 -2.9251 4.5641 -6.9833
1 0 3 2 64.559 -34.147 -1.5397 6.9007 -10.273 -8.7144 -7.8679 -8.4449 4.8552 2.348 3.5234 -3.3473 5.0452 -5.5995
1 0 3 2 64.487 -35.115 -1.326 6.1552 -12.278 -9.5795 -7.7252 -5.7364 5.7422 1.6133 2.1418 -5.1582 4.7606 -7.1633
1 0 3 2 64.487 -35.115 -1.326 6.1552 -12.278 -9.5795 -7.7252 -5.7364 5.7422 1.6133 2.1418 -5.1582 4.7606 -7.1633
1 0 3 2 64.561 -34.647 -1.6527 6.921 -10.826 -11.897 -8.7187 -7.0362 5.9153 2.2961 1.961 -7.1731 5.5022 -9.194
1 0 3 2 64.768 -34.415 -1.6489 7.1803 -9.8553 -11.143 -7.977 -5.1188 7.064 2.6891 1.5642 -7.2838 5.8218 -8.6534
1 0 3 2 64.249 -33.665 -0.50156 6.2314 -13.714 -9.3727 -8.0247 -11.482 1.5325 2.272 3.3613 -3.0164 3.1213 -11.112
1 0 3 2 64.35 -33.553 -0.20893 6.4454 -13.224 -8.3836 -8.0765 -11.392 1.62 2.0744 2.5754 -2.986 2.7061 -11.836
1 0 3 2 64.826 -32.985 1.1157 9.7923 -11.324 -7.8306 -5.2912 -7.9927 1.7613 -0.63204 1.7155 -4.7688 3.5715 -8.4491
1 0 3 2 64.816 -33.58 0.19674 8.8473 -11.965 -9.0317 -7.7399 -10.007 -0.27599 -2.7999 -0.4718 -6.6629 2.2132 -9.9176
1 0 3 2 65.028 -33.03 1.6888 11.34 -11.099 -6.2814 -0.83657 -6.3918 3.1782 -1.9862 6.5252 -1.8831 5.1837 -6.551
1 0 3 2 64.185 -34.967 -0.83683 8.6092 -14.439 -9.7004 -4.2528 -9.7349 -0.48195 -6.0006 3.1274 -3.4712 2.9076 -8.6233
1 0 3 2 64.39 -35.075 -2.0441 5.5451 -12.587 -9.097 -6.9618 -9.0642 0.51479 -0.52031 1.0825 -3.9161 7.6126 -7.1133
1 0 3 2 65.13 -34.265 -0.52163 7.0008 -9.2166 -6.7955 -5.8679 -6.784 2.9459 0.53012 1.3705 -2.905 7.0909 -7.2456
1 0 3 2 63.762 -35.106 -1.4818 6.5299 -14.948 -11.632 -7.4904 -8.5037 2.7163 -0.5884 4.4391 -0.88836 4.8564 -7.7567
1 0 3 2 63.915 -35.611 -2.3776 5.0928 -14.967 -12.036 -9.4606 -8.8324 2.4797 -1.4797 3.4643 -1.7277 4.7798 -9.1759
1 0 3 2 65.125 -33.171 0.38151 8.3915 -8.8097 -6.2629 -5.8619 -3.8025 6.5766 0.8412 4.2774 -1.2405 7.2873 -8.1825
1 0 3 2 64.572 -34.318 -1.2926 6.4027 -12.819 -9.4027 -9.9206 -12.942 1.1062 -2.4993 4.277 -0.54334 6.6184 -7.1328
1 0 3 2 65.147 -33.767 -0.50808 7.6215 -10.297 -7.7641 -8.7392 -10.08 4.0783 -0.90328 5.1621 0.94463 8.8348 -6.3278
1 0 3 2 64.841 -33.476 2.1917 8.149 -9.9854 -6.9986 -5.3725 -4.6553 -0.65674 -2.4131 0.99725 -3.6412 6.393 -8.2276
1 0 3 2 64.825 -33.288 2.3308 8.5642 -10.121 -7.1455 -4.6123 -4.4069 -1.0573 -2.4934 -0.045559 -4.5154 6.3105 -7.7295
1 0 3 2 64.509 -35.017 -1.8299 6.6869 -10.672 -9.4768 -8.5202 -8.6009 1.2148 -6.5757 1.8977 -1.7251 5.0885 -9.7496
1 0 3 2 56.976 -28.698 1.2597 7.5921 -17.796 -6.7681 -0.45521 -3.5157 -7.3532 -5.5225 3.06 -8.6668 -5.0202 6.8975
1 0 3 2 63.09 -34.421 0.13538 12.26 -9.8236 -7.9063 -6.7699 -5.0443 -1.7196 -3.3327 -0.2831 -3.675 2.8082 -1.2941
1 0 3 2 62.921 -34.537 0.032544 12.622 -9.9952 -7.5059 -7.4207 -5.5916 -1.3678 -2.5541 0.60816 -3.4141 3.0337 -0.63336
1 0 3 2 63.207 -34.261 -2.2885 10.76 -9.0768 -12.032 -6.3599 -9.3644 1.8654 -3.3601 -3.2095 -6.2985 8.2879 -1.89
1 0 3 2 64.146 -32.709 -1.4962 11.543 -6.8143 -5.5686 -4.3589 -6.6269 5.9002 -4.267 -1.3506 -5.7951 7.9337 0.36967
1 0 3 2 63.548 -34.6 -1.205 8.319 -10.474 -10.952 -5.9555 -7.6172 0.57065 -3.346 0.38509 -7.701 2.8677 -5.1293
1 0 3 2 63.548 -34.6 -1.205 8.319 -10.474 -10.952 -5.9555 -7.6172 0.57065 -3.346 0.38509 -7.701 2.8677 -5.1293
1 0 3 2 57.102 -29.159 0.64333 3.6033 -16.032 -5.9709 -1.1854 -7.8867 -4.7081 -4.5492 3.4876 -6.3567 -8.6495 9.4393
1 0 3 2 63.403 -34.18 -1.0719 10.817 -7.4076 -7.5804 -3.4053 -4.1323 2.7572 -3.0414 1.4172 -3.6996 6.1741 -4.7587
1 0 3 2 63.403 -34.18 -1.0719 10.817 -7.4076 -7.5804 -3.4053 -4.1323 2.7572 -3.0414 1.4172 -3.6996 6.1741 -4.7587
1 0 3 2 56.943 -28.997 -1.0258 5.2863 -13.847 -6.2428 -4.3954 -8.2001 -4.0728 -9.791 5.8939 -6.2181 1.2301 10.471
1 0 3 2 64.226 -33.805 -0.82102 7.7497 -11.656 -10.501 -8.5689 -9.7014 1.9348 -0.91731 3.1594 -0.81668 3.9219 -11.717
1 0 3 2 64.617 -33.606 -0.20274 9.1578 -9.3139 -9.1439 -9.3079 -8.4916 2.1099 -1.5102 2.361 -1.1904 2.6457 -12.256
1 0 3 2 64.297 -34.932 -1.4051 5.2391 -9.1008 -5.5048 -8.1011 -6.0358 0.76477 -7.4642 1.194 -3.6551 2.9485 -10.643
1 0 3 2 57.934 -29.038 -3.2269 4.4449 -12.194 -3.4321 -4.784 -3.1553 0.28816 -4.2165 2.2289 -10.405 1.6066 6.6328
1 0 3 2 63.476 -33.984 -0.93758 8.9476 -8.9085 -8.8589 -5.2009 -6.6483 -2.3412 -0.82509 1.4985 -6.0733 3.4328 -2.8278
1 0 3 2 63.548 -33.87 -0.70285 9.1655 -8.8164 -8.0687 -5.041 -6.3757 -2.0786 -0.59079 1.4925 -6.3426 3.4604 -1.921
1 0 3 2 63.437 -32.978 0.062468 9.9083 -8.7954 -5.544 -4.0968 -5.2788 -1.1268 -0.8679 1.113 -5.7997 3.7954 -0.59663
1 0 3 2 63.482 -34.758 -0.57414 9.1664 -9.0513 -4.1685 -1.8258 -3.1273 1.973 -4.6668 1.5593 -5.3044 5.7854 -3.4412
1 0 3 2 63.84 -33.916 0.80211 10.904 -7.8999 -3.1111 -1.2938 -1.2648 2.8258 -4.5768 2.6457 -4.3031 5.2602 -3.893
1 0 3 2 63.235 -34.44 -1.6857 9.1917 -10.473 -9.9483 -4.1551 -7.9924 1.1808 -2.1755 2.1164 -8.3993 1.7595 -3.3771
1 0 3 2 63.614 -33.578 -0.42268 10.943 -7.7012 -6.7272 -2.6122 -5.7176 3.8499 0.028625 4.3832 -5.9408 3.7876 -1.5828
1 0 3 2 62.996 -34.567 -0.20851 9.7897 -11.646 -12.933 -3.9732 0.24813 4.5297 -1.5177 1.6264 -4.4221 7.2103 -2.1785
1 0 3 2 63.023 -35.2 -0.29434 9.7063 -11.42 -12.905 -6.5035 -1.431 3.7546 -1.7294 0.94503 -4.5595 5.99 -2.6109
1 0 3 2 57.896 -28.686 1.2048 5.6478 -18.03 -7.462 2.431 -5.2925 -1.5764 -5.9101 2.9998 -11.371 -0.48414 8.9446
1 0 3 2 63.167 -33.635 0.50739 8.0325 -12.118 -8.6934 -1.6588 -10.612 -0.07499 -0.48276 2.5993 -7.6269 7.1244 -0.076713
1 0 3 2 63.493 -33.352 0.24936 7.439 -11.69 -6.8368 -1.4975 -8.4778 2.3517 -0.90849 1.7196 -7.8377 6.9481 -1.2688
1 0 3 2 63.563 -32.836 0.29969 7.7089 -10.982 -5.2968 -0.98559 -7.3298 3.6605 -1.0577 1.4529 -7.9515 6.4981 -2.4052
1 0 3 2 56.712 -28.234 1.3277 5.1299 -16.744 -4.3461 -1.2945 -2.2103 -4.6269 -4.3225 4.8612 -7.2987 -2.9424 10.896
1 0 3 2 64.126 -34.124 -0.31557 6.0535 -10.188 -5.9271 -6.9159 -6.4857 1.944 -1.1345 1.0593 -4.6424 8.4141 -5.6098
1 0 3 2 63.757 -34.671 -1.0921 6.8846 -10.338 -6.3716 -6.2677 -6.4187 0.3329 -2.266 -1.9486 -6.9254 6.9041 -5.6291
1 0 3 2 56.918 -29.429 -0.68271 3.9431 -18.626 -6.5314 -1.0713 -5.5956 -5.2053 -6.6198 0.21388 -9.8571 -2.9406 4.3827
1 0 3 2 64.101 -34.869 0.11572 9.6607 -9.6001 -7.5257 -5.5172 -10.277 0.33637 0.70321 7.2428 -2.2207 5.4334 -8.1581
1 0 3 2 64.101 -34.869 0.11572 9.6607 -9.6001 -7.5257 -5.5172 -10.277 0.33637 0.70321 7.2428 -2.2207 5.4334 -8.1581
1 0 3 2 63.805 -34.248 -0.95572 8.5047 -12.748 -8.403 -6.3958 -12.27 1.4554 0.6332 7.4511 -3.3298 7.5211 -7.5251
1 0 3 2 63.938 -34.438 -0.67709 9.7293 -12.143 -8.86 -6.9989 -11.353 1.4893 -0.024952 7.4278 -3.788 6.5806 -8.1146
1 0 3 2 64.665 -34.138 -1.9204 6.5402 -8.8188 -8.9856 -10.263 -10.438 2.5319 -2.93 1.6961 -6.723 6.5033 -9.0627
1 0 3 2 64.665 -34.138 -1.9204 6.5402 -8.8188 -8.9856 -10.263 -10.438 2.5319 -2.93 1.6961 -6.723 6.5033 -9.0627
1 0 3 2 63.184 -32.596 0.69947 8.9501 -11.312 -10.008 -6.6017 -9.1018 4.7456 -2.2411 7.3012 -2.1097 7.3923 -7.1485
1 0 3 2 63.277 -32.851 0.41552 9.1516 -9.9473 -9.5269 -6.5451 -9.8824 5.932 -1.4637 5.8886 -2.0541 7.8745 -7.821
1 0 3 2 63.671 -31.797 1.2112 10.671 -8.1563 -7.8202 -3.7085 -7.6795 7.6432 -0.77226 5.5359 -2.1298 8.5187 -6.5722
1 0 3 2 64.307 -35.102 -1.97 5.8952 -11.122 -8.2675 -7.6655 -10.754 0.22836 -5.4569 1.9509 -0.69735 5.0895 -8.6388
1 0 3 2 64.36 -35.172 -2.4705 6.3713 -10.371 -8.1102 -7.4143 -10.526 -0.2802 -5.7078 1.3777 -0.87314 4.6017 -8.6172
1 0 3 2 63.978 -34.919 1.0261 10.201 -8.5287 -8.2406 -7.7929 -7.5239 2.2139 -2.3788 0.21447 -5.966 6.4499 -9.8171
1 0 3 2 63.917 -35.355 0.004757 9.8596 -8.9194 -9.6928 -8.8757 -7.671 1.8013 -3.487 -1.5185 -7.6961 5.0904 -10.26
1 0 3 2 63.97 -34.89 0.71206 7.294 -8.0234 -5.0769 -3.4061 -3.8363 2.1795 1.0732 2.9108 -5.0072 6.8954 -3.7122
1 0 3 2 63.97 -34.89 0.71206 7.294 -8.0234 -5.0769 -3.4061 -3.8363 2.1795 1.0732 2.9108 -5.0072 6.8954 -3.7122
1 0 3 2 63.866 -33.741 0.77951 5.956 -12.213 -6.405 -5.7182 -9.3636 2.9802 1.4846 2.6301 -7.0898 6.7513 -8.4095
1 0 3 2 63.986 -33.594 1.0554 6.6174 -11.348 -5.9361 -5.4988 -8.8302 3.0858 2.4097 2.3064 -7.4133 7.0757 -7.9426
1 0 3 2 63.517 -33.887 -1.03 8.579 -9.9542 -10.816 -8.7233 -14.752 2.125 -0.36899 2.9966 -1.3469 6.3331 -8.6802
1 0 3 2 63.746 -33.963 -1.0023 9.4005 -8.3715 -10.745 -8.9169 -14.598 1.8727 0.87018 3.7013 -1.1857 6.925 -8.41
1 0 3 2 63.957 -33.528 -0.49957 10.708 -6.4001 -9.7154 -7.6147 -13.083 2.5395 2.1668 4.2036 -1.1421 7.6647 -7.7503
1 0 3 2 63.283 -35.38 -3.1585 5.1282 -11.943 -10.129 -7.5695 -10.187 3.8858 0.70351 1.7157 -4.2072 7.9349 -8.0286
1 0 3 2 63.283 -35.38 -3.1585 5.1282 -11.943 -10.129 -7.5695 -10.187 3.8858 0.70351 1.7157 -4.2072 7.9349 -8.0286
1 0 3 2 63.846 -34.699 -1.9991 7.1374 -9.5407 -5.2769 -4.6584 -5.3612 2.3801 -0.61427 1.3555 -4.8029 9.0033 -7.4896
1 0 3 2 64.092 -33.967 -1.3442 8.278 -8.3237 -4.9937 -3.8604 -4.6315 2.5285 0.55395 1.9253 -4.3383 9.9101 -7.0858
1 0 3 2 62.95 -34.423 -2.8397 7.1207 -12.694 -8.4214 -1.7005 -6.8132 -0.27038 0.48863 -0.39982 -8.5312 7.4488 -7.8052
1 0 3 2 62.95 -34.423 -2.8397 7.1207 -12.694 -8.4214 -1.7005 -6.8132 -0.27038 0.48863 -0.39982 -8.5312 7.4488 -7.8052
1 0 3 2 63.877 -33.542 -4.4391 4.0444 -12.575 -8.0526 -7.9591 -10.099 -0.099411 -4.0483 0.953 -4.7834 6.8151 -3.3031
1 0 3 2 64.52 -32.531 -2.6518 6.8338 -9.0844 -6.2116 -4.7894 -6.7118 1.4046 -2.2286 2.5551 -2.5457 8.8903 -3.1215
1 0 3 2 62.267 -33.444 -1.8025 10.122 -10.153 -9.2645 -4.8029 -6.8483 5.541 -3.1792 3.7862 -5.4612 6.3514 -5.5021
1 0 3 2 62.267 -33.444 -1.8025 10.122 -10.153 -9.2645 -4.8029 -6.8483 5.541 -3.1792 3.7862 -5.4612 6.3514 -5.5021
