1 0 3 1 71.02 -33.272 -4.8149 15.615 -1.4248 -8.985 3.7281 -2.0013 3.0947 -3.5131 3.6478 -4.7152 1.7585 5.1982
1 0 3 1 71.02 -33.272 -4.8149 15.615 -1.4248 -8.985 3.7281 -2.0013 3.0947 -3.5131 3.6478 -4.7152 1.7585 5.1982
1 0 3 1 69.28 -36.654 -7.0546 14.441 -5.0968 -13.304 1.4848 -4.0275 0.94378 -4.6395 4.73 -6.5318 2.2877 3.7885
1 0 3 1 70.333 -34.207 -4.6972 16.577 -3.1527 -10.836 4.8859 -3.0019 1.8912 -3.0398 4.9397 -5.7853 2.5757 3.4349
1 0 3 1 69.868 -35.566 -7.2462 11.639 -6.0338 -15.846 3.1738 -6.2835 -0.048139 -4.6353 5.2599 -5.0585 -2.3821 2.4808
1 0 3 1 73.494 -27.925 -0.56757 15.221 -3.3672 -11.407 8.5085 -3.0635 2.0962 -4.0557 4.5761 -3.3052 0.050307 4.2666
1 0 3 1 70.134 -35.692 -6.3107 12.536 -7.0521 -12.814 0.1229 -4.7668 1.127 -3.3377 5.799 -6.8439 2.2469 4.6821
1 0 3 1 70.715 -34.09 -4.1341 15.217 -4.455 -10.246 2.8657 -2.8352 2.6103 -2.0881 6.631 -7.1273 2.0333 5.2034
1 0 3 1 70.949 -35.153 -6.359 12.055 -5.2 -14.369 -1.9847 -7.6474 -3.6396 -3.3395 7.2335 -4.6236 -2.4473 2.5943
1 0 3 1 71.189 -34.358 -5.5624 13.11 -3.9998 -12.725 -0.21654 -6.0186 -1.75 -1.8071 7.8301 -4.1042 -1.6423 3.5101
1 0 3 1 71.345 -32.784 -4.0311 15.147 -2.3844 -12.023 3.2802 -3.5968 5.5874 -0.67693 0.94647 -6.467 0.83335 8.1604
1 0 3 1 71.074 -32.965 -4.1828 15.291 -2.5645 -12.607 2.7187 -4.2772 5.4977 -0.20082 0.35456 -6.3323 0.89886 8.3298
1 0 3 1 70.625 -35.193 -6.9056 12.3 -4.4573 -11.768 2.2623 -1.8553 0.68539 -0.80682 3.9487 -7.9068 0.20715 5.3096
1 0 3 1 70.625 -35.193 -6.9056 12.3 -4.4573 -11.768 2.2623 -1.8553 0.68539 -0.80682 3.9487 -7.9068 0.20715 5.3096
1 0 3 1 69.836 -36.456 -6.5978 10.549 -3.9055 -8.3644 -4.3446 0.61671 1.6242 -0.44595 4.64 -12.555 -5.8571 10.154
1 0 3 1 70.6 -35.916 -5.7088 11.838 -3.0449 -8.5564 -3.5287 -0.25151 1.6184 -0.49558 2.8989 -12.799 -5.6484 8.4931
1 0 3 1 70.187 -36.298 -7.7405 10.082 -5.5422 -2.9233 -2.1341 -3.1557 1.0363 0.65953 3.7627 -13.322 1.2239 12.728
1 0 3 1 70.686 -36.154 -7.9129 10.495 -4.9946 -3.4983 -2.3577 -3.5697 1.5151 0.33988 3.1698 -12.874 0.69552 11.669
1 0 3 1 70.779 -36.338 -8.5038 10.434 -4.8541 -4.7651 -3.1245 -4.6882 1.3398 -0.69665 2.2169 -12.687 0.071895 10.627
1 0 3 1 69.863 -37.19 -5.9948 12.104 -3.049 -6.2114 -5.0098 -3.0397 1.4549 2.9934 4.1654 -13.309 -1.1765 9.7177
1 0 3 1 70.256 -37.035 -5.9437 12.313 -2.8994 -6.5593 -5.0388 -3.381 1.3663 2.6274 3.1818 -13 -0.83446 9.0723
1 0 3 1 71.236 -35.038 -4.0375 14.099 -1.4508 -5.5884 -3.2736 -1.8813 2.6309 2.8764 3.253 -11.131 0.82596 9.6666
1 0 3 1 70.128 -37.332 -5.8319 11.989 -1.3189 -8.3221 -5.3352 -8.3886 -1.0537 1.0474 6.5611 -8.0474 -1.0112 9.9044
1 0 3 1 70.128 -37.332 -5.8319 11.989 -1.3189 -8.3221 -5.3352 -8.3886 -1.0537 1.0474 6.5611 -8.0474 -1.0112 9.9044
1 0 3 1 71.282 -35.269 -3.7391 13.602 0.19271 -6.7246 -2.3295 -5.5796 2.0952 1.9844 6.6314 -7.2415 -0.029352 10.05
1 0 3 1 70.767 -35.591 -4.8762 13.135 -4.255 -6.6372 0.87372 -0.77568 -0.40448 1.2791 4.6444 -16.016 0.19867 8.9347
1 0 3 1 71.289 -35.379 -5.0611 13.432 -4.01 -7.2299 1.041 -2.6159 -0.65577 -0.3057 2.8459 -15.9 -0.50112 7.5961
1 0 3 1 69.884 -36.904 -5.7661 13.227 -5.1031 -9.0135 -5.5804 -7.77 -1.26 -0.99353 4.2289 -11.981 -1.2862 8.2629
1 0 3 1 70.144 -37.042 -5.8465 13.483 -5.064 -9.734 -6.0107 -8.889 -1.925 -1.9425 3.1663 -12.091 -1.7962 6.4331
1 0 3 1 71.531 -34.112 -2.8415 16.197 -2.3867 -6.601 -0.9753 -4.1321 2.0407 0.055832 4.5262 -9.4342 0.42826 6.91
1 0 3 1 70.475 -36.054 -6.1886 12.325 -4.4968 -6.849 -2.4011 2.0436 1.147 -0.32811 5.9101 -15.488 -0.42976 9.4465
1 0 3 1 70.875 -36.528 -6.5466 12.624 -3.7989 -7.9119 -2.0742 0.77859 0.20863 -2.2001 3.0005 -15.836 -0.50181 8.2781
1 0 3 1 70.941 -36.279 -6.3321 13.26 -2.9672 -8.2847 -1.7573 0.35299 0.28104 -2.5421 2.4142 -14.936 0.09911 7.9545
1 0 3 1 69.866 -35.711 -5.5838 13.763 -3.9812 -5.3772 -4.5033 -3.9702 1.7102 2.9791 2.7598 -15.844 -2.1248 12.289
1 0 3 1 69.896 -36.526 -6.6801 13.324 -4.7198 -7.4816 -6.0475 -5.52 1.2924 1.1496 0.53551 -17.099 -3.3664 10.802
1 0 3 1 70.31 -35.906 -6.1453 14.597 -3.5618 -7.4886 -5.2516 -5.0662 2.5327 0.96377 0.65366 -15.829 -2.7113 10.492
1 0 3 1 70.225 -35.869 -6.5173 15.004 -3.1134 -8.1676 -5.2425 -5.7562 2.4999 -0.28033 -0.10436 -15.655 -3.4016 8.9831
1 0 3 1 70.639 -35.287 -5.0948 11.648 -3.2406 -7.8822 -2.177 -2.3454 0.074661 1.3766 4.2585 -11.63 1.9975 10.66
1 0 3 1 71.946 -34.289 -4.6284 13.121 -1.8297 -7.4412 -0.16219 -3.0057 1.2833 0.69047 2.4073 -8.9884 2.7799 8.1595
1 0 3 1 69.51 -37.328 -6.798 12.306 -4.6574 -6.1754 -0.47971 -3.4908 -1.0479 1.8862 4.6113 -15.044 -1.6958 11.7
1 0 3 1 70.125 -36.571 -6.7633 14.161 -3.2425 -6.7378 1.0686 -3.5539 -0.83439 1.2394 4.4459 -12.041 -0.75764 9.1947
1 0 3 1 70.387 -36.53 -6.1335 11.07 -6.2353 -10.247 -6.0863 -5.231 -1.6656 0.26956 2.3893 -15.221 -0.47513 8.8977
1 0 3 1 71.488 -34.807 -4.1371 13.788 -3.0397 -7.3771 -2.7149 -3.6236 1.1222 2.1089 2.3708 -13.183 0.82025 7.7082
1 0 3 1 71.429 -34.641 -4.3512 13.955 -2.8816 -8.2487 -3.1134 -4.5579 0.78014 1.4429 2.1646 -12.16 1.2181 6.9241
1 0 3 1 71.653 -33.744 -5.517 8.9912 -5.9063 -4.3343 2.7029 1.0404 -1.2245 -0.57007 3.724 -9.3144 3.3751 9.1899
1 0 3 1 72.192 -34.125 -6.0106 8.7163 -6.023 -5.1837 3.3842 -0.50824 -1.2839 -0.15197 2.8037 -8.1594 3.2531 8.5533
1 0 3 1 72.666 -33.037 -4.9234 10.113 -4.795 -5.1381 4.101 -0.55423 -1.0841 -0.23553 2.2989 -7.5249 2.5418 7.5491
1 0 3 1 72.666 -33.037 -4.9234 10.113 -4.795 -5.1381 4.101 -0.55423 -1.0841 -0.23553 2.2989 -7.5249 2.5418 7.5491
1 0 3 1 69.719 -37.2 -7.2165 10.109 -5.2268 -6.9156 -6.9797 -7.7075 -1.1372 2.6712 1.4584 -16.431 0.40948 12.787
1 0 3 1 70.156 -36.606 -6.3757 10.655 -4.6564 -6.1297 -5.527 -7.7713 -0.56087 3.3344 -0.028591 -16.785 1.0158 12.629
1 0 3 1 70.711 -35.285 -4.7999 12.199 -3.1618 -4.9548 -3.3272 -6.6371 1.0654 4.4214 -0.19115 -15.835 1.8261 12.325
1 0 3 1 70.556 -35.192 -5.12 11.971 -3.5298 -6.1721 -3.0142 -6.6951 1.1962 3.4433 -1.2631 -15.24 2.0858 12.069
1 0 3 1 70.602 -35.808 -4.946 12.473 -8.8293 -9.5604 -3.1628 -3.6819 5.3502 2.3632 -0.48997 -15.405 -2.0119 9.2951
1 0 3 1 71.027 -35.27 -4.3213 13.382 -8.2262 -9.4252 -2.5172 -3.6867 5.9803 2.7374 -0.30848 -14.495 -2.0597 8.9888
1 0 3 1 71.177 -34.804 -3.9051 14.234 -7.6053 -9.5846 -2.1983 -3.8868 6.2599 2.8526 -0.048009 -13.621 -2.2466 8.7348
1 0 3 1 70.697 -37.569 -8.4424 9.2187 -5.9624 -7.8858 -1.2394 -0.85883 -2.0761 -1.9577 2.7432 -10.373 1.3262 8.3208
1 0 3 1 70.697 -37.569 -8.4424 9.2187 -5.9624 -7.8858 -1.2394 -0.85883 -2.0761 -1.9577 2.7432 -10.373 1.3262 8.3208
1 0 3 1 70.88 -37.502 -8.4145 9.2376 -6.0714 -8.117 -1.3396 -2.1027 -2.3305 -3.1551 1.3967 -9.8643 1.3484 7.4246
1 0 3 1 70.88 -37.502 -8.4145 9.2376 -6.0714 -8.117 -1.3396 -2.1027 -2.3305 -3.1551 1.3967 -9.8643 1.3484 7.4246
1 0 3 1 70.815 -36.017 -6.6308 10.534 -2.8027 -6.1721 -0.31462 0.29814 -2.8544 -2.2007 0.10229 -12.995 -0.61107 9.3821
1 0 3 1 71.124 -35.831 -6.4634 11.152 -2.6983 -6.6088 -0.32454 -0.40874 -2.9544 -2.7373 -0.28627 -12.356 -0.90834 9.1408
1 0 3 1 72.048 -33.689 -4.1987 13.381 -1.5556 -6.5378 0.49623 0.41686 -0.81819 -0.76138 2.0651 -9.267 0.36896 9.4881
1 0 3 1 72.048 -33.689 -4.1987 13.381 -1.5556 -6.5378 0.49623 0.41686 -0.81819 -0.76138 2.0651 -9.267 0.36896 9.4881
