1 1 3 0 61.903 -34.923 -4.1571 7.9132 -8.5737 -10.847 -6.0311 -7.2994 -0.28895 -4.9858 -0.80105 -9.0994 8.2689 -1.5438
1 1 3 0 61.903 -34.923 -4.1571 7.9132 -8.5737 -10.847 -6.0311 -7.2994 -0.28895 -4.9858 -0.80105 -9.0994 8.2689 -1.5438
1 1 3 0 61.486 -34.227 -3.7778 10.058 -10.611 -10.306 0.89235 -8.2538 1.7187 -6.7161 -0.3568 -9.9023 3.6791 0.61041
1 1 3 0 62.179 -34.375 -3.4582 9.2703 -9.6161 -10.225 -2.1001 -8.1119 1.6236 -6.5454 -2.2258 -10.338 3.454 0.9288
1 1 3 0 61.479 -30.312 -1.3004 11.481 -9.2902 -11.349 0.42152 -3.7979 1.718 -2.1687 1.8561 -4.0862 6.1561 -3.0701
1 1 3 0 61.474 -30.066 -1.3497 11.747 -8.8277 -9.8508 1.191 -3.9531 0.26519 -1.5713 3.2862 -4.8919 4.8882 -2.6443
1 1 3 0 59.916 -24.166 -1.5127 13.449 -9.1334 -2.2022 5.6811 -4.4108 -1.9777 -2.0441 6.5273 -4.5996 -1.6741 4.9763
1 1 3 0 62.518 -33.366 -2.263 8.6243 -6.5198 -5.5341 -1.7848 -5.9415 2.0174 -1.3111 3.1344 -5.5196 3.3173 -2.2842
1 1 3 0 62.765 -33.358 -2.0112 8.2566 -6.3734 -5.2594 -2.2706 -6.0295 2.3088 -1.2091 2.8397 -6.0198 2.9051 -2.8365
1 1 3 0 58.542 -25.845 -3.5305 13.268 -16.203 -9.2912 9.4547 -6.0614 1.7325 -4.9554 9.0421 -4.6851 -0.66015 7.8162
1 1 3 0 59.273 -24.621 -2.5843 15.15 -14.155 -7.508 9.0276 -4.6323 2.8609 -4.863 6.3375 -3.6934 -0.4769 6.5465
1 1 3 0 62.61 -31.572 -0.72968 9.0248 -12.829 -7.2595 -1.1398 -8.4456 -0.3363 -5.8326 4.4775 -1.6812 3.9771 -7.374
1 1 3 0 62.694 -31.603 -0.87609 8.5515 -13.311 -7.5295 -1.4819 -9.381 -1.0204 -6.5849 3.5497 -2.4441 3.7167 -7.525
