0 0 3 2 73.272 -30.533 -0.82896 11.769 -5.9033 -8.963 0.37378 -1.4518 0.014424 3.6994 -5.8602 0.45335 0.88743 1.9359
0 0 3 2 75.432 -29.726 -1.4165 14.605 -3.8049 -12.155 1.1397 -7.3922 -0.32742 1.1624 -3.9099 -3.2386 5.7502 0.96677
0 0 3 2 73.157 -30.185 -0.22447 13.779 -4.3357 -12.155 -2.2953 -5.4372 -1.6194 0.56784 -7.8699 0.044692 2.3796 0.59453
0 0 3 2 74.456 -30.148 -3.9649 12.686 -6.1618 -18.336 0.38068 -11.322 -2.8301 2.1825 -5.3762 -6.25 1.7287 1.3885
0 0 3 2 73.921 -29.974 0.30791 14.302 -3.9886 -8.7449 1.4996 -2.5258 -0.13594 1.5099 -6.523 -0.40899 3.4139 0.89828
0 0 3 2 74.86 -30.653 -1.5491 14.024 -5.1706 -12.477 1.0028 -6.9183 -0.48615 0.38468 -4.3652 -3.2304 5.3071 0.24353
0 0 3 2 76.832 -26.85 0.64225 13.833 -4.5578 -9.3006 5.8234 -4.0233 0.80334 1.3959 -2.5129 -1.8493 5.8029 -0.12966
0 0 3 2 73.528 -29.742 -0.44008 13.68 -4.6023 -9.9975 -0.92851 -5.1018 -2.3915 4.7844 -4.7731 0.0063566 1.0706 1.3741
0 0 3 2 74.053 -31.623 -2.484 11.608 -7.8774 -13.518 -1.4556 -10.499 -4.4106 -1.6933 -5.3882 -7.1386 1.839 -0.16646
0 0 3 2 74.801 -30.171 -1.4851 14.102 -5.4863 -12.184 2.4257 -8.2627 -1.909 0.98045 -3.2439 -6.765 1.7949 -0.060136
0 0 3 2 73.802 -30.835 -0.62827 12.508 -5.3525 -8.0047 1.7287 -3.7494 -0.28544 3.5522 -3.4267 2.1861 0.74751 0.18107
0 0 3 2 73.802 -30.835 -0.62827 12.508 -5.3525 -8.0047 1.7287 -3.7494 -0.28544 3.5522 -3.4267 2.1861 0.74751 0.18107
0 0 3 2 75.664 -28.951 -1.48 14.44 -2.9539 -11.038 2.9396 -6.5732 1.3714 3.8139 -4.3159 -2.8381 4.5089 0.74386
0 0 3 2 74.401 -28.9 0.51347 13.36 -4.5095 -8.4449 2.0255 -1.9148 0.86705 1.1369 -5.9924 0.74127 1.157 0.8033
0 0 3 2 75.188 -32.191 -3.7315 12.651 -6.7114 -16.29 -1.9724 -8.5516 0.25604 0.006139 -9.0681 -7.3947 -0.56213 -2.6842
0 0 3 2 77.431 -27.243 0.65887 14.653 -5.1518 -11.024 6.9223 -4.9228 0.99601 2.417 -3.2862 -2.8033 3.611 0.63049
0 0 3 2 74.032 -31.373 -0.8731 13.846 -6.691 -12.071 -2.1109 -4.6133 -1.8089 1.1434 -6.0505 -0.5823 2.785 2.0823
0 0 3 2 74.108 -31.702 -1.2373 13.248 -7.1537 -13.067 -2.7541 -6.9215 -3.1423 -0.27684 -6.3755 -2.8851 2.7496 0.91215
0 0 3 2 74.98 -31.348 -2.5908 13.421 -3.1538 -11.656 2.5752 -10.009 -3.5085 0.95825 -1.2151 -1.321 3.42 -2.071
0 0 3 2 74.247 -32.003 -1.77 12.487 -7.5059 -13.688 -2.6649 -7.5023 -1.3328 1.2655 -6.0633 -6.601 2.2463 -0.33469
0 0 3 2 75.06 -30.918 -2.0018 14.424 -5.6462 -14.042 0.87433 -11.162 -2.5863 1.5031 -2.5759 -4.9667 2.1998 -0.36434
0 0 3 2 73.957 -30.289 -0.79695 13.081 -4.298 -9.8368 -1.333 -4.0465 -0.070299 2.6624 -6.6044 -1.9368 2.0514 1.1384
0 0 3 2 74.513 -29.221 0.10937 13.593 -3.626 -9.4827 0.022789 -3.587 0.68585 3.1999 -5.5561 -1.6338 2.6919 1.238
0 0 3 2 74.124 -31.088 -1.9799 12.91 -4.5824 -15.454 3.835 -7.5666 0.20666 3.4643 -2.0348 -3.0547 5.9965 2.4198
0 0 3 2 75.63 -28.025 0.60843 12.917 -4.1742 -7.6525 2.2957 -2.0249 -0.50348 3.475 -3.6357 -0.49994 4.0503 -0.24468
0 0 3 2 74.243 -30.775 -2.2775 14.995 -4.447 -15.913 -1.4662 -8.1103 -1.3824 0.60102 -8.164 -7.2943 4.239 -0.81002
0 0 3 2 73.871 -28.236 1.2501 13.455 -4.7793 -8.496 0.22194 -2.4558 -2.5553 1.4264 -4.7933 1.5404 3.21 1.1222
0 0 3 2 75.043 -27.904 0.78081 13.349 -3.9032 -8.8675 2.5821 -3.1465 -1.37 1.7132 -3.8013 -0.94756 3.8322 -0.088628
0 0 3 2 76.242 -26.837 1.0289 13.27 -3.8364 -8.8882 4.8693 -2.3205 0.20772 2.1853 -3.3381 -1.1698 4.6397 -0.42041
0 0 3 2 74.363 -30.816 -0.95573 15.979 -3.1948 -15.053 -0.47568 -8.7354 -1.334 2.2499 -5.0698 -3.2935 4.1165 0.093872
0 0 3 2 75.902 -26.585 2.2203 12.882 -5.8109 -7.0607 4.4195 0.52954 -2.4221 2.2932 -4.1968 0.60428 1.3522 0.84745
0 0 3 2 75.383 -28.993 0.53874 14.467 -3.9535 -10.346 6.0925 -6.1229 -0.10619 4.1688 -4.8096 -5.1756 3.6323 0.86235
0 0 3 2 73.96 -30.319 0.058178 12.905 -5.1399 -8.1733 1.9039 -2.1484 0.87283 3.0425 -5.2673 -0.99461 0.82854 0.63943
0 0 3 2 74.473 -29.633 0.68621 13.157 -4.7068 -7.7732 2.7944 -2.4159 0.88284 3.2097 -4.406 -1.1427 1.6926 1.008
0 0 3 2 74.473 -29.633 0.68621 13.157 -4.7068 -7.7732 2.7944 -2.4159 0.88284 3.2097 -4.406 -1.1427 1.6926 1.008
0 0 3 2 73.824 -32.085 -2.2007 14.644 -5.8075 -15.084 -1.7042 -12.746 -3.3795 1.6923 -1.9817 -3.5973 3.3868 -1.9353
0 0 3 2 72.955 -32.377 -2.839 10.766 -6.9335 -10.095 -1.1269 -6.3519 -3.7969 0.83737 -4.9689 -0.84687 0.73913 -0.60004
0 0 3 2 73.593 -31.794 -2.1124 10.585 -6.1345 -10.435 0.26609 -7.8864 -4.4549 -0.020825 -4.2645 -2.5605 1.273 -0.64992
0 0 3 2 75.523 -29.932 -0.4664 13.633 -3.9288 -9.2259 3.9455 -7.3634 -1.1112 2.5357 -2.9651 -2.1125 3.8536 0.82334
0 0 3 2 77.189 -27.028 0.25708 14.304 -4.0536 -9.5963 6.7967 -6.3309 0.29199 3.3237 -2.9043 -1.8903 3.0743 0.72815
0 0 3 2 73.651 -31.778 -1.4974 12.23 -6.2739 -10.421 0.75445 -5.1662 -3.4468 -0.32396 -6.2813 -0.8346 3.0697 1.396
0 0 3 2 75.328 -29.129 -0.45634 14.529 -4.3437 -12.82 5.7522 -7.1275 1.3511 5.0109 -1.5409 -4.5998 4.0476 -0.16089
0 0 3 2 74.947 -30.332 -1.6316 11.15 -5.6688 -9.7795 4.0382 -7.2161 -2.5565 0.85017 -5.415 -5.5647 2.3419 -1.9816
0 0 3 2 75.583 -30.281 -1.6439 13.628 -3.4919 -10.035 4.2329 -8.4609 -1.8753 0.36835 -4.5146 -5.0015 5.6511 0.42557
0 0 3 2 73.843 -31.243 -1.8283 12.209 -5.369 -10.475 -2.1656 -6.1063 -3.6373 0.88964 -6.4025 0.1087 1.6969 0.65469
0 0 3 2 74.254 -31.724 -3.8477 12.593 -7.804 -17.15 0.50536 -6.3023 2.2116 1.2238 -6.7407 -6.0475 2.1682 1.6582
0 0 3 2 75.089 -31.081 -0.80185 15.779 -3.9729 -11.356 0.37519 -8.3495 -1.2692 1.2118 -5.7002 -3.7323 5.9626 1.4292
0 0 3 2 76.537 -28.867 -0.31865 13.493 -4.277 -7.386 5.2144 -6.4989 -0.65889 3.7505 -4.286 -1.0843 4.3585 1.2079
0 0 3 2 75.067 -32.136 -2.3035 13.7 -5.7208 -13.458 0.57111 -11.733 -2.8705 -0.035809 -6.2107 -4.6754 4.8629 -0.089866
0 0 3 2 75.067 -31.126 -0.59908 13.044 -6.7172 -11.684 1.1356 -6.5673 0.93261 1.9925 -2.9817 -3.9006 3.7188 2.0381
0 0 3 2 77.401 -26.902 1.1748 13.995 -5.4128 -8.8009 6.5053 -4.5615 1.7368 1.44 -1.9863 -3.1179 5.1237 -0.098148
0 0 3 2 73.193 -29.877 1.2462 13.483 -6.3874 -5.6586 1.0227 -1.2238 -0.60523 3.27 -6.2141 -0.24229 1.2937 0.89867
0 0 3 2 74.822 -26.958 2.3853 12.477 -6.6734 -4.665 2.7716 -0.9771 -1.0115 3.6635 -4.8833 0.38278 1.943 0.45569
0 0 3 2 76.855 -27.54 0.67219 13.957 -3.9068 -9.3163 5.1139 -4.6325 0.91472 1.6705 -4.622 -2.5704 4.3829 -0.57354
0 0 3 2 76.855 -27.54 0.67219 13.957 -3.9068 -9.3163 5.1139 -4.6325 0.91472 1.6705 -4.622 -2.5704 4.3829 -0.57354
0 0 3 2 72.504 -32.007 -1.0864 12.541 -7.8214 -13.656 -6.5659 -6.3785 -2.4696 -0.20401 -9.1252 -3.0014 0.050551 -1.1082
0 0 3 2 73.499 -30.072 0.71326 13.609 -5.613 -10.029 -2.2083 -3.2329 0.0041875 1.8355 -6.5059 -1.2576 2.0234 0.085543
0 0 3 2 74.804 -31.412 -0.81711 14.331 -5.293 -10.899 1.0916 -8.9439 -1.713 1.3163 -3.3987 -3.9272 4.7947 0.50493
0 0 3 2 74.606 -32.017 -1.4372 14.053 -5.4091 -11.945 0.66148 -9.7061 -2.0191 0.91039 -3.9977 -4.4885 4.3328 0.54163
0 0 3 2 75.915 -29.908 -0.058898 14.34 -4.4959 -9.3248 2.5451 -2.9506 1.0321 3.857 -5.6289 -4.337 3.1899 -0.79633
0 0 3 2 76.839 -28.256 0.74674 13.942 -4.5868 -8.5787 4.3887 -2.516 0.67553 3.4825 -4.9339 -2.9744 4.4893 -0.38327
0 0 3 2 74.467 -32.37 -2.6911 11.957 -6.996 -12.177 -0.98137 -7.7717 0.079883 3.1637 -4.1771 -5.6041 1.5849 -1.2837
0 0 3 2 76.503 -28.545 -0.01191 14.522 -4.5384 -8.4752 5.3081 -4.7977 2.1878 3.4459 -2.7133 -3.4466 3.8938 -0.34941
0 0 3 2 73.446 -30.417 -0.87379 10.908 -7.0847 -9.2265 -3.9828 -6.5973 -5.1848 1.6536 -4.6027 1.0091 2.239 0.61555
0 0 3 2 73.446 -30.417 -0.87379 10.908 -7.0847 -9.2265 -3.9828 -6.5973 -5.1848 1.6536 -4.6027 1.0091 2.239 0.61555
0 0 3 2 74.935 -31.066 -1.8718 13.337 -4.7304 -12.64 -1.1764 -8.1243 -2.6104 0.046624 -6.3466 -7.0796 2.3602 -1.4455
0 0 3 2 75.336 -29.966 -0.94895 14.052 -4.2231 -12.643 2.1907 -5.7294 0.28429 1.9537 -5.6614 -5.8869 3.6556 -1.1259
0 0 3 2 73.72 -31.846 -2.5435 10.219 -7.9416 -11.227 -3.2121 -5.3595 -2.498 -1.1887 -7.87 -4.748 2.8064 1.9973
0 0 3 2 77.006 -26.948 0.37209 13.893 -4.7827 -9.4502 7.1444 -4.1994 0.81275 2.0644 -3.1834 -2.2083 4.945 0.59085
0 0 3 2 74.799 -27.984 0.89033 12.167 -4.5426 -7.3585 3.0049 -2.4311 0.74191 2.4706 -4.0398 -1.5698 4.0061 0.23221
0 0 3 2 75.277 -30.837 -2.3861 14.15 -2.9024 -12.902 1.9796 -8.2187 0.67505 2.6833 -4.9982 -5.1645 5.8836 1.2608
0 0 3 2 74.871 -27.905 1.4686 12.784 -5.354 -6.1968 1.0097 -0.4504 -0.42279 1.9574 -5.3223 -1.0974 2.435 -0.11185
0 0 3 2 76.003 -29.882 -0.086488 14.324 -5.7705 -11.11 0.53935 -5.2258 -0.31863 3.2264 -2.0572 -3.5275 6.0236 0.94348
0 0 3 2 75.567 -31.06 -1.308 13.193 -7.1515 -15.18 -2.227 -7.9784 -1.7661 2.3352 -2.9546 -3.6124 5.5287 0.6385
0 0 3 2 74.133 -31.843 -1.9783 11.687 -7.4818 -12.236 -2.6146 -5.507 -4.0977 -1.7626 -9.2497 -3.8156 4.2444 1.5424
0 0 3 2 75.816 -29.568 -0.91166 15.144 -4.3664 -11.061 3.8763 -4.5923 2.3838 2.8068 -4.8497 -3.3293 4.59 1.1638
0 0 3 2 72.97 -31.782 -0.33868 10.872 -6.3922 -11.586 -3.3162 -5.3685 -5.0073 -0.54966 -9.1254 -2.401 -0.072727 -0.16798
0 0 3 2 73.889 -31.106 -0.59247 11.121 -6.6409 -10.881 -2.1942 -5.6455 -5.0051 -0.018394 -8.108 -3.6629 0.21789 0.0412
0 0 3 2 75.637 -30.569 -2.0435 15.474 -4.8813 -9.7115 1.5749 -5.9427 0.22776 2.6887 -4.613 -5.0179 2.6279 0.56199
0 0 3 2 74.47 -32.034 -3.4472 13.536 -6.3321 -13.249 0.33379 -8.8691 -2.7086 1.47 -6.3774 -7.6369 0.2752 0.31546
0 0 3 2 74.971 -29.482 0.59712 12.371 -5.7504 -7.394 1.8817 -2.9471 -1.3991 3.1619 -4.4059 -1.9697 2.4983 1.1364
0 0 3 2 76.215 -28.572 -0.78393 13.521 -3.9396 -11.438 3.4166 -4.0814 2.1519 3.1387 -2.4056 -4.7899 5.0644 0.50585
0 0 3 2 75.248 -27.299 1.645 12.789 -5.9081 -7.0902 0.68646 -1.2988 -1.6894 3.512 -4.4623 -0.2334 2.3355 0.93235
0 0 3 2 75.467 -30.507 -0.67528 14.127 -5.4892 -11.515 0.063253 -5.3529 -0.79297 2.2988 -5.0427 -4.4052 3.2317 1.3135
0 0 3 2 74.15 -32.014 -2.3512 14.506 -6.3181 -15.434 0.68119 -7.4575 -1.0331 0.3691 -6.5167 -6.9021 2.7959 0.64563
0 0 3 2 73.603 -31.737 -1.3872 12.148 -7.2781 -10.068 -3.003 -4.0603 -3.6522 0.19873 -6.778 -3.3521 0.10418 0.20832
0 0 3 2 73.603 -31.737 -1.3872 12.148 -7.2781 -10.068 -3.003 -4.0603 -3.6522 0.19873 -6.778 -3.3521 0.10418 0.20832
0 0 3 2 77.421 -27.242 0.36107 14.151 -4.5714 -8.6742 5.2572 -3.5529 0.53055 3.8229 -3.8402 -3.1839 3.9034 -0.82921
0 0 3 2 75.306 -31.006 -1.5934 15.578 -4.1788 -13.179 2.0686 -5.8491 0.94556 2.6299 -7.6021 -6.5041 2.1123 -0.22126
0 0 3 2 74.106 -30.877 0.33426 12.558 -6.3706 -11.258 -2.1411 -5.3424 -4.369 0.091968 -7.3036 -0.75736 3.0201 0.37351
0 0 3 2 74.636 -32.115 -3.1527 13.046 -8.0835 -16.364 -1.391 -9.6754 -0.76166 0.088596 -5.7835 -6.121 1.6485 -1.2583
0 0 3 2 72.96 -31.052 -0.43404 11.904 -6.3458 -7.818 -2.8784 -2.5215 -1.6878 1.7871 -8.0708 -1.6276 1.8389 0.91119
0 0 3 2 72.96 -31.052 -0.43404 11.904 -6.3458 -7.818 -2.8784 -2.5215 -1.6878 1.7871 -8.0708 -1.6276 1.8389 0.91119
0 0 3 2 76.099 -28.262 -0.24944 12.752 -4.9432 -8.5124 4.3969 -2.6697 0.5413 3.6747 -3.6643 -3.3932 5.8419 0.071123
0 0 3 2 74.661 -31.267 -2.8883 14.171 -4.7521 -12.855 0.15091 -7.3579 -2.1444 1.5104 -5.066 -5.8002 4.5025 -0.965
0 0 3 2 73.545 -29.645 -0.50129 11.747 -6.7706 -8.6898 -0.96455 -3.3648 -3.4321 0.2549 -6.9975 -0.84803 1.4487 0.69905
0 0 3 2 73.545 -29.645 -0.50129 11.747 -6.7706 -8.6898 -0.96455 -3.3648 -3.4321 0.2549 -6.9975 -0.84803 1.4487 0.69905
0 0 3 2 76.493 -29.368 0.92411 14.064 -4.3359 -10.137 3.8572 -3.9885 0.628 3.4843 -2.9931 -4.3912 5.6066 -1.2531
0 0 3 2 75.022 -32.659 -2.1056 11.862 -7.1133 -14.433 -0.54175 -8.391 -3.0351 0.42586 -5.5259 -6.1068 4.6819 -1.9794
0 0 3 2 73.449 -32.53 -1.5033 11.117 -5.8778 -9.7077 -2.0833 -3.6798 -2.649 1.8134 -6.6409 -2.1203 1.6096 0.85972
0 0 3 2 74.068 -32.356 -0.87003 13.074 -4.6703 -10.375 -2.1684 -6.9586 -2.3949 1.3255 -6.76 -5.4802 2.097 0.27091
0 0 3 2 74.551 -32.814 -2.7936 12.224 -7.9343 -16.349 -1.6928 -9.945 -4.4627 1.5017 -4.6602 -4.9894 0.94224 -0.36641
0 0 3 2 73.918 -32.009 -1.2598 12.445 -5.6801 -10.931 -1.3791 -8.013 -5.2938 -1.2978 -6.2475 -5.5644 2.142 1.1624
0 0 3 2 74.592 -30.866 -2.3376 14.072 -4.99 -13.275 3.5804 -6.4187 -1.4022 3.4531 -3.85 -5.0586 3.7109 1.2703
