1 1 3 2 68.961 -28.455 1.6088 11.523 -12.239 -10.575 1.3885 -7.964 -4.0404 2.1508 -9.325 -7.8961 12.342 -3.4059
1 1 3 2 68.961 -28.455 1.6088 11.523 -12.239 -10.575 1.3885 -7.964 -4.0404 2.1508 -9.325 -7.8961 12.342 -3.4059
1 1 3 2 69.061 -28.464 1.8405 12.128 -12.555 -10.335 2.2152 -7.7649 -3.8488 1.9488 -9.5601 -7.8506 12.33 -3.095
1 1 3 2 68.304 -28.51 1.3046 12.249 -10.487 -7.4664 3.2876 -11.049 -4.8313 4.1562 -8.4228 -8.9112 10.03 -5.4424
1 1 3 2 68.473 -28.313 1.7163 12.659 -10.946 -7.148 3.5997 -11.384 -4.6244 4.1594 -8.5514 -9.385 10.186 -4.8133
1 1 3 2 68.473 -28.313 1.7163 12.659 -10.946 -7.148 3.5997 -11.384 -4.6244 4.1594 -8.5514 -9.385 10.186 -4.8133
1 1 3 2 68.648 -26.554 2.1253 12.09 -9.5186 -8.6587 4.7874 -9.0791 -2.9677 4.7644 -9.1523 -3.718 11.365 -5.6256
1 1 3 2 68.812 -26.501 1.9024 12.54 -10.068 -8.0593 5.072 -9.0844 -1.7999 4.5151 -9.6032 -2.593 12.119 -5.196
1 1 3 2 68.955 -26.328 1.7757 13.125 -10.292 -7.4485 5.6466 -8.946 -1.0139 4.1785 -9.5991 -1.9406 12.061 -5.3678
1 1 3 2 68.615 -27.461 1.3711 11.645 -10.26 -7.2104 5.5645 -11.895 -5.4516 5.0316 -7.7756 -7.0297 9.4897 -7.893
1 1 3 2 68.721 -27.159 1.2224 11.839 -10.556 -7.7442 6.1584 -11.283 -4.6899 5.4769 -8.1278 -7.8042 9.8935 -6.773
1 1 3 2 68.855 -26.78 0.89871 12.156 -10.689 -8.2093 6.8461 -10.508 -3.6726 5.9615 -8.0773 -8.2287 10.204 -5.4411
1 1 3 2 68.446 -27.915 1.1485 11.762 -8.6523 -9.0294 3.7454 -8.8736 -5.2113 3.3104 -8.2282 -6.9833 7.5403 -7.0623
1 1 3 2 68.511 -27.543 1.1016 11.849 -10.387 -9.6508 4.5387 -9.8462 -4.2867 5.4357 -6.4768 -7.232 8.8302 -7.139
1 1 3 2 69.463 -25.78 0.70988 13.171 -10.979 -7.9358 8.6248 -10.128 -3.053 5.075 -4.7573 -6.8934 8.3864 -7.3015
1 1 3 2 68.719 -27.334 2.2477 10.715 -10.082 -5.8994 6.854 -8.1031 -1.5821 5.4001 -7.9747 -3.7256 8.2371 -5.6074
1 1 3 2 68.063 -28.216 0.86762 11.644 -11.864 -10.561 4.7171 -12.27 -3.7284 3.4193 -10.084 -8.4099 11.46 -6.4635
1 1 3 2 68.745 -27.338 1.2597 13.148 -10.725 -9.3399 6.8054 -10.859 -2.2845 4.3981 -7.9583 -6.8604 11.767 -5.9949
1 1 3 2 68.673 -27.399 1.0331 11.885 -10.74 -7.6477 3.9193 -9.7088 -3.1357 6.6964 -9.8394 -5.5853 8.3942 -7.9232
1 1 3 2 68.673 -27.399 1.0331 11.885 -10.74 -7.6477 3.9193 -9.7088 -3.1357 6.6964 -9.8394 -5.5853 8.3942 -7.9232
1 1 3 2 68.914 -27.293 0.033002 12.18 -11.681 -7.2641 6.5843 -9.122 -1.2113 7.6929 -8.4583 -5.0468 7.7353 -7.398
1 1 3 2 67.918 -28.293 0.35896 11.202 -12.101 -11.078 3.8031 -11.027 -1.3107 2.3133 -10.378 -7.2727 9.8314 -4.7782
1 1 3 2 68.009 -28.024 0.45997 11 -11.821 -10.34 5.2805 -10.324 0.58278 2.7921 -10.419 -7.254 10.901 -5.1148
1 1 3 2 68.532 -27.408 0.33632 11.369 -10.541 -8.831 7.6164 -9.642 3.9426 4.3378 -8.5915 -6.1671 11.651 -5.8461
1 1 3 2 68.318 -27.149 -1.1984 9.9178 -10.658 -8.8142 -2.692 -12.292 -1.7762 -2.5571 -6.5575 -2.952 7.6206 -5.8836
1 1 3 2 67.916 -28.005 0.6378 11.637 -14.646 -12.156 3.2715 -12.201 -2.2696 1.3711 -6.0905 -6.9165 7.1756 -9.1075
1 1 3 2 67.916 -28.005 0.6378 11.637 -14.646 -12.156 3.2715 -12.201 -2.2696 1.3711 -6.0905 -6.9165 7.1756 -9.1075
1 1 3 2 67.097 -27.472 -0.51413 11.424 -15.466 -8.2037 -4.5356 -8.0704 -5.5162 -2.2697 -3.4941 -4.8648 3.9223 -7.3754
1 1 3 2 67.182 -26.507 0.17894 12.603 -16.239 -7.0165 -2.3371 -8.0634 -4.1329 -0.15561 -6.0988 -6.0099 7.2021 -7.3771
1 1 3 2 67.299 -26.044 0.027654 13.177 -16.219 -7.4687 -1.4667 -7.8051 -3.9302 0.26854 -6.5257 -6.4704 7.5723 -6.5739
1 1 3 2 67.261 -26.578 3.3047 8.8914 -10.662 -11.146 2.2354 -9.0694 -7.9298 0.28739 -2.8242 -6.755 6.761 -2.4261
1 1 3 2 67.473 -26.574 2.4386 8.7074 -11.566 -11.148 2.8301 -9.1997 -7.0699 0.79563 -3.0753 -7.8363 5.9834 -1.2588
1 1 3 2 68.662 -24.794 2.2574 10.441 -10.569 -8.6016 7.2787 -6.1268 -4.2188 2.7373 -0.081848 -6.1446 5.7157 1.5138
1 1 3 2 68.04 -27.628 3.2382 9.5825 -8.3689 -7.1412 4.9225 -6.2458 -7.5935 4.138 -6.3348 -8.0324 1.4074 -3.8242
1 1 3 2 68.291 -27.443 3.0294 10.132 -8.4982 -6.4341 5.9875 -5.8413 -7.4858 4.4142 -6.7045 -7.2825 2.5463 -3.7488
1 1 3 2 68.671 -26.946 2.1174 11.459 -8.7017 -6.5678 7.4754 -5.7229 -7.5986 3.5676 -5.5007 -5.213 4.2253 -2.9611
1 1 3 2 67.203 -28.421 1.4492 9.1659 -12.632 -14.944 1.7413 -7.4916 -6.3091 1.8141 0.66319 -2.2842 5.7365 -1.8068
1 1 3 2 67.444 -28.198 1.1815 9.4839 -14.326 -15.178 3.5837 -8.7135 -5.25 4.4932 0.45551 -2.5068 8.5831 -2.5751
1 1 3 2 67.719 -27.493 0.6993 9.8201 -14.777 -15.098 5.4794 -9.0095 -4.7244 6.8354 1.0809 -3.2857 8.9183 -3.2779
