0 0 3 0 65.805 -25.727 -8.3972 12.848 9.9122 -11.347 -4.769 6.6642 -1.6995 -9.1769 -0.81348 3.1783 -2.4208 -8.6441
0 0 3 0 78.14 -16.095 -5.42 -3.4724 -5.7885 -16.225 -3.81 0.10467 -2.1632 9.7211 12.674 0.56074 -20.354 -4.1916
0 0 3 0 82.367 -14.507 -4.7997 -4.1731 -8.142 -11.862 -1.599 0.062541 -4.3918 4.8301 6.694 0.98557 -8.9385 -2.2878
0 0 3 0 82.367 -14.507 -4.7997 -4.1731 -8.142 -11.862 -1.599 0.062541 -4.3918 4.8301 6.694 0.98557 -8.9385 -2.2878
0 0 3 0 81.973 -14.892 -4.1906 -2.991 -7.7469 -11.571 0.40161 0.17799 -4.3346 4.9997 5.9755 1.5015 -5.7417 -1.1813
0 0 3 0 65.949 -25.802 -7.8259 14.559 8.8169 -12.934 -5.5405 8.4845 0.32548 -5.6792 -2.0614 4.5855 -0.69865 -6.6215
0 0 3 0 77.917 -17.688 -6.6878 -0.96906 -3.9589 -15.855 -3.2958 -1.1906 3.2838 12.057 17.912 4.3171 -19.194 -9.2417
0 0 3 0 79.656 -14.809 -6.5263 -3.1212 -5.2639 -15.176 -5.2117 0.068544 -2.893 5.7739 11.425 3.0111 -18.117 -4.5061
0 0 3 0 82.427 -14.415 -4.9874 -2.2184 -8.1587 -14.68 -4.9735 -2.0316 -5.8366 1.9539 5.1768 0.15688 -10.213 -0.1334
0 0 3 0 82.463 -14.677 -4.6943 -1.6527 -8.1477 -14.742 -4.4301 -1.681 -5.9123 1.656 4.7652 0.37253 -8.6551 0.27978
0 0 3 0 82.413 -14.613 -3.848 -0.21613 -6.9863 -13.944 -3.0078 -0.26875 -5.0678 1.9663 4.8681 1.1061 -6.8216 0.77915
0 0 3 0 65.208 -27.808 -7.7482 15.508 6.8497 -13.186 -3.9256 10.486 -1.2108 -13.276 0.10971 7.8114 -5.9853 -10.561
0 0 3 0 80.462 -15.405 -4.1749 -3.469 -6.2103 -13.595 -3.5855 -3.3501 -2.081 6.5959 10.759 3.1039 -14.59 -0.59484
0 0 3 0 82.475 -15.329 -4.7627 -3.8266 -8.7297 -11.893 -3.4089 -4.2954 -5.4122 4.3228 7.1099 2.1398 -8.3056 0.36521
0 0 3 0 82.475 -15.329 -4.7627 -3.8266 -8.7297 -11.893 -3.4089 -4.2954 -5.4122 4.3228 7.1099 2.1398 -8.3056 0.36521
0 0 3 0 82.653 -15.787 -5.4152 -3.3944 -8.9877 -11.929 -3.0152 -4.0467 -6.9171 3.1857 5.6682 2.268 -4.2875 0.65662
0 0 3 0 67.018 -23.232 -4.881 17.128 6.1761 -18.197 -12.496 4.1288 -7.6466 -15.731 -5.1738 -4.5631 -4.2702 -4.9686
0 0 3 0 77.894 -16.475 -4.4248 -0.52025 -3.4493 -15.092 -3.8428 -0.25861 -0.31521 11.335 13.643 1.8694 -23.228 -4.1809
0 0 3 0 81.391 -16.648 -3.9671 -2.8353 -6.7539 -16.386 -5.6343 -2.1555 -5.5989 3.8049 5.3732 0.22432 -12.208 -1.6593
0 0 3 0 81.803 -16.885 -3.8384 -2.5535 -6.7051 -16.45 -5.2364 -2.1124 -5.5303 3.0562 4.5501 0.42882 -10.252 -1.4646
0 0 3 0 81.765 -17.501 -3.641 -1.8569 -6.3406 -16.812 -4.5834 -1.7125 -5.4589 1.4909 3.0596 0.6804 -6.9947 -1.2587
0 0 3 0 64.717 -25.558 -6.5813 12.986 6.2821 -15.862 -9.5422 8.7832 -0.50256 -11.589 1.8631 7.0331 -2.9288 -9.2278
0 0 3 0 77.301 -17.898 -5.1561 -0.15511 -4.4321 -15.847 -2.9708 -1.9232 2.5058 12.401 19.595 1.2627 -22.904 -5.2766
0 0 3 0 81.682 -14.506 -5.0267 -3.5996 -7.7584 -11.125 -1.7684 -1.2909 -3.5603 10.761 11.127 0.56838 -13.17 -0.17115
0 0 3 0 81.682 -14.506 -5.0267 -3.5996 -7.7584 -11.125 -1.7684 -1.2909 -3.5603 10.761 11.127 0.56838 -13.17 -0.17115
0 0 3 0 81.89 -15.187 -4.7203 -2.4257 -7.2641 -11.054 -1.615 -1.4588 -3.3045 7.9963 7.8023 0.36656 -7.6824 -0.89548
0 0 3 0 66.544 -26.17 -9.061 16.022 7.4455 -14.21 -3.9178 4.4676 0.0017182 -9.6349 -3.043 5.6838 -3.6951 -11.669
0 0 3 0 64.697 -25.909 -6.6059 13.812 7.2839 -15.928 -5.6576 7.8052 -1.8189 -11.673 1.782 3.1772 -3.0009 -6.7856
0 0 3 0 77.3 -18.409 -5.8459 -0.30504 -0.75724 -15.188 -4.7642 0.15663 0.47697 13.46 16.981 0.41966 -17.733 -6.8703
0 0 3 0 77.645 -17.67 -6.1444 -1.5609 -0.80055 -13.676 -4.5819 2.315 0.0075629 12.331 15.086 -0.60001 -18.504 -5.6814
0 0 3 0 82.151 -16.001 -5.7437 -2.3852 -7.1711 -10.032 -3.5905 1.3519 -2.6637 1.2548 5.1437 0.13855 -8.5429 -2.8549
0 0 3 0 82.151 -16.001 -5.7437 -2.3852 -7.1711 -10.032 -3.5905 1.3519 -2.6637 1.2548 5.1437 0.13855 -8.5429 -2.8549
0 0 3 0 82.394 -15.71 -4.9353 -1.2974 -6.5197 -9.238 -2.1739 1.9085 -1.9972 1.386 5.0206 0.97239 -6.8149 -2.3369
0 0 3 0 79.836 -16.078 -6.0151 -3.1391 -5.0785 -16.598 -6.5559 -1.1316 -3.9396 4.4013 8.7492 4.8659 -16.527 -3.5908
0 0 3 0 81.43 -15.748 -5.2728 -3.558 -7.595 -15.498 -6.1335 -2.3002 -5.2446 3.7519 7.0487 3.163 -12.098 -0.061897
0 0 3 0 82.309 -15.774 -4.7975 -3.0741 -9.3607 -14.664 -5.6398 -3.3856 -6.0124 3.2896 5.0903 1.7484 -8.051 1.1423
0 0 3 0 64.654 -27.774 -8.2489 15.319 8.2222 -11.636 -3.3519 4.9541 -1.291 -10.512 -0.68562 2.0917 -6.8031 -5.804
0 0 3 0 78.959 -17.265 -6.7334 -1.6085 -3.4829 -14.714 -5.8417 -1.9882 -1.7129 5.1468 8.1535 1.2976 -20.102 -7.3417
0 0 3 0 82.049 -16.084 -4.4782 -3.1879 -6.6238 -11.304 -3.7919 -3.7461 -2.6594 3.6734 4.0589 -4.2873 -17.942 -6.2911
0 0 3 0 82.198 -16.348 -4.5066 -3.3861 -7.4669 -11.365 -3.8386 -4.4432 -3.2484 3.7547 3.4323 -5.2007 -17.287 -6.3897
0 0 3 0 81.913 -16.764 -4.4676 -2.8024 -7.8751 -11.24 -3.6306 -4.3686 -3.618 4.5103 3.2789 -5.8461 -15.354 -6.1467
0 0 3 0 66.775 -22.071 -4.6871 15.533 7.9021 -14.698 -9.1475 3.7748 -5.379 -14.358 -3.699 0.92642 -1.8743 -6.8725
0 0 3 0 78.775 -18.265 -4.2773 -2.2407 -7.6407 -15.073 -4.1297 -1.2041 -4.6547 7.9607 12.363 -0.43131 -21.512 -2.3111
0 0 3 0 81.486 -17.229 -4.0628 -2.014 -8.4355 -13.86 -4.2174 -1.7656 -3.732 6.923 6.8425 -1.3627 -14.517 -2.0328
0 0 3 0 81.486 -17.229 -4.0628 -2.014 -8.4355 -13.86 -4.2174 -1.7656 -3.732 6.923 6.8425 -1.3627 -14.517 -2.0328
0 0 3 0 65.685 -26.445 -6.3351 13.757 5.1778 -12.536 -5.1258 8.5296 1.246 -10.11 3.3562 3.4313 -5.2591 -3.9141
0 0 3 0 78.007 -18.742 -5.3933 -0.65427 -4.2199 -14.494 -3.808 -1.8499 -1.6184 3.4022 12.153 0.14149 -18.602 -0.96248
0 0 3 0 82.68 -16.533 -4.2086 -1.5321 -5.0494 -12.577 -6.0704 -3.4343 -7.5135 -1.8927 4.4091 4.0501 -4.2685 2.6818
0 0 3 0 82.51 -17.153 -4.0733 -0.98893 -5.0049 -13.002 -5.4476 -3.6129 -8.4399 -2.6647 3.5476 5.3825 -1.1502 3.1897
0 0 3 0 80.689 -17.437 -7.7146 -5.3975 -6.3574 -14.48 -3.8713 3.5096 -3.221 4.2324 8.1284 1.8858 -13.22 -1.3115
0 0 3 0 82.815 -17.254 -7.5008 -6.3133 -8.7896 -12.753 -4.2083 1.6002 -5.6538 3.5398 5.1032 0.94141 -7.0145 1.4325
0 0 3 0 82.815 -17.254 -7.5008 -6.3133 -8.7896 -12.753 -4.2083 1.6002 -5.6538 3.5398 5.1032 0.94141 -7.0145 1.4325
0 0 3 0 82.72 -17.732 -6.9813 -5.3162 -8.8851 -11.928 -3.2528 1.0869 -6.0091 2.4545 2.9436 1.5036 -1.7378 2.5986
0 0 3 0 65.091 -27.223 -6.7912 15.102 9.4446 -15.61 -4.9129 10.571 -0.18731 -7.953 2.5853 5.7572 -3.4452 -8.0388
0 0 3 0 78.9 -18.57 -6.1553 -2.489 -5.6428 -15.444 -3.9476 -0.11525 -1.4039 6.4793 15.393 -0.20325 -20.515 -5.2497
0 0 3 0 80.787 -17.427 -5.6638 -2.0019 -4.4359 -16.824 -2.5345 -0.45126 -1.3299 6.3782 11.097 -1.6979 -16.072 -4.0472
0 0 3 0 82.333 -17.423 -5.1398 -0.85266 -4.4335 -15.806 -1.203 0.02899 -0.64213 6.7123 7.2101 -1.1659 -10.188 -2.8409
0 0 3 0 82.347 -17.664 -5.0764 -0.57807 -4.4929 -15.505 -1.2309 0.11569 -0.89269 6.6002 6.0563 -1.3388 -8.9394 -2.5869
0 0 3 0 76.92 -20.6 -4.9769 1.1373 -3.3069 -17.59 0.27071 -1.829 3.0402 12.584 21.945 1.5968 -18.519 -2.9612
0 0 3 0 82.845 -15.835 -3.5941 -1.0502 -7.1978 -13.13 -4.2342 -3.6015 -6.6086 3.1881 5.6101 1.127 -2.2356 5.2221
0 0 3 0 82.661 -16.487 -3.6361 -0.34486 -7.8815 -13.68 -4.409 -3.2287 -6.3595 0.89712 3.3205 1.4775 1.1664 4.8161
0 0 3 0 78.424 -17.727 -4.7668 -0.013567 -2.5212 -16.077 -3.6094 0.73893 2.6929 7.8174 12.318 5.2033 -15.536 -2.3771
0 0 3 0 83.08 -16.056 -5.1497 -2.3587 -7.6903 -13.3 -4.4959 -1.3274 -1.0944 5.4726 5.9091 5.9824 -2.8587 4.6801
0 0 3 0 83.181 -16.359 -5.0599 -1.9399 -7.8347 -13.094 -4.2866 -1.3586 -1.0176 4.9884 5.166 6.303 -1.0885 4.8793
0 0 3 0 67.212 -22.813 -2.3871 14.84 5.0468 -14.484 -3.2105 9.3184 -7.8348 -15.919 -2.0917 2.4015 -10.161 -10.299
0 0 3 0 77.295 -18.598 -6.2908 0.41612 -1.9388 -15.965 -2.8829 -1.4439 1.468 8.9071 15.28 3.6809 -15.8 -3.8097
0 0 3 0 79.317 -16.884 -6.437 -3.1644 -3.2618 -15.293 -6.096 -0.57673 -3.3351 6.543 11.421 5.131 -11.55 2.4337
0 0 3 0 82.117 -16.564 -4.9347 -3.3742 -4.4794 -14.326 -4.1006 -2.9696 -3.9241 4.5392 7.0324 4.6869 -4.2198 4.1067
0 0 3 0 82.022 -17.193 -4.6192 -2.7278 -4.2867 -14.521 -3.612 -2.8059 -4.2095 3.5216 5.4031 4.8526 -1.4392 4.0155
0 0 3 0 64.554 -27.643 -7.451 16.09 7.609 -12.585 -3.3652 7.362 -4.126 -14.088 2.5271 8.356 -5.8862 -6.6856
0 0 3 0 80.133 -17.714 -5.3352 -1.7701 -4.0247 -15.038 -3.8368 0.081518 -2.6942 6.0558 8.7383 -4.6113 -19.369 -3.9722
0 0 3 0 80.133 -17.714 -5.3352 -1.7701 -4.0247 -15.038 -3.8368 0.081518 -2.6942 6.0558 8.7383 -4.6113 -19.369 -3.9722
0 0 3 0 80.868 -17.427 -5.4727 -1.5693 -4.2715 -14.78 -4.302 -0.030395 -3.4233 4.6889 6.9467 -4.732 -17.429 -3.898
0 0 3 0 65.662 -25.91 -7.9879 10.394 4.0593 -13.204 -3.5346 8.9823 -2.6317 -6.0449 5.3141 4.6102 -8.2743 -6.7881
0 0 3 0 80.229 -19.911 -5.7615 -2.057 -6.7189 -14.222 -3.0811 0.91178 -0.17055 11.012 18.986 1.0272 -17.035 -1.5676
0 0 3 0 81.732 -19.914 -5.7495 -2.4833 -8.1578 -13.232 -1.1802 1.5558 0.091422 10.857 14.999 0.35206 -12.569 -1.4329
0 0 3 0 81.66 -19.752 -5.3057 -1.3693 -7.6827 -12.946 -0.41659 2.5924 0.10831 9.5303 11.893 0.55781 -10.276 -2.2316
0 0 3 0 65.525 -28.156 -9.4295 14.574 7.3391 -13.706 -6.0165 6.8777 -1.2713 -11.022 0.40083 2.2039 -6.3498 -5.0844
0 0 3 0 80.436 -17.748 -8.308 -5.8922 -6.9507 -17.373 -6.053 -3.1584 -5.6726 2.6099 7.9421 2.1115 -14.284 0.030886
0 0 3 0 82.373 -17.301 -7.263 -4.2299 -6.3708 -14.944 -4.8806 -2.6537 -4.9903 1.7731 5.1295 3.0748 -8.2653 0.95025
0 0 3 0 82.373 -17.301 -7.263 -4.2299 -6.3708 -14.944 -4.8806 -2.6537 -4.9903 1.7731 5.1295 3.0748 -8.2653 0.95025
0 0 3 0 76.022 -19.466 -7.1597 -1.6326 -2.8893 -20.782 2.9726 -1.9271 -2.1339 9.155 17.013 4.0414 -15.494 -7.652
0 0 3 0 81.129 -16.924 -4.64 -2.0596 -7.2302 -10.977 -2.0827 -1.8501 -2.1158 9.1873 10.311 1.9808 -10.394 2.0167
0 0 3 0 81.129 -16.924 -4.64 -2.0596 -7.2302 -10.977 -2.0827 -1.8501 -2.1158 9.1873 10.311 1.9808 -10.394 2.0167
0 0 3 0 81.239 -17.225 -4.3711 -1.3632 -7.1441 -11.099 -1.9291 -2.2426 -3.0064 8.4616 8.2903 2.2298 -6.832 2.3323
