0 1 3 3 69.434 -18.744 -3.9664 12.122 0.35302 -12.364 3.4964 7.9245 -3.7207 -4.31 12.296 5.9581 -15.5 4.5279
0 1 3 3 72.755 -19.55 -4.5973 10.817 2.3514 -11.737 4.6128 4.5586 -4.972 -2.5912 7.0674 0.069357 -11.784 2.3933
0 1 3 3 74.005 -19.446 -4.3572 10.92 3.239 -10.578 6.5111 3.4582 -6.1706 -3.6777 5.3742 -0.22132 -7.4995 2.3855
0 1 3 3 74.301 -19.396 -4.4678 10.638 3.4509 -9.8364 7.6268 3.2274 -7.1846 -4.8818 4.7473 0.269 -5.3974 2.459
0 1 3 3 74.88 -18.594 -2.6131 11.61 2.3559 -9.8636 7.5828 1.7969 -7.7863 -2.2116 10.806 2.0352 -9.9475 2.2785
0 1 3 3 75.01 -18.851 -1.6634 13.033 3.3218 -10.712 6.8953 1.1807 -8.1544 -2.1144 9.6173 0.95628 -8.0088 2.1713
0 1 3 3 71.711 -17.612 -8.1779 3.613 -2.4653 -2.8889 13.531 13.329 -12.047 -16.704 8.5014 14.095 -8.6154 5.5432
0 1 3 3 74.6 -20.711 -8.2134 5.269 -0.02197 -7.6125 13.079 5.9805 -4.3953 -3.0078 11.806 6.6348 -6.6746 0.39909
0 1 3 3 74.6 -20.711 -8.2134 5.269 -0.02197 -7.6125 13.079 5.9805 -4.3953 -3.0078 11.806 6.6348 -6.6746 0.39909
0 1 3 3 74.713 -21.139 -7.3939 6.8688 1.1777 -9.1901 11.282 5.2953 -2.2923 -1.4092 10.696 3.91 -7.386 -0.11413
0 1 3 3 70.839 -19.465 -4.8688 13.532 -1.9005 -9.2258 3.9705 5.752 -2.1875 -0.26612 13.232 3.6953 -16.031 1.595
0 1 3 3 71.055 -19.889 -4.6968 13.124 -0.92003 -9.2753 3.7614 4.8814 -2.3708 0.24511 13.732 2.834 -17.045 0.75662
0 1 3 3 74.984 -18.257 -2.7077 10.986 5.5398 -9.8472 3.9274 2.5311 -8.2583 -4.1214 4.3232 3.6249 -7.3791 2.4828
0 1 3 3 74.984 -18.257 -2.7077 10.986 5.5398 -9.8472 3.9274 2.5311 -8.2583 -4.1214 4.3232 3.6249 -7.3791 2.4828
0 1 3 3 75.174 -17.934 -2.6331 10.607 5.5387 -9.4109 5.0245 2.6453 -9.4258 -5.7852 2.7262 4.2789 -5.1824 3.2664
0 1 3 3 70.799 -19.769 -4.8822 10.028 -2.4795 -6.2973 11.273 11.103 -8.2585 -9.3672 10.582 9.753 -10.462 4.7311
0 1 3 3 71.577 -20.512 -6.3092 5.4815 -3.2506 -7.0966 9.1642 8.1263 -7.121 -7.7488 13.475 7.0786 -13.729 4.7413
0 1 3 3 74.034 -19.712 -4.5744 8.8327 1.6333 -9.1888 5.9992 3.9061 -7.6005 -4.7825 10.15 2.0081 -8.9124 0.6669
0 1 3 3 74.37 -19.553 -4.0204 9.8971 2.4075 -9.2492 5.7743 3.3965 -7.3397 -4.1572 9.3599 1.5428 -7.7246 0.37682
0 1 3 3 74.37 -19.553 -4.0204 9.8971 2.4075 -9.2492 5.7743 3.3965 -7.3397 -4.1572 9.3599 1.5428 -7.7246 0.37682
0 1 3 3 74.505 -19.311 -3.4316 10.766 2.8422 -9.3587 5.5585 2.9968 -7.071 -3.8421 8.5837 1.1196 -6.7328 0.38983
0 1 3 3 75.007 -18.702 -4.0139 10.962 2.7527 -9.7718 6.6687 1.7821 -5.1015 -2.8099 6.9009 0.2568 -8.871 5.5231
0 1 3 3 75.396 -18.585 -3.6267 11.042 3.0228 -9.7696 6.7626 1.0456 -5.7001 -3.5723 6.1742 0.11531 -7.6835 5.6896
0 1 3 3 75.396 -18.585 -3.6267 11.042 3.0228 -9.7696 6.7626 1.0456 -5.7001 -3.5723 6.1742 0.11531 -7.6835 5.6896
0 1 3 3 69.362 -20.192 -4.9479 13.611 -0.92422 -10.664 6.3712 8.2505 -3.8522 -1.748 9.7187 7.1131 -15.026 5.7211
0 1 3 3 74.175 -19.076 -3.4028 9.6033 0.52329 -9.5251 10.387 6.5513 -10.943 -9.5002 2.2765 4.0708 -6.2777 3.4875
0 1 3 3 74.856 -18.645 -3.3492 8.5207 0.40296 -8.8129 12.225 6.3063 -13.11 -11.662 -0.47897 3.9138 -4.1121 3.1699
0 1 3 3 74.405 -19.702 -2.5128 11.383 3.2311 -11.622 4.7911 2.3369 -6.4363 -0.64682 11.778 3.147 -10.896 4.8259
0 1 3 3 74.868 -19.439 -2.3113 10.888 3.1618 -11.41 5.8484 2.5889 -6.9611 -1.9024 10.266 2.8388 -9.7079 4.9831
0 1 3 3 71.231 -19.582 -7.8982 6.1024 -2.3842 -3.4902 13.265 6.2251 -10.205 -10.762 12.503 9.2081 -11.589 6.2389
0 1 3 3 74.544 -18.467 -1.4414 12.669 3.7997 -9.9468 3.2939 2.1457 -6.258 -0.2901 9.104 1.0821 -12.27 2.5956
0 1 3 3 74.89 -18.432 -1.2771 12.601 4.1275 -9.8739 3.5904 2.3792 -5.9958 -0.2667 8.2388 1.2418 -11.057 2.497
0 1 3 3 74.884 -18.529 -5.7017 11.362 3.814 -10.776 5.7235 1.3286 -1.766 -2.4959 4.4277 0.80686 -7.4583 4.2923
0 1 3 3 75.002 -18.568 -5.57 11.575 4.1432 -10.384 5.9919 1.1129 -1.7193 -3.0228 3.6607 0.55756 -6.4838 4.3775
0 1 3 3 72.197 -18.728 -5.8241 8.8035 1.0506 -8.1671 10.771 6.7026 -7.1082 -4.1989 10.87 7.6348 -9.4262 3.7359
0 1 3 3 74.104 -17.842 -4.3378 9.0625 4.9369 -7.7182 9.9986 6.5413 -8.1143 -4.1312 10.591 6.7807 -9.032 3.5446
0 1 3 3 74.534 -17.663 -3.5809 9.3885 6.2967 -7.3968 10.145 6.2898 -8.5886 -3.2315 10.548 6.3142 -8.1832 3.0492
0 1 3 3 72.021 -19.357 -6.7043 6.3903 -3.6456 -7.3422 12.399 8.642 -6.486 -9.1807 8.0701 7.8404 -10.004 5.7635
0 1 3 3 75.043 -17.626 -6.7645 3.2555 -1.9567 -7.3566 14.074 8.6545 -8.7902 -11.01 5.1002 5.9193 -6.5952 3.9654
0 1 3 3 75.593 -17.303 -6.7758 2.8916 -1.6793 -6.9437 14.635 7.8321 -9.7723 -11.706 4.1327 5.5355 -5.8017 3.3663
0 1 3 3 75.961 -16.89 -6.6164 2.715 -1.2826 -6.2713 15.211 7.1239 -10.507 -12.073 3.4826 5.4774 -4.9381 2.9318
0 1 3 3 74.422 -20.188 -5.3309 7.211 -0.64573 -10.001 7.4664 2.5848 -4.9791 -1.1322 10.616 5.8359 -9.9197 3.0858
0 1 3 3 75.078 -20.586 -4.8409 7.7691 -0.076003 -10.727 7.1134 2.2351 -3.2547 0.39315 8.9561 3.6838 -9.2147 1.974
0 1 3 3 75.078 -20.586 -4.8409 7.7691 -0.076003 -10.727 7.1134 2.2351 -3.2547 0.39315 8.9561 3.6838 -9.2147 1.974
0 1 3 3 73.204 -19.192 -1.5298 14.911 4.4763 -7.5572 4.8933 2.733 -5.2895 -0.00051648 13.36 4.328 -11.461 6.0056
0 1 3 3 73.761 -19.026 -1.4074 14.661 4.6885 -7.4224 5.2014 2.6 -5.8427 -0.20889 12.424 4.1556 -10.354 5.9933
0 1 3 3 74.086 -18.888 -1.2987 14.559 4.9346 -7.2355 5.3266 2.3923 -6.4135 -0.54149 11.47 4.1064 -9.1718 5.8438
0 1 3 3 74.016 -19.027 -1.2064 14.69 5.3699 -6.8009 5.3902 2.0278 -7.2997 -0.89428 10.849 4.3074 -7.7854 5.7212
0 1 3 3 74.9 -17.857 -7.1808 4.0754 -0.5743 -5.4153 14.036 5.2137 -9.8528 -9.3075 8.4125 7.4435 -4.3488 2.7317
0 1 3 3 75.306 -17.876 -6.6341 4.8428 0.23813 -5.4367 13.553 4.284 -9.7039 -8.7903 7.8387 6.4186 -4.1992 2.1629
0 1 3 3 75.507 -17.805 -6.0115 5.7029 1.0513 -5.603 12.768 3.298 -9.8012 -8.6292 7.0627 5.5062 -3.869 1.7158
0 1 3 3 73.444 -21.329 -5.451 9.791 1.4259 -13.072 4.9443 3.2192 -0.79565 0.75406 12.998 3.5985 -10.152 5.0013
0 1 3 3 73.874 -21.159 -5.432 9.668 1.5733 -12.804 5.2435 2.9387 -1.2553 0.0025202 12.247 3.5753 -8.6061 4.8199
0 1 3 3 75.481 -18.291 -3.54 12.681 4.0548 -11.285 5.0787 4.284 -1.026 1.4168 7.1905 1.7847 -7.6844 -0.3027
0 1 3 3 75.481 -18.291 -3.54 12.681 4.0548 -11.285 5.0787 4.284 -1.026 1.4168 7.1905 1.7847 -7.6844 -0.3027
0 1 3 3 75.742 -18.133 -3.5165 12.528 3.8062 -11.346 5.5084 4.3173 -1.4204 0.47852 6.0024 1.3715 -6.2516 -0.34456
0 1 3 3 74.393 -19.938 -8.2795 7.4931 0.17378 -9.7148 11.702 5.4883 -5.7523 -5.3783 7.4822 7.4058 -1.8023 4.341
0 1 3 3 74.376 -20.058 -8.7456 6.8339 -0.17814 -9.5625 12.637 6.0365 -6.1107 -6.1649 6.3166 7.4398 -0.33743 4.456
0 1 3 3 74.054 -20.027 -4.3476 11.603 3.1551 -9.8715 4.9479 3.1425 -4.2697 0.40505 9.3677 4.3448 -9.9999 1.8214
0 1 3 3 74.054 -20.027 -4.3476 11.603 3.1551 -9.8715 4.9479 3.1425 -4.2697 0.40505 9.3677 4.3448 -9.9999 1.8214
0 1 3 3 74.43 -19.869 -3.8976 11.779 3.5289 -9.8767 5.2325 2.4158 -5.056 0.030788 8.6613 4.4834 -8.8686 1.4824
0 1 3 3 74.515 -19.116 -3.5434 12.467 5.3318 -11.509 7.0037 1.6908 -8.4767 -5.2584 5.5835 5.9209 -5.4024 2.4307
0 1 3 3 74.515 -19.116 -3.5434 12.467 5.3318 -11.509 7.0037 1.6908 -8.4767 -5.2584 5.5835 5.9209 -5.4024 2.4307
0 1 3 3 70.113 -18.714 -3.3258 13.204 -0.43336 -9.9486 3.9248 6.9271 -2.0993 -4.658 10.969 4.8279 -15.664 4.6532
0 1 3 3 73.11 -20.912 -4.7978 9.9492 2.2639 -13.165 6.2541 6.1042 -1.5247 3.6311 7.908 3.2345 -8.4338 3.7758
0 1 3 3 73.417 -20.872 -4.6727 9.9196 2.6677 -13.68 6.1185 5.5058 -2.0873 3.2317 6.418 3.0035 -7.7074 3.3431
0 1 3 3 73.434 -20.927 -4.6337 9.766 2.9301 -13.808 6.5023 5.6008 -2.0342 3.3265 5.8898 3.4142 -6.5495 3.5303
0 1 3 3 74.982 -19.676 -8.818 5.0965 0.46868 -4.8099 11.083 5.5681 -10.655 -4.5731 9.6529 8.1533 -2.6285 0.33143
0 1 3 3 74.982 -19.676 -8.818 5.0965 0.46868 -4.8099 11.083 5.5681 -10.655 -4.5731 9.6529 8.1533 -2.6285 0.33143
0 1 3 3 74.82 -19.958 -8.6395 5.5622 0.67206 -4.9652 10.612 5.4073 -10.449 -3.8641 9.3544 7.5843 -2.3696 -0.24902
0 1 3 3 75.017 -18.248 -4.1079 12.022 4.9269 -9.3256 1.9957 0.83543 -8.3105 -3.4712 8.1155 3.5306 -8.198 0.4174
0 1 3 3 75.017 -18.248 -4.1079 12.022 4.9269 -9.3256 1.9957 0.83543 -8.3105 -3.4712 8.1155 3.5306 -8.198 0.4174
0 1 3 3 75.296 -18.229 -4.2046 11.628 4.9626 -9.3773 2.0624 0.94459 -8.917 -4.0834 7.0083 3.1591 -6.9899 0.083508
0 1 3 3 75.348 -18.15 -4.2971 11.154 4.9086 -9.1796 2.6346 1.5136 -9.4347 -4.9339 6.0504 3.1073 -5.5578 0.13656
0 1 3 3 73.374 -20.862 -6.1336 10.859 1.0494 -10.836 7.2259 2.7417 -2.4508 3.9448 11.236 4.2215 -7.5523 1.2661
0 1 3 3 73.374 -20.862 -6.1336 10.859 1.0494 -10.836 7.2259 2.7417 -2.4508 3.9448 11.236 4.2215 -7.5523 1.2661
0 1 3 3 74.174 -18.87 -3.1292 12.292 2.2631 -11.771 2.0135 0.072621 -8.2805 -2.1807 5.2663 0.093388 -9.4306 1.3569
0 1 3 3 74.819 -18.491 -2.5775 12.748 2.2877 -11.023 2.0943 -0.47978 -9.2692 -2.462 4.5124 -0.2732 -6.9968 0.74317
0 1 3 3 75.051 -19.477 -5.1193 10.863 3.7667 -7.778 4.0611 1.2913 -4.5342 1.9599 6.1323 0.22312 -6.3623 1.5342
0 1 3 3 75.051 -19.477 -5.1193 10.863 3.7667 -7.778 4.0611 1.2913 -4.5342 1.9599 6.1323 0.22312 -6.3623 1.5342
0 1 3 3 75.072 -19.423 -5.0883 10.806 3.6816 -7.0504 4.7983 1.6089 -4.985 1.0218 4.8616 0.20099 -4.8643 1.6564
0 1 3 3 76.475 -18.746 -8.5157 3.2982 -4.3528 -6.8664 11.963 5.3123 -11.601 -6.0883 10.277 8.484 -1.9977 2.3976
0 1 3 3 76.764 -18.794 -8.432 3.481 -4.3185 -7.1852 11.164 4.7756 -11.609 -5.672 9.7704 7.831 -1.6715 1.7614
0 1 3 3 76.764 -18.794 -8.432 3.481 -4.3185 -7.1852 11.164 4.7756 -11.609 -5.672 9.7704 7.831 -1.6715 1.7614
0 1 3 3 74.911 -18.453 -3.9926 9.3202 0.45947 -9.4952 2.8627 2.0486 -8.9784 -4.6797 8.8004 0.33905 -11.363 2.7126
0 1 3 3 75.5 -18.337 -3.8266 9.2563 0.31045 -9.1972 2.7606 2.257 -10.028 -5.2204 7.9283 0.13517 -9.7877 2.7527
0 1 3 3 75.899 -18.07 -3.421 9.4898 0.32133 -8.6542 2.8259 2.8315 -11.806 -5.8609 6.9755 -0.43721 -7.3701 2.8467
0 1 3 3 75.899 -18.07 -3.421 9.4898 0.32133 -8.6542 2.8259 2.8315 -11.806 -5.8609 6.9755 -0.43721 -7.3701 2.8467
0 1 3 3 70.633 -19.925 -7.7012 -2.2925 -3.5917 4.5171 18.002 10.711 -19.318 -13.105 5.9134 5.3908 9.1806 6.9436
0 1 3 3 75.261 -18.305 -4.0557 10.777 5.7054 -8.7255 7.0347 4.3272 -5.3131 -2.3489 6.0249 3.4906 -4.3636 1.345
0 1 3 3 75.585 -18.008 -4.0579 10.24 5.4227 -8.3422 7.4709 4.4276 -6.1715 -4.0317 4.7411 3.478 -2.7172 1.868
0 1 3 3 68.999 -21.307 -5.2324 14.352 -2.6903 -9.8297 3.5782 6.5484 -5.601 -2.7763 12.974 6.3054 -15.23 4.431
0 1 3 3 74.912 -19.121 -2.5548 13.064 3.2163 -9.0123 3.6112 6.3463 -1.6463 -0.22767 6.9427 1.1218 -9.4067 3.835
0 1 3 3 74.912 -19.121 -2.5548 13.064 3.2163 -9.0123 3.6112 6.3463 -1.6463 -0.22767 6.9427 1.1218 -9.4067 3.835
0 1 3 3 74.912 -19.121 -2.5548 13.064 3.2163 -9.0123 3.6112 6.3463 -1.6463 -0.22767 6.9427 1.1218 -9.4067 3.835
0 1 3 3 72.413 -17.121 -7.3811 6.572 -1.9441 -2.3753 14.844 7.3539 -10.774 -13.515 6.3915 11.429 -5.5788 4.5695
0 1 3 3 73.776 -20.512 -7.4866 7.2472 0.2624 -7.4828 11.358 3.8716 -5.4516 -0.61482 9.4897 4.6889 -7.6434 1.5717
0 1 3 3 73.867 -21.279 -6.7702 9.3679 0.97964 -9.1862 8.0868 3.4046 -2.1541 2.1698 8.1682 2.351 -6.9755 0.458
0 1 3 3 73.867 -21.279 -6.7702 9.3679 0.97964 -9.1862 8.0868 3.4046 -2.1541 2.1698 8.1682 2.351 -6.9755 0.458
0 1 3 3 76.694 -18.32 -6.1155 7.8688 4.0452 -11.087 5.5219 3.0585 -3.8931 -0.5915 5.1581 0.31291 -6.1509 2.8731
0 1 3 3 76.987 -18.079 -5.8794 7.8091 3.9101 -10.44 5.9929 3.0389 -4.486 -1.5097 4.1607 -0.007041 -5.0141 3.1327
0 1 3 3 67.338 -22.783 -1.8022 10.748 -4.1689 -5.91 8.7541 10.324 -11.006 2.1597 10.188 -4.6321 -1.9372 7.1647
0 1 3 3 69.687 -19.01 -3.751 13.434 2.337 -9.3708 3.0555 7.4415 -5.8225 -4.1924 11.079 5.666 -17.572 4.47
0 1 3 3 75.736 -20.05 -7.1937 7.0671 0.89661 -10.385 7.7033 2.4928 -3.5941 2.8598 6.4281 0.52551 -5.7699 3.4109
0 1 3 3 75.846 -20.22 -7.1415 6.9959 0.77485 -10.135 8.1474 2.5145 -4.0411 2.4132 5.8064 0.16856 -4.5103 3.564
0 1 3 3 70.152 -19.952 -3.5467 3.0871 -0.27658 1.3767 8.269 9.3765 -12.654 -5.7298 10.58 2.7812 0.94094 2.2996
0 1 3 3 69.424 -19.864 -0.10269 12.864 1.1117 -5.6696 5.6909 8.7006 -7.4154 -3.8775 12.872 3.0719 -4.2341 4.0488
0 1 3 3 69.796 -20.089 -4.5879 14.071 2.4532 -11.323 5.4791 5.615 -4.5346 -4.2928 10.908 5.9281 -13.211 4.1685
0 1 3 3 74.049 -18.838 -4.0965 12.106 4.6028 -12.173 7.6036 2.4342 -6.7706 0.45762 9.5021 3.0214 -10.086 1.979
0 1 3 3 74.306 -18.746 -3.9184 12.329 5.3045 -11.641 7.6258 2.1636 -6.9378 0.19415 8.9243 2.8504 -8.9494 1.7915
0 1 3 3 75.772 -18.081 -4.8715 10.213 1.9916 -6.0721 9.6623 -2.1596 -17.475 -9.9636 6.9817 7.3626 -3.5933 -0.83745
0 1 3 3 75.698 -18.162 -3.8998 12.084 2.7141 -7.5787 8.4151 -1.9934 -15.265 -7.9057 6.5083 4.899 -3.4528 -1.2589
0 1 3 3 69.913 -19.651 -5.0901 8.3076 -0.54066 -6.2972 9.354 12.656 -9.1643 -10.222 12.723 10.017 -9.6522 5.0412
0 1 3 3 76.072 -17.269 -4.5226 9.6337 5.1274 -9.5156 6.825 2.9195 -3.4767 -1.8897 3.2981 2.943 -7.2351 3.5177
0 1 3 3 76.127 -17.297 -4.2636 10.071 5.4854 -9.8532 6.2822 2.3919 -3.364 -1.7017 2.6162 2.1442 -6.8601 3.5747
0 1 3 3 76.127 -17.297 -4.2636 10.071 5.4854 -9.8532 6.2822 2.3919 -3.364 -1.7017 2.6162 2.1442 -6.8601 3.5747
0 1 3 3 70.257 -20.622 -5.7707 14.256 0.62171 -10.222 3.552 5.827 -1.6785 -1.7608 11.746 2.8133 -15.925 5.6283
0 1 3 3 72.521 -19.504 -3.8429 13.417 3.8808 -10.317 4.0211 3.6616 -3.5786 -3.0853 11.289 2.4672 -12.206 4.9179
0 1 3 3 74.023 -19.131 -2.1606 14.138 5.2597 -10.535 5.4299 1.7578 -6.1556 -4.167 8.5985 2.5031 -8.6295 3.5279
0 1 3 3 74.054 -19.074 -1.7619 14.587 5.7499 -10.359 5.6566 1.2547 -6.6895 -4.3366 8.2743 2.6829 -7.659 3.1272
0 1 3 3 73.129 -19.146 -3.8602 11.511 2.5795 -11.426 4.186 5.2842 -2.5629 -1.3484 7.7517 0.92216 -11.338 5.3131
0 1 3 3 73.82 -18.962 -3.6571 11.336 2.8756 -11.154 4.2195 5.3334 -2.5401 -1.5111 6.4888 0.55343 -10.532 5.1582
0 1 3 3 74.423 -18.924 -3.4596 10.986 3.1645 -10.548 4.8552 5.3451 -2.6632 -1.7179 4.4983 0.28709 -8.8735 4.7981
0 1 3 3 74.337 -18.952 -3.3924 10.812 3.2071 -10.256 5.2607 5.4277 -2.9174 -2.0029 3.731 0.24348 -8.1814 4.5733
0 1 3 3 73.699 -19.349 -2.1799 14.516 4.223 -10.36 5.7496 3.3631 -7.5806 0.069387 7.9582 0.43757 -10.769 4.2081
0 1 3 3 74.163 -19.111 -1.8143 14.581 4.8572 -10.024 5.4213 2.987 -8.3474 0.21454 7.6688 1.0028 -9.4579 3.445
0 1 3 3 74.278 -19.053 -1.4586 14.856 5.4941 -9.7776 4.7676 2.2266 -9.3066 0.20189 7.4497 1.3283 -8.4916 2.6623
0 1 3 3 73.852 -19.463 -3.0823 14.424 2.3369 -9.4221 8.4861 1.7386 -6.3149 -3.4351 8.8988 2.9359 -8.3682 2.1314
0 1 3 3 73.944 -19.346 -2.6689 15.167 2.5779 -9.2025 8.2045 0.97987 -7.366 -3.7819 8.8881 3.8985 -6.9287 1.5533
0 1 3 3 73.165 -19.112 -3.4737 13.668 5.1184 -12.334 2.3179 2.1767 -4.7559 0.098224 7.3168 -0.09809 -12.86 2.6686
0 1 3 3 74.114 -19.666 -3.3622 13.655 7.2297 -11.788 3.4726 -0.33796 -6.9443 0.83666 5.1412 1.3587 -8.1311 1.1759
0 1 3 3 74.114 -19.666 -3.3622 13.655 7.2297 -11.788 3.4726 -0.33796 -6.9443 0.83666 5.1412 1.3587 -8.1311 1.1759
0 1 3 3 74.157 -20.317 -5.4532 9.71 0.87563 -12.427 4.1171 4.2926 -2.7883 0.88643 8.34 1.7556 -5.3206 5.6711
0 1 3 3 74.157 -20.317 -5.4532 9.71 0.87563 -12.427 4.1171 4.2926 -2.7883 0.88643 8.34 1.7556 -5.3206 5.6711
0 1 3 3 74.116 -20.469 -5.5653 9.4294 0.73184 -12.482 4.1955 4.1344 -3.0364 0.70324 7.8767 2.1108 -3.831 6.1021
0 1 3 3 70.288 -21.214 -6.0865 10.852 -1.6745 -6.7249 8.49 9.8757 -4.3846 -4.5665 10.736 4.6606 -13.315 6.5877
0 1 3 3 75.349 -18.661 -5.82 8.2445 1.2063 -6.2872 12.74 5.8784 -6.1628 -4.7232 9.8805 6.9707 -2.5414 3.7263
0 1 3 3 75.592 -18.643 -5.971 7.5749 1.2813 -5.6167 14.261 6.686 -5.7626 -4.9175 8.9942 7.1343 -1.5152 3.8018
0 1 3 3 70.501 -20.893 -6.2604 11.206 -1.3039 -10.603 6.6679 5.2419 -1.6531 -4.1174 12.355 2.5178 -15.372 3.8785
0 1 3 3 72.68 -20.281 -5.0554 10.917 1.8501 -11.74 5.0808 3.3764 -3.2911 -0.30948 11.54 2.2157 -12.886 4.4451
0 1 3 3 73.485 -20.666 -4.7194 11.412 3.1072 -11.507 4.973 2.0942 -3.5484 0.18266 10.201 1.7452 -10.978 3.453
0 1 3 3 73.729 -20.595 -4.4879 11.45 3.4588 -11.254 5.4023 1.8226 -3.8993 -0.032182 9.4978 1.9632 -9.8502 3.3583
0 1 3 3 70.391 -20.996 -5.0281 9.9067 -1.6143 -9.4785 4.6732 6.2228 -4.2139 -5.7857 13.314 4.4227 -18.079 5.7493
0 1 3 3 74.158 -19.074 -2.6687 10.724 3.318 -10.838 3.4106 1.5429 -7.2762 -3.3937 10.721 2.0354 -12.38 2.584
0 1 3 3 75.121 -19.14 -2.2523 10.815 5.0961 -11.33 3.8796 1.356 -8.6141 -3.378 8.831 2.5917 -10.174 1.2653
0 1 3 3 75.292 -19.268 -2.1178 10.778 5.4209 -11.501 4.1392 1.29 -8.8656 -3.706 7.7862 2.6918 -9.545 0.96017
0 1 3 3 70.57 -20.706 -6.4725 9.3421 -1.0202 -9.3262 7.1385 5.5384 -6.2011 -3.5891 13.534 5.4874 -13.814 4.9247
0 1 3 3 73.409 -21.728 -3.5635 11.278 3.4898 -11.858 3.9172 4.1301 -6.8242 -0.20299 11.099 1.7182 -10.71 3.7732
0 1 3 3 73.427 -22.159 -3.5342 11.455 4.2506 -12.052 4.3646 3.8645 -6.885 0.33219 11.284 2.5295 -9.1244 3.8255
0 1 3 3 72.869 -21.402 -5.0357 12.07 4.012 -10.421 3.6217 1.9808 -3.8191 1.408 10.385 3.6299 -8.1597 3.4859
0 1 3 3 73.55 -21.38 -4.7926 12.282 5.0398 -10.402 3.5143 0.56749 -3.8338 0.8933 7.7574 2.7137 -6.9248 2.6098
0 1 3 3 73.55 -21.38 -4.7926 12.282 5.0398 -10.402 3.5143 0.56749 -3.8338 0.8933 7.7574 2.7137 -6.9248 2.6098
0 1 3 3 73.964 -19.638 -4.4283 11.726 3.6664 -10.19 8.1827 0.91998 -5.1556 -0.76634 10.555 3.0138 -9.504 1.0936
0 1 3 3 74.36 -19.672 -4.4129 11.392 3.8459 -9.878 8.9441 0.40022 -5.7713 -1.5305 9.7244 3.428 -8.1035 1.1777
0 1 3 3 74.652 -19.518 -4.4858 10.577 3.5251 -9.3665 10.134 0.74782 -6.5259 -2.8606 8.4377 3.9005 -6.2308 1.7451
0 1 3 3 72.699 -20.779 -4.7407 11.153 0.88568 -11.445 4.9864 4.6378 -4.7362 2.8323 11.45 3.9879 -11.101 2.4886
0 1 3 3 73.358 -21.391 -4.7413 11.302 1.6641 -10.925 5.5384 4.1416 -5.3968 3.0367 9.587 3.6855 -8.9591 0.43335
0 1 3 3 74.044 -18.798 -4.7528 10.356 4.5717 -6.2248 8.5697 3.4461 -9.1251 -4.6119 11.584 8.8269 -6.6572 1.9627
0 1 3 3 74.38 -18.97 -3.7568 11.628 5.3965 -7.3566 7.1704 2.4639 -8.2112 -3.2869 11.205 7.3275 -6.8101 2.0874
0 1 3 3 74.486 -19.311 -2.6668 13.188 6.6602 -8.3314 5.3928 1.0178 -7.388 -1.9085 10.31 5.1467 -5.6121 2.7797
0 1 3 3 73.035 -20.555 -4.8167 10.22 3.3298 -10.403 0.57463 2.7694 -4.4871 -0.20416 11.53 4.0767 -10.681 3.7372
0 1 3 3 73.735 -21.14 -4.8064 10.481 3.8807 -9.4651 0.61447 1.1919 -5.1556 -0.60221 10.496 3.4831 -8.0387 2.9489
0 1 3 3 73.733 -21.326 -4.8628 10.522 3.9929 -8.9783 1.2716 1.2319 -5.0629 -0.90603 9.9386 3.5585 -6.5602 2.9474
0 1 3 3 75.467 -16.785 -4.6077 6.2005 1.2509 -6.6884 11.123 6.4703 -12.853 -12.41 7.6741 11.344 -2.0998 3.6454
0 1 3 3 75.804 -16.877 -4.1165 6.7896 1.7545 -6.7548 10.882 6.4789 -12.378 -11.995 7.3405 10.877 -2.143 3.0786
0 1 3 3 75.879 -16.957 -3.6556 7.2897 2.0294 -7.0108 10.577 6.5187 -12.01 -11.661 6.9891 10.389 -2.3264 2.5684
0 1 3 3 75.05 -18.426 -3.9216 12.637 4.4882 -10.518 1.4185 -1.4727 -7.3742 -5.2966 2.7021 1.2286 -7.9754 4.3822
0 1 3 3 75.341 -18.348 -3.6214 12.671 4.6319 -10.235 1.8991 -1.3217 -7.376 -5.7355 2.2448 1.2975 -7.1596 4.2868
0 1 3 3 75.341 -18.348 -3.6214 12.671 4.6319 -10.235 1.8991 -1.3217 -7.376 -5.7355 2.2448 1.2975 -7.1596 4.2868
0 1 3 3 75.277 -18.432 -3.2845 12.905 4.9462 -9.8924 2.3855 -1.1507 -7.5077 -6.2573 1.734 1.2662 -6.4841 4.2398
0 1 3 3 74.501 -18.262 -5.1465 8.655 4.2037 -8.1007 8.8319 3.4428 -7.9919 -4.6298 7.7345 6.1378 -10.026 2.8099
0 1 3 3 74.671 -18.37 -4.2899 9.8417 5.005 -8.867 7.3907 2.6833 -7.1035 -3.9924 6.691 4.8574 -10.339 2.7704
0 1 3 3 74.671 -18.37 -4.2899 9.8417 5.005 -8.867 7.3907 2.6833 -7.1035 -3.9924 6.691 4.8574 -10.339 2.7704
0 1 3 3 73.549 -19.64 -2.7817 15.507 7.5254 -13.088 2.42 -0.37904 -2.6262 1.2107 9.0034 3.4317 -10.942 1.5179
0 1 3 3 74.084 -19.449 -2.4562 15.664 7.8133 -13.432 2.8476 -0.80621 -2.408 0.58178 7.5118 3.2755 -9.7667 1.779
0 1 3 3 75.907 -17.693 -7.1853 5.9942 6.0996 -2.4911 10.882 6.0297 -10.787 -9.9106 5.6606 10.084 -2.8816 0.71236
0 1 3 3 76.232 -17.847 -7.033 6.1484 6.7494 -2.7636 10.32 5.6423 -10.068 -8.9204 5.0553 9.0839 -2.8566 0.17035
0 1 3 3 70.897 -19.23 -7.4933 8.7062 -1.0742 -7.3342 11.482 7.0447 -7.9255 -9.9316 9.2489 10.912 -8.4361 4.2404
0 1 3 3 71.003 -19.619 -7.7113 8.3577 -1.3004 -6.8435 11.363 6.7061 -7.4755 -8.0371 10.327 9.571 -9.8818 3.6713
0 1 3 3 74.019 -19.749 -4.0725 11.339 0.7205 -9.3449 5.9641 3.8194 -6.6483 -0.94731 8.8947 -0.086371 -11.51 0.396
0 1 3 3 74.486 -19.812 -3.3151 12.173 0.93882 -9.6839 4.8467 3.3088 -5.2414 -0.36496 7.5359 -1.9144 -10.071 0.42724
0 1 3 3 74.486 -19.812 -3.3151 12.173 0.93882 -9.6839 4.8467 3.3088 -5.2414 -0.36496 7.5359 -1.9144 -10.071 0.42724
0 1 3 3 74.486 -19.812 -3.3151 12.173 0.93882 -9.6839 4.8467 3.3088 -5.2414 -0.36496 7.5359 -1.9144 -10.071 0.42724
0 1 3 3 74.552 -18.794 -5.6901 7.5425 3.4197 -7.3454 9.8083 2.3461 -11.678 -7.9159 8.5312 7.4396 -4.1386 0.96246
0 1 3 3 74.773 -18.967 -5.0034 8.8252 4.1059 -8.0167 8.806 2.0024 -9.8716 -6.2257 8.5121 6.276 -3.8018 1.1039
0 1 3 3 74.527 -19.548 -4.5238 10.373 5.3813 -8.1947 7.796 1.342 -8.8406 -5.3071 8.1949 5.2911 -3.4034 1.1368
0 1 3 3 72.583 -21.85 -5.3482 11.04 1.4402 -9.7369 6.5415 6.3726 -2.485 1.7889 11.823 3.5235 -13.164 3.6414
0 1 3 3 73.224 -22.523 -5.4767 11.677 2.0848 -9.1108 6.0488 4.9715 -2.366 2.6346 10.755 3.7047 -10.879 2.5181
0 1 3 3 73.224 -22.523 -5.4767 11.677 2.0848 -9.1108 6.0488 4.9715 -2.366 2.6346 10.755 3.7047 -10.879 2.5181
0 1 3 3 73.376 -21.312 -5.4944 9.4905 2.5323 -13.404 3.1486 6.6637 0.25764 0.29461 11.994 5.5308 -11.968 4.0802
0 1 3 3 73.376 -21.312 -5.4944 9.4905 2.5323 -13.404 3.1486 6.6637 0.25764 0.29461 11.994 5.5308 -11.968 4.0802
0 1 3 3 68.527 -21.353 -4.7341 3.5942 -4.3154 0.26574 17.554 7.8035 -16.752 -9.2292 11.429 0.23842 2.8327 7.8393
0 1 3 3 70.517 -19.933 -5.5601 10.161 -2.0864 -5.9598 9.858 6.9577 -5.9154 -8.5048 9.8545 7.4145 -10.565 7.311
0 1 3 3 75.269 -18.872 -2.7713 12.007 5.1032 -10.615 7.0135 0.33322 -10.884 -6.6792 6.1129 3.6587 -8.0433 1.1571
0 1 3 3 75.287 -19.001 -2.4846 12.467 5.3596 -11.091 6.6984 -0.192 -11.406 -7.2057 5.4657 3.1279 -7.2423 0.8568
0 1 3 3 66.8 -21.612 -0.89283 12.106 -4.7061 -10.938 7.8195 7.9816 -10.531 1.3921 11.122 -4.3293 -3.4212 7.314
0 1 3 3 71.905 -20.041 -6.0727 7.9599 -1.0228 -8.515 7.4501 5.4426 -3.585 -2.5319 14.434 7.1645 -13.672 3.7649
0 1 3 3 74.717 -19.395 -2.7853 9.4214 4.6125 -9.7279 4.4347 3.9364 -5.5745 -2.9866 8.7665 3.9984 -9.5495 2.9441
0 1 3 3 74.717 -19.395 -2.7853 9.4214 4.6125 -9.7279 4.4347 3.9364 -5.5745 -2.9866 8.7665 3.9984 -9.5495 2.9441
0 1 3 3 75.213 -18.064 -2.958 11.796 5.7335 -11.67 0.76938 1.0861 -7.6732 -3.5603 7.4036 3.2271 -12.524 -0.45009
0 1 3 3 75.626 -17.966 -2.9094 11.342 5.9299 -11.941 1.3546 1.3015 -8.2495 -3.9639 6.3749 3.2357 -11.266 -0.49338
0 1 3 3 75.825 -17.822 -2.8429 10.968 5.9883 -11.859 2.4953 1.9324 -8.5469 -4.4157 5.5349 3.6202 -9.7033 -0.21702
0 1 3 3 75.825 -17.822 -2.8429 10.968 5.9883 -11.859 2.4953 1.9324 -8.5469 -4.4157 5.5349 3.6202 -9.7033 -0.21702
0 1 3 3 75.208 -18.898 -5.0244 12.382 5.2033 -9.2785 3.4665 0.27704 -4.4052 -0.16352 6.5214 1.3306 -7.3442 1.2841
0 1 3 3 75.421 -18.994 -4.8569 12.675 6.0972 -8.9712 3.4652 -0.5291 -5.1178 -0.51618 6.4082 1.9349 -5.8035 0.90899
0 1 3 3 74.644 -17.726 -3.3732 9.9424 1.9833 -13.035 4.7628 1.4615 -9.4061 -6.603 4.831 3.4268 -8.5742 3.7474
0 1 3 3 74.978 -17.794 -3.2152 9.9033 2.3469 -13.166 4.7747 0.92677 -10.284 -7.3233 3.9385 4.0437 -7.0912 3.6688
0 1 3 3 75.091 -17.857 -3.0497 9.9472 2.5717 -13.228 4.8148 0.58024 -11.084 -8.0939 3.017 4.2751 -5.9652 3.5182
0 1 3 3 70.451 -20.741 -5.3591 10.237 0.35662 -10.407 5.1847 7.4002 -1.7642 -4.0311 13.24 7.0292 -16.788 5.647
0 1 3 3 74.174 -18.729 -3.8943 11.303 0.86125 -10.423 4.3921 1.2306 -6.4051 -3.1007 8.2705 2.1825 -11.823 2.1935
0 1 3 3 74.64 -18.762 -3.882 11.155 0.95067 -10.406 4.5712 0.48874 -7.0271 -3.5248 6.9509 1.1767 -10.905 1.8197
0 1 3 3 74.932 -18.646 -3.6922 11.063 1.1319 -10.371 4.8437 0.14816 -7.2094 -3.6618 6.1134 0.74772 -9.8125 1.7228
0 1 3 3 73.435 -19.181 -2.2927 14.009 6.8813 -8.5943 2.1434 0.64896 -6.0392 -0.87293 13.222 7.408 -10.887 3.4565
0 1 3 3 74.348 -19.422 -1.5379 14.534 7.6981 -8.9893 1.4168 0.019251 -5.1714 0.079729 12.197 7.903 -9.1289 2.4499
0 1 3 3 74.269 -19.828 -1.1374 14.784 8.0287 -8.9347 1.6228 0.081602 -4.5446 0.24054 11.199 8.4629 -7.6634 1.8823
0 1 3 3 70.502 -20.484 -4.854 12.585 -0.84715 -10.072 6.5287 4.6853 -4.732 -3.2233 11.422 3.3044 -15.26 5.4519
0 1 3 3 73.328 -20.315 -2.4576 13.231 1.1383 -9.7896 4.3052 0.61373 -7.0379 1.8209 9.9691 1.012 -10.191 3.5766
0 1 3 3 73.611 -20.281 -2.0091 13.471 1.4587 -9.6657 4.5628 -0.0034496 -7.9019 1.6002 9.1274 0.91757 -8.8394 3.2905
0 1 3 3 70.202 -20.922 -4.0997 12.067 -0.77704 -12.293 4.2588 5.288 -2.1438 -2.1345 12.053 3.5493 -17.454 7.1144
0 1 3 3 70.202 -20.922 -4.0997 12.067 -0.77704 -12.293 4.2588 5.288 -2.1438 -2.1345 12.053 3.5493 -17.454 7.1144
0 1 3 3 74.357 -18.219 -1.845 11.183 3.189 -13.386 3.4658 1.9051 -5.5475 -2.323 9.8347 1.9673 -12.427 5.2426
0 1 3 3 75.198 -18.072 -1.3474 11.395 4.6159 -13.573 4.2744 1.6335 -5.8851 -2.4281 7.9622 1.9419 -10.089 5.0722
0 1 3 3 70.486 -19.813 -4.5294 13.62 -0.068955 -10.132 5.372 4.3295 -6.275 -3.4607 10.3 4.3983 -14.931 4.5084
0 1 3 3 71.102 -19.332 -3.3456 14.651 1.0958 -11.06 3.3209 2.3171 -7.0942 -3.4002 10.058 3.2401 -14.304 4.318
0 1 3 3 74.455 -18.527 -0.59814 14.782 5.5576 -11.684 1.928 -3.1561 -11.97 -3.9914 8.0114 3.0945 -8.0387 2.0763
0 1 3 3 74.547 -18.704 -0.50439 14.767 5.9214 -11.552 1.8894 -3.8097 -12.541 -4.5043 7.2196 3.2925 -6.7921 1.8726
0 1 3 3 70.312 -19.492 -5.5731 11.071 2.6387 -8.8749 5.9315 5.5623 -5.8632 -6.0776 9.5671 7.6792 -14.732 6.3498
0 1 3 3 70.312 -19.492 -5.5731 11.071 2.6387 -8.8749 5.9315 5.5623 -5.8632 -6.0776 9.5671 7.6792 -14.732 6.3498
0 1 3 3 75.299 -18.995 -4.333 10.753 6.4163 -9.5276 5.2272 3.49 -7.157 -5.1775 5.6113 4.9019 -7.1096 0.76956
0 1 3 3 75.331 -18.998 -4.1917 10.836 6.2801 -9.7726 5.6785 3.7605 -7.0387 -5.082 5.2124 4.9243 -6.5109 0.37199
0 1 3 3 75.331 -18.998 -4.1917 10.836 6.2801 -9.7726 5.6785 3.7605 -7.0387 -5.082 5.2124 4.9243 -6.5109 0.37199
0 1 3 3 74.15 -19.018 -2.0191 13.73 6.1945 -11.124 1.1258 -1.6992 -7.9307 -3.3794 8.3317 3.7734 -9.4854 3.4033
0 1 3 3 74.582 -19.006 -1.7769 13.627 6.7696 -10.859 1.7034 -1.7201 -8.1566 -4.3074 7.4344 4.3806 -8.1589 3.8049
0 1 3 3 74.81 -18.906 -1.4987 13.557 7.1524 -10.577 2.596 -1.2636 -8.0636 -5.1101 6.646 5.0521 -6.8496 4.4622
0 1 3 3 74.811 -18.797 -1.4303 13.164 7.142 -10.336 3.8075 -0.48705 -8.1225 -6.3275 5.4627 5.6033 -5.3617 5.2244
0 1 3 3 73.647 -18.124 -2.8487 12.897 2.9709 -10.486 1.3458 -0.15919 -9.6988 -6.714 8.1504 3.2869 -10.275 0.95619
0 1 3 3 74.506 -18.259 -2.4631 13.805 4.0044 -10.416 0.38142 -1.6821 -10.647 -7.1031 6.7833 2.6721 -7.4265 0.40106
0 1 3 3 74.6 -18.468 -2.3311 14.352 4.7115 -9.9721 0.037931 -2.3899 -11.313 -7.268 6.4459 2.7766 -5.7526 0.2474
0 1 3 3 74.462 -18.671 -2.3013 14.603 5.1468 -9.5743 -0.08024 -2.6242 -11.645 -7.4425 5.8752 2.5044 -4.3539 0.34641
0 1 3 3 71.964 -20.168 -8.2219 5.9599 -2.1316 -4.7224 15.881 6.8811 -11.86 -8.7282 10.042 11.313 -5.1247 3.503
0 1 3 3 73.899 -21.567 -6.4401 7.6483 3.666 -7.6176 10.556 5.3141 -6.814 -3.3023 10.579 7.2028 -5.017 -0.38646
0 1 3 3 73.899 -21.567 -6.4401 7.6483 3.666 -7.6176 10.556 5.3141 -6.814 -3.3023 10.579 7.2028 -5.017 -0.38646
0 1 3 3 70.554 -19.985 -3.0879 12.601 -0.82513 -11.175 6.1171 5.159 -3.8683 -7.417 11.142 3.2325 -14.167 6.2692
0 1 3 3 72.791 -22.484 -5.0442 10.946 4.4012 -8.7182 5.1873 6.5231 -2.6006 2.0768 10.922 1.5884 -10.952 1.1238
0 1 3 3 73.216 -22.117 -4.6937 10.96 4.628 -8.8257 4.7509 5.9033 -3.4521 1.5736 9.7719 1.5488 -9.4333 1.1549
0 1 3 3 72.885 -22.796 -5.1734 10.982 5.1973 -8.4011 4.9005 6.1384 -2.9187 2.1981 9.2815 1.1297 -9.13 0.12035
0 1 3 3 76.127 -19.01 -4.4256 6.0241 0.28725 -8.0439 10.46 5.5688 -8.1477 -1.1075 7.3964 4.3711 -5.9403 5.0566
0 1 3 3 76.127 -19.01 -4.4256 6.0241 0.28725 -8.0439 10.46 5.5688 -8.1477 -1.1075 7.3964 4.3711 -5.9403 5.0566
0 1 3 3 76.16 -19.062 -4.4673 5.5204 -0.26942 -7.4907 11.309 5.7189 -8.723 -2.0725 6.8436 4.6736 -4.6644 5.3809
0 1 3 3 70.778 -19.198 -4.1512 11.428 0.93382 -10.291 3.467 6.551 -3.5719 -4.3139 9.6677 6.0579 -17.183 5.1417
0 1 3 3 70.48 -20.835 -5.2699 11.104 0.32361 -11.475 2.1936 5.9577 -2.5824 -1.5679 11.091 4.9692 -17.331 5.7078
0 1 3 3 74.774 -19.069 -1.9531 13.317 3.7175 -14.523 1.4182 2.6893 -3.4691 0.34024 7.9884 -2.3904 -9.797 4.3792
0 1 3 3 74.774 -19.069 -1.9531 13.317 3.7175 -14.523 1.4182 2.6893 -3.4691 0.34024 7.9884 -2.3904 -9.797 4.3792
0 1 3 3 75.077 -18.78 -1.5725 13.458 4.1924 -14.445 2.0553 2.5622 -3.8037 0.14156 7.2644 -2.5195 -8.9078 4.3719
0 1 3 3 74.757 -18.486 -3.9069 13.806 3.2248 -8.8945 4.7622 4.3158 -3.1815 -1.8142 8.104 0.43427 -10.143 4.0245
0 1 3 3 75.279 -18.611 -3.9289 13.962 3.7871 -8.4138 5.2054 4.2481 -3.0425 -2.035 7.118 -0.5219 -8.7731 3.7311
0 1 3 3 74.381 -19.369 -3.684 11.628 2.5553 -11.793 6.3754 2.8579 -3.4432 -2.2621 7.5444 3.3486 -8.5992 2.5374
0 1 3 3 74.381 -19.369 -3.684 11.628 2.5553 -11.793 6.3754 2.8579 -3.4432 -2.2621 7.5444 3.3486 -8.5992 2.5374
0 1 3 3 73.873 -21.053 -6.4723 9.0694 2.9015 -10.408 6.8509 5.6593 -0.48402 -0.1069 8.8038 4.7055 -9.5696 1.6093
0 1 3 3 74.135 -21.401 -6.7602 8.7912 3.2664 -10.491 6.8788 5.6016 -0.44332 -0.21048 7.3926 3.8661 -8.6724 1.0744
0 1 3 3 74.603 -19.225 -4.2014 10.405 1.9538 -12.67 3.8225 2.053 -4.9145 -1.4255 9.3633 4.2399 -8.1415 -0.51207
0 1 3 3 74.603 -19.225 -4.2014 10.405 1.9538 -12.67 3.8225 2.053 -4.9145 -1.4255 9.3633 4.2399 -8.1415 -0.51207
0 1 3 3 75.207 -19.07 -3.9071 10.289 2.5076 -12.806 4.0241 1.5039 -6.0489 -2.6806 7.6371 3.9852 -5.5398 -1.0301
0 1 3 3 73.476 -19.795 -3.6793 12.13 3.6467 -10.541 3.6764 3.1931 -5.1093 -1.5554 9.9112 3.2286 -11.331 2.2344
0 1 3 3 74.288 -19.878 -2.8281 13.134 5.2406 -10.537 3.5702 1.5078 -5.7865 -0.90647 8.7688 3.2143 -8.6546 1.4566
0 1 3 3 74.255 -20.004 -2.3047 13.993 6.2536 -10.515 3.0785 0.18979 -6.5974 -0.71174 8.656 3.6214 -7.4743 1.02
0 1 3 3 74.255 -20.004 -2.3047 13.993 6.2536 -10.515 3.0785 0.18979 -6.5974 -0.71174 8.656 3.6214 -7.4743 1.02
0 1 3 3 74.292 -20.695 -3.7122 13.11 6.8578 -9.5544 2.7061 0.78438 -5.6704 2.7187 7.8874 5.8864 -8.1579 -0.64458
0 1 3 3 74.612 -20.822 -3.3875 13.626 7.6388 -9.2681 2.2049 -0.12923 -6.339 2.0188 7.2302 5.9994 -7.0591 -0.88404
0 1 3 3 74.757 -20.755 -3.0374 13.937 8.0131 -9.0913 2.1403 -0.27321 -6.4451 1.2022 6.1721 5.6417 -6.1711 -0.63034
0 1 3 3 74.263 -20.459 -2.0706 13.255 3.7987 -11.883 1.6067 0.8547 -4.5302 -2.6554 8.9728 -0.70456 -10.79 5.1103
0 1 3 3 74.817 -20.312 -1.7866 13.135 3.9548 -11.971 1.5682 0.50952 -4.5762 -3.5376 8.0943 -0.80476 -9.4888 5.2513
0 1 3 3 75.051 -20.27 -1.4462 13.333 4.4012 -11.751 1.7332 0.21972 -4.6724 -4.2083 7.5123 -0.70716 -8.2148 5.2391
0 1 3 3 70.805 -19.272 -5.6791 12.269 2.2968 -9.6914 4.9186 4.2004 -1.2551 1.2086 10.813 5.6803 -14.227 3.1872
0 1 3 3 71.143 -19.54 -6.0335 10.777 1.4761 -10.835 3.998 1.8831 -0.57858 4.9777 13.129 4.5628 -16.043 3.5836
0 1 3 3 80.781 -18.813 -6.2808 4.2148 1.6482 -9.8368 6.7564 4.3909 -3.2433 -4.5151 1.6297 2.3348 -4.0831 2.1189
0 1 3 3 80.781 -18.813 -6.2808 4.2148 1.6482 -9.8368 6.7564 4.3909 -3.2433 -4.5151 1.6297 2.3348 -4.0831 2.1189
0 1 3 3 80.9 -18.691 -5.8449 4.4826 1.4615 -9.0144 7.7682 5.4938 -3.3624 -5.5695 1.5382 3.1203 -2.7636 2.5757
0 1 3 3 80.444 -18.086 -4.6331 5.0744 0.36403 -7.622 9.399 7.72 -3.3845 -7.5458 1.8082 4.6432 -0.37345 3.5938
