1 0 3 0 71.963 -19.168 3.934 16.958 0.99346 -3.7735 1.6791 7.111 -9.015 -6.2498 -1.3721 -1.2235 -7.8694 -4.1838
1 0 3 0 72.409 -24.012 -0.1919 17.985 -3.7981 -9.697 8.2462 1.8161 -5.4538 -9.6877 -0.40272 -1.7147 -7.1213 -6.5157
1 0 3 0 72.834 -23.787 -0.13673 18.304 -3.7397 -10.505 8.1913 1.6672 -4.9895 -9.438 -0.2713 -1.7048 -5.7641 -6.6185
1 0 3 0 73.742 -23.729 -4.3137 10.752 2.9406 -15.18 1.166 9.1425 -8.3647 -5.2754 -1.5879 3.407 -13.164 -0.14302
1 0 3 0 75.797 -24.988 -2.567 13.356 0.84218 -8.8461 8.0094 4.5624 -8.7411 -4.3588 1.5474 0.27137 -7.4251 2.3174
1 0 3 0 76.092 -24.608 -1.0605 15.096 1.8006 -10.188 7.6395 3.788 -9.206 -4.9638 0.74666 -0.75104 -7.4233 1.2215
1 0 3 0 76.092 -24.608 -1.0605 15.096 1.8006 -10.188 7.6395 3.788 -9.206 -4.9638 0.74666 -0.75104 -7.4233 1.2215
1 0 3 0 75.406 -21.486 -3.6096 10.974 0.22362 -12.748 5.0153 7.6713 -6.2537 -5.8605 0.60441 4.7106 -8.9108 -0.83779
1 0 3 0 76.532 -22.934 -3.048 10.788 -1.509 -11.677 7.8389 5.2378 -10.095 -5.8563 -1.1878 1.5255 -7.9114 -0.73059
1 0 3 0 76.619 -23.143 -2.09 12.147 0.15108 -11.438 8.6719 6.056 -10.902 -5.5793 -1.6391 0.79481 -6.9481 -0.3116
1 0 3 0 76.642 -22.612 -1.2066 12.963 0.91999 -11.982 8.3749 6.5838 -11.086 -4.8395 -0.80477 1.0605 -6.3591 -0.065356
1 0 3 0 74.021 -21.63 -1.5509 12.978 3.1095 -14.945 5.071 6.7804 -9.9762 -2.6581 1.4972 3.6576 -10.577 1.6141
1 0 3 0 74.021 -21.63 -1.5509 12.978 3.1095 -14.945 5.071 6.7804 -9.9762 -2.6581 1.4972 3.6576 -10.577 1.6141
1 0 3 0 74.128 -24.193 -4.3205 11.798 0.13283 -11.458 3.6152 6.6123 -8.6602 -2.6 -0.97998 3.4678 -9.9258 0.80267
1 0 3 0 74.431 -25.025 -4.0119 13.066 0.24561 -10.079 4.5642 5.4868 -8.1583 -3.3863 -2.12 2.4508 -9.155 -0.1099
1 0 3 0 74.686 -24.879 -3.0487 14.49 0.80817 -9.2391 5.5403 4.6945 -7.7713 -3.4972 -1.9153 1.9408 -8.3273 -0.15919
1 0 3 0 74.549 -25.158 -2.3405 15.828 1.2612 -8.973 6.2829 3.5734 -8.1302 -5.0441 -3.1457 -0.23705 -8.7579 -1.0934
1 0 3 0 73.186 -23.824 -2.4371 14.651 5.928 -15.266 0.74414 10.249 -12.025 -4.5969 0.16626 2.6548 -9.6721 -1.7286
1 0 3 0 75.109 -23.204 -1.7404 14.055 7.1929 -12.166 2.3779 9.6845 -11.784 -4.4452 -1.3358 1.1957 -9.1558 0.74886
1 0 3 0 75.109 -23.204 -1.7404 14.055 7.1929 -12.166 2.3779 9.6845 -11.784 -4.4452 -1.3358 1.1957 -9.1558 0.74886
1 0 3 0 73.282 -23.653 -1.2008 17.924 -0.83548 -8.27 9.822 2.2321 -0.93242 -7.3878 -2.2505 -5.6861 -6.5208 -1.4694
1 0 3 0 73.872 -23.232 -1.2045 17.97 -0.72932 -9.0386 9.5531 1.2516 -1.1239 -7.1296 -1.4568 -5.3576 -5.0176 -1.4635
1 0 3 0 74.747 -22.634 -2.8554 9.6217 1.8088 -14.545 2.9594 10.409 -11.096 -6.7821 3.925 3.8925 -10.208 1.2582
1 0 3 0 75.491 -23.266 -2.2971 11.3 3.2027 -11.767 2.3691 9.4889 -12.52 -5.184 3.4739 2.2945 -11.592 0.69562
1 0 3 0 75.389 -23.343 -1.8568 12.25 4.1369 -11.295 1.9231 8.7748 -13.212 -4.7679 3.6417 1.8668 -12.024 0.87804
1 0 3 0 75.389 -23.343 -1.8568 12.25 4.1369 -11.295 1.9231 8.7748 -13.212 -4.7679 3.6417 1.8668 -12.024 0.87804
1 0 3 0 74.508 -23.556 -3.3438 13.561 -1.0437 -14.679 7.1378 7.2681 -3.5324 -2.3693 2.7914 1.7094 -10.343 -0.28167
1 0 3 0 75.776 -23.679 -2.6494 13.096 0.50854 -13.412 5.448 6.773 -7.5169 -2.2271 -1.1926 0.43197 -9.0565 0.79711
1 0 3 0 75.98 -22.788 -1.4175 13.534 2.9766 -13.066 4.836 8.3647 -9.206 -2.7115 -1.7202 0.20146 -9.2471 1.1497
1 0 3 0 73.551 -22.116 -3.6254 12.106 5.5021 -15.734 3.2546 8.5947 -9.3826 -2.8055 -0.13362 3.2192 -14.522 0.27598
1 0 3 0 73.737 -22.205 -4.0217 11.137 3.8736 -15.252 2.8892 7.7761 -8.9785 -1.8331 1.2295 3.5863 -14.207 1.1446
1 0 3 0 76.464 -22.447 -3.9098 10.629 -0.20879 -8.3893 5.4469 4.9422 -7.8764 -2.805 -0.27759 2.6535 -7.2609 1.7208
1 0 3 0 76.464 -22.447 -3.9098 10.629 -0.20879 -8.3893 5.4469 4.9422 -7.8764 -2.805 -0.27759 2.6535 -7.2609 1.7208
1 0 3 0 76.19 -23.482 -3.4175 11.786 -0.90835 -7.8108 6.8559 2.4983 -8.858 -4.99 -2.4567 0.38901 -6.8179 1.2171
1 0 3 0 75.056 -24.1 -1.2871 11.354 0.8361 -9.1292 3.6835 8.5443 -12.494 -2.3057 0.90516 -3.3172 -7.9548 1.9021
1 0 3 0 75.495 -23.888 -0.76192 11.697 1.0731 -9.3385 3.3948 7.7779 -12.532 -2.1445 0.5304 -3.3549 -8.0409 1.2506
1 0 3 0 76.351 -22.449 0.24394 11.664 0.82493 -9.6396 3.5632 7.5553 -11.959 -0.94176 2.1166 -1.3723 -6.2367 2.3433
1 0 3 0 74.289 -23.213 -1.5947 17.839 1.0297 -10.128 7.3236 0.14204 -0.59645 -7.4673 -0.59687 -1.3502 -4.8786 -5.6271
1 0 3 0 72.101 -23.154 -1.1869 14.27 0.99354 -13.787 2.98 10.36 -13.861 -5.8392 5.8628 -3.1489 -12.514 1.3249
1 0 3 0 74.263 -23.804 -0.79121 12.37 0.69831 -10.226 3.0822 8.0341 -13.127 -2.0484 2.0376 -2.2696 -9.4739 1.7689
1 0 3 0 74.688 -23.878 -0.6802 12.422 1.1818 -10.006 2.8028 7.044 -13.883 -2.4565 0.5119 -2.4252 -9.1709 0.94815
1 0 3 0 74.688 -23.878 -0.6802 12.422 1.1818 -10.006 2.8028 7.044 -13.883 -2.4565 0.5119 -2.4252 -9.1709 0.94815
1 0 3 0 75.02 -23.068 0.32938 13.258 2.9364 -10.055 3.0102 6.3568 -14.439 -2.8203 -0.68514 -2.5225 -8.4184 -0.22562
1 0 3 0 73.61 -23.5 -0.65477 15.918 -2.5943 -8.1672 8.7833 -1.6175 -2.7733 -8.2125 1.078 -1.2765 -5.6824 -3.3937
1 0 3 0 75.563 -22.971 -2.4534 10.784 0.94765 -9.2621 1.728 8.781 -11.459 -3.9872 0.83025 -1.1839 -7.6503 2.4891
1 0 3 0 75.563 -22.971 -2.4534 10.784 0.94765 -9.2621 1.728 8.781 -11.459 -3.9872 0.83025 -1.1839 -7.6503 2.4891
1 0 3 0 75.515 -23.22 -2.4254 11.43 1.7578 -8.8438 2.0115 8.4457 -11.939 -4.7717 -0.85185 -1.7534 -7.7037 1.9725
1 0 3 0 73.321 -23.722 -1.3627 17.989 -0.6786 -10.037 9.3753 0.67735 -2.9135 -7.6717 3.2957 -0.77345 -3.819 -7.1126
1 0 3 0 73.321 -23.722 -1.3627 17.989 -0.6786 -10.037 9.3753 0.67735 -2.9135 -7.6717 3.2957 -0.77345 -3.819 -7.1126
1 0 3 0 73.456 -20.958 -2.6938 13.278 1.0094 -12.165 -0.48119 12.696 -11.535 -5.9744 0.11091 3.6094 -7.953 -3.1351
1 0 3 0 73.866 -24.207 -2.2226 11.687 0.49166 -8.8569 3.9907 7.8691 -14.827 -4.0623 2.9115 -0.39152 -7.5456 -0.07564
1 0 3 0 74.278 -23.999 -1.6965 12.475 1.2857 -8.8156 3.7942 7.2918 -15.236 -4.5868 1.2815 -0.2648 -6.9503 -0.36816
1 0 3 0 74.278 -23.999 -1.6965 12.475 1.2857 -8.8156 3.7942 7.2918 -15.236 -4.5868 1.2815 -0.2648 -6.9503 -0.36816
1 0 3 0 71.296 -22.986 -0.58785 17.65 -1.0617 -9.6734 6.9642 5.7612 -3.6494 -14.149 -4.8243 2.7965 -9.7128 -5.9616
1 0 3 0 72.31 -24.28 0.0059047 18.289 -4.4756 -9.3607 10.902 1.7815 -5.9083 -10.708 -0.22174 -1.0115 -8.2777 -4.0108
1 0 3 0 74.002 -23.646 -1.5565 12.087 -0.089735 -10.515 2.9966 8.2552 -12.835 -2.8612 1.0725 -2.512 -11.994 0.75849
1 0 3 0 74.032 -24.354 -2.1769 11.927 0.11809 -10.68 2.3401 6.7753 -13.628 -3.7588 -1.5 -3.7816 -13.118 -1.0467
1 0 3 0 74.032 -24.354 -2.1769 11.927 0.11809 -10.68 2.3401 6.7753 -13.628 -3.7588 -1.5 -3.7816 -13.118 -1.0467
1 0 3 0 72.024 -23.738 -1.5511 15.457 -4.8323 -11.19 4.4851 2.1356 -3.2731 -7.2365 2.1572 1.4948 -9.0642 -3.851
1 0 3 0 72.457 -23.787 -1.6557 15.576 -5.7712 -11.975 4.4161 1.767 -3.3733 -6.9484 2.0064 1.3839 -8.2558 -3.9132
1 0 3 0 72.909 -23.586 -1.446 15.926 -5.7688 -12.179 4.8597 1.8963 -2.9454 -6.6802 2.0426 1.5769 -7.2746 -4.2109
1 0 3 0 72.355 -24.215 -1.9341 13.648 0.45883 -10.696 2.6329 10.008 -13.38 -3.5469 4.582 -3.105 -11.859 2.7774
1 0 3 0 73.341 -24.343 -1.892 13.796 1.5643 -9.5747 1.6189 8.459 -13.766 -3.2712 0.88553 -2.3176 -10.25 1.5619
1 0 3 0 73.753 -24.06 -1.5174 14.428 2.5373 -8.9492 1.6311 8.0208 -13.797 -3.6397 -1.1758 -2.7055 -10.276 0.69269
1 0 3 0 72.19 -20.419 0.22972 14.436 2.0476 -10.041 3.0815 6.6671 -1.7844 -13.466 2.4783 3.3283 -6.5524 -5.2205
1 0 3 0 73.302 -24.07 -0.75041 17.758 -3.4952 -10.837 9.4438 2.6678 -1.9961 -7.1928 -0.314 -0.35286 -5.9589 -3.8755
1 0 3 0 73.814 -23.153 -1.3873 16.424 2.8047 -17.146 4.7134 10.235 -9.337 -6.9266 0.81354 3.0108 -7.5252 -0.23832
1 0 3 0 74.937 -20.585 -1.4513 13.334 1.8278 -15.911 4.283 11.349 -10.589 -5.2067 3.4976 3.3739 -8.8455 0.78062
1 0 3 0 74.535 -24.374 -1.9873 11.304 1.2851 -9.6289 0.71291 5.9837 -14.887 -1.8249 -0.069192 -0.83986 -8.1439 2.041
1 0 3 0 75.36 -23.283 -0.95754 11.377 1.0421 -9.6788 1.1258 6.7167 -13.595 -0.57886 -0.65404 -0.42075 -7.1398 2.5684
1 0 3 0 75.36 -23.283 -0.95754 11.377 1.0421 -9.6788 1.1258 6.7167 -13.595 -0.57886 -0.65404 -0.42075 -7.1398 2.5684
1 0 3 0 72.226 -22.449 -1.1773 14.31 -0.70658 -9.5231 5.4769 0.9656 -2.5553 -12.134 -1.3624 3.745 -9.5295 -6.6108
1 0 3 0 72.733 -24.548 -2.2172 15.191 -5.1854 -9.4867 7.9249 -0.81307 -6.301 -9.3547 0.4945 -1.1498 -8.5949 -3.7295
1 0 3 0 73.541 -23.953 -2.274 12.513 0.91276 -10.529 0.51759 7.5794 -12.983 -2.7856 4.5224 0.15514 -8.8334 4.3642
1 0 3 0 74.752 -23.699 -1.9874 12.775 1.7515 -9.199 0.87917 6.9042 -11.408 -0.87169 1.5423 0.13862 -7.5639 2.681
1 0 3 0 75.086 -23.432 -1.6988 13.088 2.3247 -8.73 1.1336 6.9394 -10.97 -0.58956 0.39537 0.030807 -7.2798 1.9494
1 0 3 0 72.031 -24.999 -0.12111 17.452 -3.2072 -11.03 8.5423 0.84129 -6.1522 -7.4354 0.65305 -0.50009 -8.1182 -4.6757
1 0 3 0 72.928 -24.528 -0.38984 17.157 -2.6144 -11.27 8.738 0.97726 -4.8387 -6.638 0.94334 -0.1231 -6.152 -4.4726
1 0 3 0 73.58 -21.084 -1.6683 14.284 3.3616 -17.424 3.7132 12.269 -12.876 -7.1702 3.1478 3.7873 -10.172 -0.1636
1 0 3 0 72.809 -24.785 -3.4671 11.191 2.1416 -10.058 2.6703 9.7449 -14.756 -6.1667 4.1394 -1.0047 -13.418 2.603
1 0 3 0 74.387 -24.662 -3.3345 9.9683 2.0052 -9.4777 0.92629 7.1673 -14.109 -4.0119 -1.0096 -1.5748 -11.416 0.8681
1 0 3 0 74.387 -24.662 -3.3345 9.9683 2.0052 -9.4777 0.92629 7.1673 -14.109 -4.0119 -1.0096 -1.5748 -11.416 0.8681
1 0 3 0 74.667 -23.943 -2.4485 10.588 3.3482 -9.3232 0.60018 7.0321 -13.332 -3.8322 -2.8864 -1.5015 -10.281 0.011615
1 0 3 0 73.771 -23.227 -1.4299 17.762 -2.3214 -8.6915 6.9996 -0.72789 -3.6779 -7.9254 -0.061516 -1.4968 -4.8413 -2.9415
1 0 3 0 73.771 -23.227 -1.4299 17.762 -2.3214 -8.6915 6.9996 -0.72789 -3.6779 -7.9254 -0.061516 -1.4968 -4.8413 -2.9415
1 0 3 0 74.348 -23.514 -3.0118 11.469 1.0776 -8.4512 3.392 7.5007 -11.925 -1.3404 1.1328 -1.1068 -9.5562 1.3503
1 0 3 0 74.348 -23.514 -3.0118 11.469 1.0776 -8.4512 3.392 7.5007 -11.925 -1.3404 1.1328 -1.1068 -9.5562 1.3503
1 0 3 0 72.911 -24.296 0.072988 19.914 -1.9409 -9.082 10.832 0.5741 -4.5423 -7.2445 0.6719 -1.1123 -7.3057 -3.9527
1 0 3 0 73.029 -22.533 -1.3923 14.613 4.892 -12.588 3.2579 14.02 -13.037 -6.0996 4.5975 3.6865 -10.37 0.13513
1 0 3 0 74.916 -23.114 -1.883 11.492 2.5786 -8.5461 2.7645 9.7885 -11.537 -2.2213 2.1644 0.83678 -9.0751 4.473
1 0 3 0 75.369 -22.832 -1.4647 11.738 2.5764 -8.6282 2.5659 9.7334 -11.081 -1.8131 0.68155 0.86359 -8.3613 4.3975
1 0 3 0 75.369 -22.832 -1.4647 11.738 2.5764 -8.6282 2.5659 9.7334 -11.081 -1.8131 0.68155 0.86359 -8.3613 4.3975
1 0 3 0 72.392 -24.067 0.37609 19.094 -1.6483 -8.668 9.7736 1.2714 -4.6816 -10.067 0.21679 1.1604 -8.126 -5.6676
1 0 3 0 74.592 -23.59 -3.7764 10.535 0.73013 -10.435 1.5078 6.5392 -12.587 -3.1021 2.1286 -0.59057 -7.4112 1.1608
1 0 3 0 75.15 -23.305 -3.8949 10.36 0.66522 -10.26 1.3194 5.8678 -12.694 -3.057 1.0126 -0.33313 -6.4989 0.84042
1 0 3 0 75.36 -23.242 -4.0897 10.356 0.86191 -10.07 0.89402 4.7316 -13.485 -3.5051 0.00023041 -0.24868 -5.9965 0.31031
1 0 3 0 74.982 -23.07 -2.6648 15.16 -0.77885 -10.552 7.9158 -2.5892 -1.3014 -7.7504 1.0318 -1.8643 -5.0298 -1.8009
1 0 3 0 75.643 -22.201 -2.5316 15.252 0.097985 -11.189 8.1267 -2.7634 -1.4919 -7.2109 1.1797 -2.6664 -4.5847 -2.1725
1 0 3 0 74.185 -25.127 -0.81282 11.617 1.8837 -9.6272 2.5485 8.4611 -13.565 -4.3165 0.38483 -4.8109 -10.816 0.99257
1 0 3 0 74.598 -24.976 -0.55036 11.874 2.188 -9.3685 2.604 7.9185 -13.545 -4.5016 -0.49225 -4.933 -10.244 0.10728
1 0 3 0 74.598 -24.976 -0.55036 11.874 2.188 -9.3685 2.604 7.9185 -13.545 -4.5016 -0.49225 -4.933 -10.244 0.10728
1 0 3 0 72.087 -21.2 5.4609 9.0188 8.174 -11.381 -0.3766 7.2434 -8.3393 -8.5935 -6.7244 5.3512 -9.6169 -3.4392
1 0 3 0 72.539 -23.357 1.4637 12.962 4.5791 -9.8571 2.2834 5.7052 -8.2129 -9.7359 -2.715 3.6245 -12.181 -5.771
1 0 3 0 73.975 -25.496 1.3029 17.113 0.070084 -9.6096 6.8107 1.3147 -6.7127 -4.1664 -1.725 -0.31433 -6.6005 -3.4077
1 0 3 0 73.975 -25.496 1.3029 17.113 0.070084 -9.6096 6.8107 1.3147 -6.7127 -4.1664 -1.725 -0.31433 -6.6005 -3.4077
1 0 3 0 75.345 -23.943 -1.2507 10.055 0.80838 -10.136 3.6083 8.8303 -10.598 0.10764 1.6605 -1.1701 -9.9397 2.8783
1 0 3 0 75.782 -23.644 -0.68606 10.407 1.1162 -10.217 3.5715 8.616 -9.8905 0.89034 1.0002 -1.1085 -9.6483 2.435
1 0 3 0 75.782 -23.644 -0.68606 10.407 1.1162 -10.217 3.5715 8.616 -9.8905 0.89034 1.0002 -1.1085 -9.6483 2.435
1 0 3 0 76.069 -22.879 0.55468 11.356 2.0848 -10.741 2.8118 7.326 -9.9059 0.99536 -0.48868 -1.351 -9.1846 1.9624
1 0 3 0 71.341 -21.403 8.0936 9.8671 6.018 -7.174 -0.44608 4.859 -9.7917 -5.8074 -3.5398 3.8036 -10.68 -5.4804
1 0 3 0 72.581 -20.962 6.5578 10.201 2.8674 -7.6785 1.3376 5.2486 -8.6285 -3.938 -4.1591 3.219 -9.2672 -4.0584
1 0 3 0 72.787 -21.565 4.5957 10.867 5.3085 -9.1437 -0.071587 5.7854 -7.0377 -6.6534 -6.6907 5.6883 -7.7738 -4.3821
1 0 3 0 72.743 -22.551 0.056052 11.225 2.1646 -8.3505 1.1542 5.9529 -5.5885 -7.6304 -5.4563 8.1275 -9.8587 -4.4319
1 0 3 0 74.068 -24.385 -0.088905 13.029 -4.848 -9.6865 6.8852 1.4464 -5.3523 -4.9183 -0.57591 1.7509 -8.338 -2.2927
1 0 3 0 72.881 -24.384 -1.9366 12.13 4.4898 -13.363 0.48752 11.112 -13.557 -4.8201 3.0737 -3.1299 -11.16 -0.20107
1 0 3 0 73.779 -24.271 -1.5655 11.022 2.3905 -10.481 2.9954 9.9707 -12.858 -4.1698 2.2923 -1.9974 -7.7194 2.0583
1 0 3 0 74.705 -23.79 -1.0527 11.851 3.009 -9.9718 3.1202 9.2302 -13.125 -4.2048 -0.14678 -1.1354 -6.0122 0.30696
1 0 3 0 74.705 -23.79 -1.0527 11.851 3.009 -9.9718 3.1202 9.2302 -13.125 -4.2048 -0.14678 -1.1354 -6.0122 0.30696
1 0 3 0 72.079 -22.006 5.2269 11.236 5.1123 -5.1664 1.9348 8.0114 -7.7289 -6.9565 -6.2356 0.0070716 -8.93 -4.8413
1 0 3 0 73.032 -25.589 0.78951 17.891 -3.8615 -8.6077 9.0785 2.4267 -7.5862 -6.3279 -3.6354 1.4818 -8.013 -4.6763
1 0 3 0 73.972 -23.329 -0.98339 11.568 0.69459 -11.88 2.2328 8.1485 -11.713 -2.9238 1.5407 -4.0999 -9.3793 2.0153
1 0 3 0 74.459 -23.219 -0.7595 12.079 1.3555 -11.349 2.3628 7.6924 -11.49 -2.8881 -0.18019 -3.8861 -8.7187 0.94298
1 0 3 0 74.869 -22.921 -0.38324 12.528 2.0516 -10.908 2.4943 7.1034 -11.488 -2.8738 -1.1145 -3.2829 -8.3013 -0.17876
1 0 3 0 71.854 -22.7 3.7637 13.917 5.0499 -7.8023 -1.1019 5.1615 -8.3498 -7.1666 -3.4303 3.3226 -9.6277 -4.5225
1 0 3 0 73.403 -24.176 0.25471 15.846 -1.4956 -6.9481 9.0623 1.783 -7.2051 -5.7235 -1.4804 0.81643 -8.1389 -2.6308
1 0 3 0 73.055 -23.599 -0.20065 15.273 6.4465 -13.532 2.3048 12.305 -12.128 -5.8912 4.2712 0.32673 -13.777 0.033084
1 0 3 0 73.453 -24.27 -1.2876 12.472 3.2235 -8.7561 4.5788 9.4121 -11.906 -2.3637 3.7879 -1.1886 -10.784 0.9962
1 0 3 0 74.286 -23.941 -0.2115 12.855 3.7209 -8.7357 4.9448 7.7347 -12.196 -2.6748 0.27857 -1.481 -9.2417 0.71333
1 0 3 0 74.286 -23.941 -0.2115 12.855 3.7209 -8.7357 4.9448 7.7347 -12.196 -2.6748 0.27857 -1.481 -9.2417 0.71333
1 0 3 0 73.105 -23.258 3.2963 14.524 4.8748 -6.7417 2.9057 4.9407 -6.001 -7.6249 -5.474 0.68854 -10.08 -4.6556
1 0 3 0 73.012 -24.175 2.8857 16.24 4.8949 -7.1105 4.196 5.0921 -5.1068 -8.322 -6.4365 0.38751 -11.702 -4.1969
1 0 3 0 73.088 -23.449 2.939 15.723 2.1185 -8.8665 3.8766 4.3422 -4.7949 -7.016 -3.0909 2.9875 -11.069 -3.5137
1 0 3 0 73.367 -25.493 1.0633 17.581 -2.3641 -8.8114 10.209 1.4534 -5.3537 -6.7649 -1.89 0.63901 -7.9947 -3.3369
1 0 3 0 74.465 -24.137 1.2289 16.247 -1.8682 -9.7257 10.603 1.7854 -5.3846 -6.3518 -2.1168 1.3538 -5.0528 -3.0993
1 0 3 0 72.561 -23.158 0.59388 14.65 5.1844 -14.831 4.503 10.26 -12.055 -4.0463 -0.45 -2.5518 -12.995 -1.9408
1 0 3 0 73.614 -23.961 -0.98342 11.53 2.1166 -9.9863 2.9158 8.2192 -12.598 -4.8571 3.2621 -0.36096 -8.6172 2.154
1 0 3 0 74.38 -23.657 -0.59742 11.843 3.1238 -9.4599 3.2106 7.7621 -12.805 -5.4758 -0.18499 -0.57806 -6.4916 1.4075
1 0 3 0 72.2 -23.112 3.4222 12.934 5.7026 -8.7254 -0.048088 4.7704 -5.896 -5.0618 -7.3804 -0.051706 -8.8633 -4.8125
1 0 3 0 72.62 -23.781 2.5712 14.994 5.2462 -9.8906 1.2871 4.3377 -4.1496 -5.2168 -6.9966 0.7262 -10.117 -3.9741
1 0 3 0 74.223 -23.834 -0.11562 15.617 0.29796 -10.886 6.0422 1.5845 -3.9054 -7.2446 -2.7901 -0.6975 -6.6324 -3.2251
1 0 3 0 75.095 -22.642 0.019522 14.845 0.34625 -12.522 5.3274 0.70543 -3.6736 -6.4866 -2.9955 -0.59482 -5.8567 -3.0267
1 0 3 0 73.639 -24.282 -1.4854 11.663 0.50804 -10.808 2.8842 9.5071 -15.084 -4.2906 2.0207 0.00019012 -9.0621 3.558
1 0 3 0 74.761 -23.805 -0.5304 12.146 1.2475 -10.27 3.4632 9.0077 -13.423 -2.4004 0.42059 1.7724 -6.7344 2.8781
1 0 3 0 73.041 -24.684 -0.43284 17.987 -2.5201 -10.69 9.5873 -0.20341 -1.8377 -10.869 0.31393 -1.0624 -5.8229 -3.9282
1 0 3 0 74.086 -23.807 -1.683 12.276 1.4768 -8.2602 1.7329 8.9481 -13.015 -2.859 2.3385 -1.3023 -11.263 2.2112
1 0 3 0 74.312 -24.026 -1.6127 12.792 2.6455 -7.6842 1.6696 8.3107 -12.868 -2.7998 1.3608 -1.7309 -11.689 1.0994
1 0 3 0 74.588 -23.834 -1.1694 13.449 3.9674 -6.9819 2.3909 8.0619 -12.468 -2.9674 0.60937 -1.9331 -11.573 0.25453
1 0 3 0 72.476 -24.652 1.3801 19.997 -0.59708 -9.9724 9.2868 0.1295 -4.141 -8.654 2.1826 -3.1209 -7.6623 -5.3153
1 0 3 0 72.476 -24.652 1.3801 19.997 -0.59708 -9.9724 9.2868 0.1295 -4.141 -8.654 2.1826 -3.1209 -7.6623 -5.3153
1 0 3 0 74.73 -22.675 -2.5026 10.652 -0.73297 -8.5374 2.6327 9.7151 -12.524 -1.8733 3.4191 -1.7952 -10.538 1.7946
1 0 3 0 76.108 -21.387 -1.4972 11.054 -0.46208 -7.7358 2.1949 9.1785 -11.781 -0.14674 1.862 -0.8503 -8.782 1.888
1 0 3 0 76.108 -21.387 -1.4972 11.054 -0.46208 -7.7358 2.1949 9.1785 -11.781 -0.14674 1.862 -0.8503 -8.782 1.888
1 0 3 0 73.696 -24.082 -1.2843 18.981 -0.86718 -10.595 7.5563 -1.6959 -1.5005 -10.387 0.47831 -2.912 -8.1476 -6.2638
1 0 3 0 74.279 -23.075 -1.1429 11.877 1.6778 -9.1079 2.6644 9.1393 -12.93 -2.3076 1.6333 -2.3459 -9.4746 0.81536
1 0 3 0 74.996 -22.416 -0.83546 11.728 1.7936 -9.1109 2.303 8.2585 -13.098 -2.2315 0.15386 -2.3455 -8.6042 0.64689
1 0 3 0 73.241 -24.229 0.42662 17.075 -1.0336 -7.9716 11.307 -0.10479 -4.7112 -12.171 -0.22834 -1.3568 -6.3192 -3.0533
1 0 3 0 73.079 -22.416 -1.04 15.688 3.0434 -10.799 0.057104 11.916 -9.4789 -7.7602 2.4497 -0.85079 -8.6273 -2.7794
1 0 3 0 73.874 -23.071 -0.61293 11.175 0.093079 -10.041 2.9486 9.8073 -14.272 -3.1693 4.644 -0.47713 -9.7801 2.1149
1 0 3 0 74.775 -23.206 -0.021228 12.21 1.2041 -9.1393 3.0324 9.1684 -13.655 -2.6806 0.42141 0.18293 -7.438 0.89206
1 0 3 0 74.008 -23.899 -2.2114 17.035 0.053419 -8.1342 10.464 1.3124 0.5481 -10.721 -0.88688 -2.4394 -6.5296 -3.9562
1 0 3 0 74.702 -23.125 -2.2109 17.218 0.77918 -9.403 10.279 0.4367 0.41475 -11.133 -0.67928 -2.8442 -5.0059 -3.6105
1 0 3 0 72.37 -23.516 -0.38403 16.683 2.7677 -14.881 -0.26381 15.319 -14.987 -7.6542 3.812 3.2116 -10.145 -0.48401
1 0 3 0 75.637 -23.439 -0.76129 12.49 0.33789 -9.0629 2.8321 8.6331 -11.09 -1.3245 0.71924 -1.4755 -6.906 4.6818
1 0 3 0 75.637 -23.439 -0.76129 12.49 0.33789 -9.0629 2.8321 8.6331 -11.09 -1.3245 0.71924 -1.4755 -6.906 4.6818
1 0 3 0 73.91 -24.074 -1.0061 18.339 -0.68538 -5.5957 10.073 -1.8793 -3.3797 -12.022 1.6595 -0.22462 -5.8516 -4.1552
1 0 3 0 74.556 -23.81 -1.269 13.27 2.8823 -6.869 3.5873 8.8525 -12.682 -0.82968 0.39565 -1.7565 -8.428 3.3982
1 0 3 0 74.556 -23.81 -1.269 13.27 2.8823 -6.869 3.5873 8.8525 -12.682 -0.82968 0.39565 -1.7565 -8.428 3.3982
1 0 3 0 73.43 -24.011 1.4036 18.934 -3.0831 -8.5549 11.119 -0.68764 -4.2133 -7.6996 1.3274 -1.5858 -7.6241 -3.5402
1 0 3 0 73.715 -24.997 -0.93143 13.314 2.4164 -8.0302 1.631 8.5998 -14.263 -1.6487 0.53961 -2.798 -10.226 1.3649
1 0 3 0 74.366 -24.419 -0.66491 13.062 1.7995 -8.4653 1.4761 8.5399 -13.794 -1.184 -0.2987 -1.9045 -8.7548 1.4996
1 0 3 0 74.366 -24.419 -0.66491 13.062 1.7995 -8.4653 1.4761 8.5399 -13.794 -1.184 -0.2987 -1.9045 -8.7548 1.4996
1 0 3 0 74.437 -22.976 -0.88051 15.887 -4.3081 -11.839 8.6154 -1.4031 -1.7465 -7.7705 2.0528 0.46234 -5.7033 -0.8113
1 0 3 0 73.683 -23.823 -1.6246 12.737 1.9896 -7.9679 5.3597 10.111 -13.895 -4.6713 2.3124 -0.72285 -10.962 2.2457
1 0 3 0 74.526 -23.485 -1.1227 13.382 2.8992 -6.681 5.683 8.4356 -13.954 -3.8328 -0.38595 -0.60158 -9.3765 1.3836
1 0 3 0 74.526 -23.485 -1.1227 13.382 2.8992 -6.681 5.683 8.4356 -13.954 -3.8328 -0.38595 -0.60158 -9.3765 1.3836
1 0 3 0 72.938 -23.947 -0.38859 16.743 -3.8964 -10.221 8.4512 -0.46765 -2.5027 -6.5557 4.1874 -0.86508 -10.333 -4.1738
1 0 3 0 73.298 -23.985 -1.3916 13.893 2.1321 -6.9646 4.8123 9.8917 -14.192 -3.3449 3.6405 -1.4155 -8.3495 2.9765
1 0 3 0 74.135 -24.06 -0.97715 13.951 2.9915 -5.812 5.2425 8.2122 -14.396 -2.604 0.90538 -1.2717 -6.8463 2.6892
1 0 3 0 74.135 -24.06 -0.97715 13.951 2.9915 -5.812 5.2425 8.2122 -14.396 -2.604 0.90538 -1.2717 -6.8463 2.6892
1 0 3 0 73.3 -23.522 -0.67948 16.83 -4.1503 -8.5121 9.0726 0.56797 -3.0028 -6.2792 2.3219 -0.65697 -7.8898 -2.6911
1 0 3 0 73.146 -21.746 -1.5861 13.98 2.1108 -12.985 2.3821 14.368 -11.88 -6.1618 4.4803 1.6098 -9.3635 0.25566
1 0 3 0 73.8 -23.931 -0.85277 11.721 1.1515 -8.8568 3.6659 11.239 -11.786 -1.5224 3.366 -1.5541 -9.691 1.2105
1 0 3 0 74.69 -23.482 0.32289 13.04 2.1054 -8.0843 3.959 10.24 -12.226 -1.2246 0.10579 -1.4811 -8.1708 0.089819
1 0 3 0 74.69 -23.482 0.32289 13.04 2.1054 -8.0843 3.959 10.24 -12.226 -1.2246 0.10579 -1.4811 -8.1708 0.089819
1 0 3 0 73.1 -24.062 -0.53827 17.757 -3.7198 -9.6103 10.451 -0.70931 -2.6817 -8.16 -0.029373 -1.8295 -6.8629 -3.6728
1 0 3 0 73.905 -23.629 -2.4156 11.564 -0.30313 -8.824 2.8721 8.3492 -12.178 -1.9317 3.763 0.24978 -9.0033 1.791
1 0 3 0 74.452 -23.506 -1.9133 12.282 0.60447 -7.7918 3.4199 8.0515 -11.851 -1.638 2.1893 0.15711 -8.6109 1.244
1 0 3 0 74.847 -23.21 -1.3117 13.028 1.5028 -7.1143 3.6951 7.4178 -12.082 -1.9249 0.72306 0.15925 -8.1276 0.83658
1 0 3 0 74.15 -22.044 -0.84135 15.555 -4.9297 -10.153 10.397 0.77292 -1.7481 -6.0189 2.8878 1.6283 -5.8965 -1.2366
1 0 3 0 73.393 -24.287 -1.1159 11.829 0.76427 -10.44 2.8056 11.859 -12.225 -2.097 4.2035 -1.6159 -9.6785 5.1557
1 0 3 0 74.654 -24.125 0.32377 12.988 1.2194 -8.3634 2.9269 9.2568 -12.886 0.8333 0.78139 -1.2568 -7.9683 2.4966
1 0 3 0 74.654 -24.125 0.32377 12.988 1.2194 -8.3634 2.9269 9.2568 -12.886 0.8333 0.78139 -1.2568 -7.9683 2.4966
1 0 3 0 73.822 -25.633 1.028 16.293 -2.5514 -9.3746 10.375 0.36135 -3.7659 -4.9391 1.1521 0.79821 -8.151 -1.9921
1 0 3 0 75.004 -24.581 1.2062 15.798 1.0191 -13.963 7.7627 5.0884 -4.9956 -6.2552 -1.7037 1.5392 -4.8925 -1.9315
1 0 3 0 74.489 -24.889 -0.56291 11.066 2.93 -9.49 4.1714 8.811 -11.849 -2.3086 0.77085 -4.0549 -10.169 2.8736
1 0 3 0 74.93 -24.686 -0.058964 11.608 3.4204 -9.344 4.2228 8.8327 -11.184 -1.7858 0.041709 -3.3534 -9.0733 2.3866
1 0 3 0 75.275 -24.349 0.48893 12.037 3.8461 -9.4888 4.0537 8.5915 -10.913 -1.5803 -0.29276 -2.4941 -8.0452 1.878
1 0 3 0 72.905 -19.595 6.779 6.029 5.2092 -8.6801 2.6494 7.5603 -9.4093 -4.8506 -1.7468 4.1618 -10.826 -2.8264
1 0 3 0 72.895 -23.831 1.519 15.927 2.2407 -8.8663 4.0952 3.292 -2.752 -6.457 -1.2456 5.7854 -8.756 -3.136
1 0 3 0 73.432 -25.579 1.5495 17.392 0.3811 -9.725 7.3683 -0.88258 -4.5065 -5.4052 2.2836 2.1287 -8.0408 -3.7874
1 0 3 0 74.057 -23.712 1.8397 14.405 2.2744 -13.89 8.0602 6.3148 -9.54 -4.834 -0.23183 1.4437 -6.3814 -1.0638
1 0 3 0 74.086 -25.09 -0.81971 11.884 2.0987 -9.0871 3.2314 8.0919 -13.389 -1.1932 5.8545 -0.28041 -8.8561 4.9261
1 0 3 0 74.645 -25.564 -1.1499 11.886 2.8511 -7.3848 2.8911 7.0433 -13.312 -0.25909 2.598 -1.0904 -8.0178 2.5702
1 0 3 0 75.412 -24.445 -0.38107 11.583 2.4912 -7.9394 2.4417 7.0722 -12.424 0.67443 2.2962 -0.47717 -6.9733 2.2672
1 0 3 0 72.792 -21.226 4.8172 10.462 5.1431 -7.3058 -1.2524 4.8394 -8.4884 -4.7907 -4.3345 2.2357 -7.709 -5.0552
1 0 3 0 74.641 -20.662 2.8046 10.655 2.8256 -8.4923 1.3605 4.4452 -3.5025 -7.3317 -3.6632 6.1155 -8.8359 -1.9627
1 0 3 0 74.225 -25.057 -0.15902 14.032 -2.3318 -8.1067 8.9391 0.44966 -5.9665 -7.8532 -2.113 0.64718 -8.8968 -1.8776
1 0 3 0 73.48 -25.101 -0.39765 12.812 1.9488 -11.4 1.6746 8.9517 -12.934 -3.0158 3.8943 -0.46899 -10.198 1.9541
1 0 3 0 74.789 -24.623 0.096647 13.456 3.1942 -8.361 3.2665 7.4876 -10.835 -0.74097 1.5683 -1.2493 -8.7439 0.11306
1 0 3 0 74.789 -24.623 0.096647 13.456 3.1942 -8.361 3.2665 7.4876 -10.835 -0.74097 1.5683 -1.2493 -8.7439 0.11306
1 0 3 0 73.425 -22.452 3.3705 11.781 5.2977 -8.6856 2.2923 2.3562 -7.3539 -5.2578 -5.3983 6.1999 -8.3334 -3.2476
1 0 3 0 75.57 -24.15 -0.26083 15.607 -2.0955 -10.908 10.208 -0.41164 -3.0941 -5.2414 -2.7125 1.445 -6.524 -1.9288
1 0 3 0 75.008 -24.405 -1.4078 11.376 2.3862 -8.5245 4.1534 10.282 -12.173 -3.0312 0.72101 -4.2715 -12.595 0.60501
1 0 3 0 75.713 -24.085 -0.70359 11.841 2.4637 -6.8183 4.7244 7.9399 -11.52 -0.71713 -0.12638 -4.8291 -11.619 -1.362
1 0 3 0 75.939 -23.795 -0.26996 12.251 2.9152 -6.5376 4.5968 7.1323 -11.263 0.22433 0.0052787 -4.4861 -11.303 -2.1315
1 0 3 0 71.758 -20.608 7.2242 7.4838 7.9475 -4.3779 5.4041 7.7674 -9.4275 -5.3959 -5.799 1.1037 -14.065 -3.7265
1 0 3 0 73.586 -19.67 5.6298 8.143 3.2968 -5.6392 2.9208 6.3132 -7.1886 -2.4517 -3.5734 4.0051 -6.5637 -2.7064
1 0 3 0 74.172 -20.477 3.7124 11.212 5.2918 -6.5342 2.9535 6.1803 -3.1868 -4.9706 -7.8993 6.0502 -5.3312 -3.8842
1 0 3 0 74.589 -25.252 0.076553 15.592 -1.8995 -9.8026 10.379 1.7064 -4.6453 -6.0252 -0.076318 4.1602 -6.5406 -3.8551
1 0 3 0 74.477 -23.238 0.020772 14.212 7.0613 -12.714 4.6291 9.8974 -10.984 -6.2727 -2.4927 1.9832 -8.6975 -0.92367
1 0 3 0 76.378 -23.369 -0.035247 12.459 3.5217 -6.6409 4.9482 7.542 -9.2733 2.4189 0.18482 -4.1816 -10.817 -1.0681
1 0 3 0 76.378 -23.369 -0.035247 12.459 3.5217 -6.6409 4.9482 7.542 -9.2733 2.4189 0.18482 -4.1816 -10.817 -1.0681
1 0 3 0 76.514 -23.197 0.3808 12.866 3.9399 -6.555 5.1491 7.2738 -9.4645 2.3766 -0.6594 -4.4928 -10.988 -1.5025
1 0 3 0 71.965 -20.083 7.5174 7.8068 5.7404 -5.5631 1.6179 7.6446 -7.1347 -4.5381 -2.7636 3.2707 -10.372 -3.6742
1 0 3 0 73.416 -22.362 3.4257 14.567 8.5103 -6.6305 3.0427 6.2322 -4.7072 -6.8306 -4.7211 5.6112 -8.4909 -3.0437
1 0 3 0 74.26 -24.218 0.90908 15.472 -2.8207 -8.8268 6.8541 0.96702 -4.3637 -3.3982 -1.7385 0.26041 -7.9815 -0.32531
1 0 3 0 75.737 -23.704 0.40797 12.476 3.3371 -9.492 3.2456 4.3776 -13.271 -1.4661 -1.8836 -1.5112 -8.0841 0.69851
1 0 3 0 75.737 -23.704 0.40797 12.476 3.3371 -9.492 3.2456 4.3776 -13.271 -1.4661 -1.8836 -1.5112 -8.0841 0.69851
1 0 3 0 72.739 -21.07 6.0314 9.2366 1.404 -5.6257 2.8081 5.411 -9.3188 -5.6354 -0.12494 2.4677 -9.116 -2.0734
1 0 3 0 72.651 -22.055 4.7171 11.244 3.2979 -6.1245 1.8629 5.9666 -8.7934 -7.7446 -3.0024 0.60767 -8.1236 -3.5436
1 0 3 0 73.79 -22.262 2.6674 12.367 2.7239 -8.9496 3.2324 5.9985 -4.521 -11.088 -4.9543 5.2376 -10.227 -2.3086
1 0 3 0 74.21 -23.829 1.3412 16.753 -3.3998 -7.4862 10.274 1.6742 -5.4049 -6.6965 -3.224 1.1358 -6.9087 -3.928
1 0 3 0 74.372 -21.514 5.3508 14.206 -0.39026 -9.2167 8.7844 2.1139 -9.4816 -2.6592 -3.6932 0.90796 -6.7238 -1.3808
1 0 3 0 73.017 -20.876 4.1437 9.2019 2.7683 -4.6849 1.6783 3.8112 -9.2695 -4.5214 -0.87245 1.7441 -7.4992 -3.5066
1 0 3 0 73.639 -25.676 0.80641 17.783 -0.062493 -11.065 9.7959 0.12311 -2.4979 -7.2998 -2.1622 -2.5459 -9.0114 -5.4295
1 0 3 0 73.382 -21.062 -0.46237 8.4402 8.2004 -14.057 -0.26931 15.404 -13.258 -6.631 -0.35717 1.1538 -8.7647 0.9421
1 0 3 0 73.586 -21.498 -1.4245 8.4884 7.357 -13.56 0.73538 14.189 -12.835 -6.7869 0.36197 0.61032 -8.4731 1.4875
1 0 3 0 75.612 -24.041 -2.4864 12.986 5.1678 -11.759 2.4711 8.6227 -10.908 -4.7669 -0.33454 2.136 -7.502 1.4451
1 0 3 0 75.612 -24.041 -2.4864 12.986 5.1678 -11.759 2.4711 8.6227 -10.908 -4.7669 -0.33454 2.136 -7.502 1.4451
1 0 3 0 75.616 -24.012 -1.8677 13.722 5.4655 -11.64 3.0852 8.4592 -11.186 -5.3797 -1.4763 0.95706 -8.1511 0.64326
1 0 3 0 74.586 -24.686 0.60345 17.742 -1.5493 -8.2298 10.492 -2.4698 -3.8224 -11.095 -0.72736 -1.4529 -5.7482 -3.5315
1 0 3 0 70.204 -17.922 7.7082 3.5077 8.2953 -1.8449 -1.7487 3.7436 -5.9602 -2.4619 -5.4152 -0.19208 -3.475 -4.0934
1 0 3 0 74.192 -22.092 -1.7684 12.45 7.434 -15.885 0.19155 10.367 -12.321 -4.4257 -1.2892 6.5649 -10.874 -0.79364
1 0 3 0 75.31 -20.731 -2.1005 10.598 5.3716 -15.114 2.3725 10.56 -11.294 -3.037 -0.13047 6.3623 -10.442 1.0107
1 0 3 0 76.296 -22.844 -2.566 10.964 3.1441 -10.41 3.5056 8.188 -10.596 -1.317 1.7661 -3.2179 -10.396 -0.25491
1 0 3 0 76.296 -22.844 -2.566 10.964 3.1441 -10.41 3.5056 8.188 -10.596 -1.317 1.7661 -3.2179 -10.396 -0.25491
1 0 3 0 76.443 -22.515 -2.2232 11.44 3.4596 -10.048 3.1521 8.0692 -10.297 -1.6299 1.4438 -3.6653 -10.454 -0.49715
1 0 3 0 75.811 -24.095 -0.47566 16.4 -1.9444 -11.002 13.764 -3.4141 0.075249 -11.39 0.57723 -3.0072 -2.7896 -2.7495
1 0 3 0 71.977 -16.009 7.7494 -0.72915 5.4424 -3.2851 -3.6709 9.1628 -11.942 2.4327 -6.2665 -3.332 -0.013348 -6.2514
1 0 3 0 74.059 -22.305 -1.3409 13.267 5.9255 -15.157 0.62475 13.118 -9.3417 -6.0412 -5.1524 3.8106 -6.971 -1.7576
1 0 3 0 75.614 -23.887 -2.0405 11.929 5.4138 -9.3033 5.659 8.2587 -12.964 -5.058 -0.97365 -0.093967 -11.643 0.8941
1 0 3 0 76.768 -22.114 -0.9133 11.694 3.9523 -11.594 3.7913 7.8072 -12.545 -3.6822 0.87734 1.3784 -10.729 1.2858
1 0 3 0 76.285 -23.176 -1.208 13.085 6.5986 -9.2975 5.5844 8.6566 -13.279 -5.7645 -1.9273 -1.6579 -12.828 0.76882
1 0 3 0 76.285 -23.176 -1.208 13.085 6.5986 -9.2975 5.5844 8.6566 -13.279 -5.7645 -1.9273 -1.6579 -12.828 0.76882
1 0 3 0 74.707 -22.116 -2.6171 10.739 5.0088 -15.004 0.11927 10.048 -8.03 -1.8673 -1.3608 0.89764 -10.185 0.54843
1 0 3 0 76.663 -21.741 -2.2765 10.728 2.2079 -12.806 4.154 7.5364 -10.185 2.1766 2.1907 -1.7838 -5.3582 0.3344
1 0 3 0 76.553 -21.846 -2.0043 11.4 2.5365 -12.555 4.7145 7.3641 -11.245 1.341 1.9187 -1.9823 -5.0644 -0.0040877
1 0 3 0 75.19 -21.818 -2.2629 12.063 9.2654 -13.905 -0.17999 11.703 -9.942 -3.9973 -1.636 3.3511 -9.7391 0.64346
1 0 3 0 75.19 -21.818 -2.2629 12.063 9.2654 -13.905 -0.17999 11.703 -9.942 -3.9973 -1.636 3.3511 -9.7391 0.64346
1 0 3 0 76.255 -22.34 -0.92784 11.556 3.5834 -11.026 2.0063 5.3807 -12.52 -1.2048 -0.7662 -2.0156 -8.911 2.6259
1 0 3 0 76.255 -22.34 -0.92784 11.556 3.5834 -11.026 2.0063 5.3807 -12.52 -1.2048 -0.7662 -2.0156 -8.911 2.6259
1 0 3 0 76.2 -22.219 -0.27007 12.427 3.9204 -10.961 2.2109 5.1256 -12.919 -1.7226 -0.93865 -2.4252 -9.039 2.696
1 0 3 0 73.3 -19.325 3.0981 11.17 0.46419 -5.7355 0.87689 4.9526 -7.1028 -2.2902 2.0118 -0.26066 -7.1982 -1.6706
1 0 3 0 76.048 -22.209 -2.7982 12.11 3.9485 -11.696 5.4348 7.249 -11.728 -1.6548 1.4238 -0.7232 -9.3172 0.52772
1 0 3 0 76.632 -21.363 -1.6607 14.183 3.8872 -11.206 5.5377 6.5235 -12.817 -2.3116 -0.67135 -1.3561 -7.1697 0.17011
1 0 3 0 76.632 -21.363 -1.6607 14.183 3.8872 -11.206 5.5377 6.5235 -12.817 -2.3116 -0.67135 -1.3561 -7.1697 0.17011
1 0 3 0 72.042 -19.105 2.7909 13.152 -0.59277 -4.4517 4.8931 4.1756 -10.481 -8.3006 0.20139 -1.3891 -10.005 -5.1584
1 0 3 0 71.24 -19.854 4.6703 16.285 -0.18915 -2.8333 0.87989 6.1195 -11.022 -6.5672 -1.729 -0.83531 -9.8906 -1.3714
1 0 3 0 71.481 -20.124 5.2441 16.764 0.033811 -2.112 1.3682 5.3645 -12.11 -5.7272 -2.9166 -1.8622 -10.266 -0.56549
1 0 3 0 74.96 -22.111 -1.6953 17.402 1.5684 -10.405 10.902 -1.2208 0.067767 -11.215 1.6012 -2.4564 -2.9059 -2.8256
1 0 3 0 73.831 -23.141 0.12127 17.903 -3.8259 -10.463 9.3501 -2.5027 -1.7784 -7.0379 0.383 -4.4135 -6.4082 -2.136
1 0 3 0 71.153 -19.262 3.9697 17.084 -0.57887 -4.9241 2.0215 6.0516 -9.2156 -5.3856 0.16384 -0.70546 -9.3468 -2.1672
1 0 3 0 72.486 -17.795 2.8849 11.894 -1.9696 -3.8118 -1.5969 8.7058 -6.5317 -4.2586 0.66996 1.5888 -6.3811 -3.2612
1 0 3 0 72.732 -24.13 0.30153 22.079 -0.85139 -6.541 12.7 -0.74335 -4.7755 -13.708 -0.31003 -1.2161 -4.2185 -4.6469
1 0 3 0 72.968 -23.854 -0.97539 19.084 -2.835 -10.543 10.226 -1.2923 -1.0047 -9.4565 1.954 -3.4161 -5.6784 -3.7355
1 0 3 0 72.868 -21.991 -2.0805 12.599 9.0757 -12.873 0.55376 11.145 -10.669 -3.3723 -1.6563 6.4018 -9.8793 0.90614
1 0 3 0 74.711 -23.309 -3.0378 12.256 5.5225 -12.727 2.5138 10.065 -9.4208 -1.8035 -3.0487 0.53005 -10.582 0.52183
1 0 3 0 74.815 -23.014 -0.7391 13.822 7.2864 -12.396 0.97168 12.407 -7.8442 -1.609 -5.1343 -1.2752 -11.47 1.1326
1 0 3 0 74.126 -23.774 -0.89298 13.543 4.1228 -11.091 5.0402 9.1133 -11.706 -0.87544 -0.13569 -0.26679 -8.3859 2.2468
1 0 3 0 75.143 -21.749 -0.095232 12.46 2.1308 -12.573 4.3003 8.8174 -11.772 -0.4451 0.83744 1.6723 -6.9589 3.0576
1 0 3 0 74.187 -23.113 -0.52673 14.86 -2.7115 -7.843 9.5737 -2.4328 -2.7772 -7.9019 1.1874 -2.2283 -5.732 -3.4622
1 0 3 0 72.807 -22.507 -0.70636 14.45 5.4596 -13.799 2.6639 10.812 -11.04 -1.6588 -1.2585 5.2437 -6.941 -0.087062
1 0 3 0 73.954 -23.8 -3.3176 12.922 5.1104 -11.045 1.3369 8.8279 -7.0933 -2.3075 -3.1582 -0.27795 -8.7806 2.8636
1 0 3 0 74.391 -23.262 -3.1152 13.433 5.5893 -11.277 0.68541 9.3025 -6.6061 -2.573 -3.7366 0.036435 -8.8716 3.117
1 0 3 0 74.422 -23.167 -3.0398 14.256 6.6901 -10.991 0.25326 9.8234 -6.3577 -2.9752 -4.5601 -0.010174 -8.9068 3.6088
1 0 3 0 73.645 -22.284 -1.9323 12.831 2.765 -13.582 3.7061 8.9613 -6.8124 -6.6701 -2.9843 7.8463 -11.679 0.44874
1 0 3 0 73.645 -22.284 -1.9323 12.831 2.765 -13.582 3.7061 8.9613 -6.8124 -6.6701 -2.9843 7.8463 -11.679 0.44874
1 0 3 0 76.133 -23.877 -4.5711 11.943 0.86842 -10.722 5.0469 4.3623 -5.0426 -2.5333 0.66055 1.7074 -7.5125 1.0553
1 0 3 0 76.674 -23.284 -3.313 13.448 2.1645 -11.362 5.0789 4.5242 -5.4167 -2.5157 -0.27958 0.71243 -7.552 1.4316
1 0 3 0 76.674 -23.284 -3.313 13.448 2.1645 -11.362 5.0789 4.5242 -5.4167 -2.5157 -0.27958 0.71243 -7.552 1.4316
1 0 3 0 71.906 -23.255 -1.8732 14.007 3.4281 -12.55 3.521 11.004 -11.731 -3.6574 2.1983 1.7158 -8.2509 -0.41638
1 0 3 0 75.767 -21.308 -1.2492 10.669 3.5348 -14.26 2.4676 10.03 -9.9309 -2.9553 0.56984 4.1114 -10.387 2.524
1 0 3 0 75.767 -21.308 -1.2492 10.669 3.5348 -14.26 2.4676 10.03 -9.9309 -2.9553 0.56984 4.1114 -10.387 2.524
1 0 3 0 72.288 -23.963 0.18265 18.645 -2.9055 -9.1971 11.79 -1.6366 -3.1043 -9.0519 0.44694 -1.3752 -5.9389 -2.456
1 0 3 0 73.615 -23.176 0.23914 18.608 -1.3306 -11.731 9.4482 -0.89608 -3.843 -9.6069 -1.6943 -1.3534 -5.2902 -4.0422
1 0 3 0 73.051 -21.863 -1.032 12.098 7.3366 -16.129 1.3431 12.556 -11.799 -5.0896 -0.66561 5.2689 -9.5119 1.6054
1 0 3 0 72.984 -22.514 -1.1697 12.109 6.6417 -16.046 1.0026 11.61 -12.285 -4.8831 0.73509 4.5695 -10.119 1.7418
1 0 3 0 73.059 -24.504 -2.7726 11.354 4.6911 -11.923 3.3615 11.117 -11.144 -3.9015 -0.37478 0.59024 -8.9327 3.6887
1 0 3 0 74.157 -23.497 -0.98557 13.436 5.3285 -9.7179 3.6886 9.6169 -12.87 -2.4834 -2.3436 -0.80794 -7.2966 4.0677
1 0 3 0 74.157 -23.497 -0.98557 13.436 5.3285 -9.7179 3.6886 9.6169 -12.87 -2.4834 -2.3436 -0.80794 -7.2966 4.0677
1 0 3 0 72.415 -23.654 -0.38257 15.632 6.0461 -14.498 5.0014 8.0444 -9.7844 -3.9289 -3.3917 0.93316 -9.6434 1.4708
1 0 3 0 72.456 -23.875 -1.1683 14.519 5.5135 -13.911 4.3328 8.1638 -9.8838 -3.1964 -2.5479 1.1188 -10.01 2.0938
1 0 3 0 74.113 -24.002 -3.0278 13.14 5.7041 -12.881 2.7882 7.6233 -8.9591 -0.78799 -2.6178 0.30905 -10.042 2.0306
1 0 3 0 74.474 -23.318 -2.0375 14.221 6.4493 -13.483 2.1582 9.0298 -8.7294 0.026926 -2.9592 0.26296 -9.233 2.3186
1 0 3 0 74.474 -23.318 -2.0375 14.221 6.4493 -13.483 2.1582 9.0298 -8.7294 0.026926 -2.9592 0.26296 -9.233 2.3186
1 0 3 0 72.261 -22.35 -1.1302 12.791 6.4197 -15.662 2.2208 10.886 -11.702 -5.3365 0.89537 3.7598 -10.947 1.6427
1 0 3 0 74.766 -23.003 -1.0424 14.969 3.4126 -12.983 2.4571 8.6671 -9.6271 -2.5638 -3.1147 -2.5204 -5.1931 1.038
1 0 3 0 75.424 -21.844 -0.85706 14.467 2.6611 -13.096 3.0778 9.2864 -9.5569 -1.5431 -2.2414 -1.8303 -4.3719 0.26745
1 0 3 0 74.903 -23.886 -2.4882 13.569 -3.1163 -7.6075 10.276 -3.0216 -2.7904 -8.2534 0.77524 -3.0365 -4.3165 -1.1425
1 0 3 0 75.18 -23.421 -1.9803 14.647 -1.6164 -8.8882 9.3809 -1.8593 -2.6563 -8.2516 -0.4711 -1.7327 -3.5763 -1.8872
1 0 3 0 72.74 -22.986 -2.5218 11.236 4.7171 -11.755 4.2447 12.066 -12.323 -4.2163 -1.0738 2.0279 -9.3812 2.7911
1 0 3 0 75.285 -22.979 -3.4805 10.547 3.8177 -10.472 2.8387 9.6152 -10.588 -3.818 -2.3997 -0.10583 -8.35 0.52667
1 0 3 0 75.128 -22.952 -2.4251 11.353 4.5172 -11.048 2.096 8.8491 -11.419 -4.1038 -3.9357 -0.51149 -8.8494 0.1765
1 0 3 0 74.126 -24.202 -2.9316 11.606 3.3181 -11.458 1.9911 10.384 -10.131 -2.0299 -0.58374 0.32573 -8.8357 2.4196
1 0 3 0 74.799 -23.564 -2.291 12.067 3.2339 -12.42 0.55753 11.1 -11.204 -2.7999 -0.51148 0.28917 -7.9464 1.6412
1 0 3 0 74.799 -23.564 -2.291 12.067 3.2339 -12.42 0.55753 11.1 -11.204 -2.7999 -0.51148 0.28917 -7.9464 1.6412
1 0 3 0 73.656 -20.853 -1.5847 11.926 0.31671 -11.174 3.0927 7.128 -7.5619 -7.9433 2.9039 6.9221 -11.268 0.73688
1 0 3 0 74.879 -23.68 -2.6816 9.9232 -0.56648 -8.7834 4.2834 2.5743 -8.7092 -1.609 -0.33059 1.8432 -6.9389 2.3924
1 0 3 0 75.59 -24.076 -1.2125 12.346 3.6689 -10.086 4.757 6.8161 -11.075 0.61378 -0.69223 1.4571 -7.2895 3.4838
1 0 3 0 75.59 -24.076 -1.2125 12.346 3.6689 -10.086 4.757 6.8161 -11.075 0.61378 -0.69223 1.4571 -7.2895 3.4838
1 0 3 0 72.798 -22.895 -3.6684 9.8934 -0.58518 -8.6785 2.6458 9.1358 -9.4976 -1.8871 2.8204 2.8646 -7.6072 1.8368
1 0 3 0 73.245 -24.069 -3.2732 10.257 -1.3527 -8.0621 3.8962 6.9607 -9.403 -0.49464 1.0161 2.4163 -7.9616 1.5182
1 0 3 0 74.192 -25.44 -1.1401 16.391 -0.76604 -7.8594 10.278 2.5391 -6.9503 -4.4836 -2.216 -2.0469 -8.2993 -1.2883
1 0 3 0 74.192 -25.44 -1.1401 16.391 -0.76604 -7.8594 10.278 2.5391 -6.9503 -4.4836 -2.216 -2.0469 -8.2993 -1.2883
1 0 3 0 73.989 -24.143 -2.5586 10.412 0.83661 -8.362 3.7262 10.894 -12.806 0.19811 1.1197 -1.6967 -7.573 1.8709
1 0 3 0 74.411 -24.004 -2.4156 10.663 1.2686 -8.0555 4.1627 10.688 -13.051 -0.44165 -0.41781 -2.0238 -7.0897 1.0718
1 0 3 0 74.822 -23.441 -2.0181 11.1 1.5848 -8.4515 4.2774 10.583 -13.12 -0.37396 -0.6138 -1.7609 -6.4675 0.81083
1 0 3 0 72.842 -23.309 0.60401 18.341 -4.2681 -11.47 8.7417 -0.21206 -3.791 -7.1847 2.8559 -0.29687 -4.3502 -5.669
1 0 3 0 75.344 -22.139 -0.94592 11.089 1.287 -8.2663 1.3883 6.6995 -11.167 0.39713 0.31466 -0.21467 -5.3194 1.7397
1 0 3 0 75.452 -22.257 -0.83006 11.438 1.5582 -8.3211 1.5278 6.1098 -11.696 -0.20101 0.12491 0.32201 -4.7201 1.8969
1 0 3 0 75.452 -22.257 -0.83006 11.438 1.5582 -8.3211 1.5278 6.1098 -11.696 -0.20101 0.12491 0.32201 -4.7201 1.8969
1 0 3 0 71.758 -24.177 0.33305 20.564 -2.4838 -9.5235 10.641 -1.4507 -2.2897 -8.4468 -1.4403 -4.1313 -5.4372 -1.8061
1 0 3 0 73.318 -25.059 -0.66825 13.271 1.5722 -9.6415 0.22499 8.1094 -12.637 1.6749 -1.1331 -2.0586 -9.5518 0.25287
1 0 3 0 73.54 -24.836 -0.26815 14.049 2.2466 -9.9483 -0.16933 7.6598 -13.021 1.3907 -1.6662 -2.2336 -9.5567 -0.21278
1 0 3 0 73.415 -23.574 -1.9544 16.71 -1.5391 -11.673 10.669 0.14392 -2.3318 -8.8855 -1.6912 -2.3436 -7.9362 -1.0788
1 0 3 0 74.869 -21.169 -1.1023 15.824 -0.25244 -13.449 9.2403 2.78 -4.1689 -5.5159 0.25649 1.1598 -4.6895 0.20572
1 0 3 0 73.576 -24.428 -0.86637 12.854 2.1543 -7.623 3.6259 9.3893 -11.686 -0.19973 1.6615 0.67249 -8.8609 0.92398
1 0 3 0 73.949 -24.228 -0.8158 13.152 2.7311 -7.5756 3.8671 9.3674 -11.258 0.33567 1.1828 0.13016 -9.0683 0.091615
1 0 3 0 73.949 -24.228 -0.8158 13.152 2.7311 -7.5756 3.8671 9.3674 -11.258 0.33567 1.1828 0.13016 -9.0683 0.091615
1 0 3 0 72.446 -23.689 -0.31013 17.966 -5.2534 -9.4443 11.069 -0.11669 -2.7763 -8.1692 1.67 -2.2944 -5.8953 -2.7771
1 0 3 0 72.858 -23.759 -1.2747 12.216 -0.1132 -9.3913 5.8639 10.265 -12.684 -1.9852 0.8018 -1.4388 -8.5958 2.0635
1 0 3 0 73.394 -23.301 -1.0539 12.275 -0.21781 -9.7898 5.8094 9.5933 -12.468 -1.8803 0.74706 -1.0473 -8.5027 1.6945
1 0 3 0 75.248 -20.02 0.19563 11.624 -1.1323 -10.612 5.3659 8.5682 -11.363 -1.5005 1.5079 0.17384 -7.7233 1.1236
1 0 3 0 72.682 -23.77 -0.11684 17.84 -3.6002 -8.0002 11.151 -0.1425 -1.7786 -7.7097 1.0929 -2.8657 -6.2869 -2.6991
1 0 3 0 71.442 -23.772 -1.2639 13.55 3.2069 -8.6755 1.03 9.6298 -15.46 -3.5745 3.6097 1.3675 -8.4842 4.1063
1 0 3 0 75.098 -22.986 0.21765 11.596 0.46706 -9.1466 5.8749 8.3932 -12.709 0.33344 0.5608 -0.035929 -6.5868 3.3533
1 0 3 0 75.213 -22.914 0.31513 11.83 0.33958 -10.103 5.8214 8.3023 -11.973 0.21783 0.20729 0.2397 -6.9928 2.4334
1 0 3 0 75.213 -22.914 0.31513 11.83 0.33958 -10.103 5.8214 8.3023 -11.973 0.21783 0.20729 0.2397 -6.9928 2.4334
1 0 3 0 72.896 -23.501 0.20972 18.744 -3.3774 -7.5696 11.76 2.1199 -0.39337 -9.0013 -1.3212 -3.3146 -5.2341 -3.6881
1 0 3 0 74.029 -23.601 -1.9454 12.2 2.7217 -12.224 3.8006 10.255 -8.8535 -1.0155 -0.52655 -0.63061 -5.5466 1.3264
1 0 3 0 74.279 -23.358 -1.7246 12.214 2.7554 -11.899 4.3613 10.024 -9.012 -0.84566 -0.66803 -0.37509 -5.0365 0.95388
1 0 3 0 71.58 -25.14 -0.36051 17.826 -3.4075 -9.7935 9.4632 -1.929 -4.1982 -9.8387 1.3052 -2.433 -7.0091 -3.7382
1 0 3 0 72.36 -23.701 -1.9447 12.174 5.0398 -13.171 3.7697 9.745 -11.19 -2.1556 -1.5562 2.2348 -8.5778 2.2854
1 0 3 0 73.768 -25.244 -1.254 14.678 3.2514 -12.973 1.7882 9.5453 -12.424 -4.0867 -4.2307 -0.33167 -8.1084 0.89899
1 0 3 0 74.508 -23.707 -0.57065 14.701 2.6188 -13.409 1.8602 10.298 -11.529 -3.0823 -2.3021 1.3765 -7.2651 0.88188
1 0 3 0 73.429 -22.733 -0.67397 17.953 -3.8064 -9.2521 9.5398 -0.21853 -1.9369 -7.2204 0.63244 -1.1011 -3.5579 -3.3918
1 0 3 0 71.881 -23.583 -1.1834 13.445 4.9803 -15.57 4.254 9.3551 -10.428 -3.6946 -2.2278 0.81765 -10.57 3.7119
1 0 3 0 72.108 -23.612 -1.6213 13.239 4.9295 -15.346 3.996 8.944 -9.3264 -2.7959 -2.2298 0.57881 -10.55 3.9662
1 0 3 0 73.861 -22.372 -1.5894 13.644 5.8456 -13.574 2.5294 9.0893 -7.9 -2.8362 -2.861 1.9323 -9.5683 2.4795
1 0 3 0 73.613 -22.494 -1.4935 14.334 6.8292 -13.253 2.3084 9.468 -8.1453 -3.2557 -3.5388 1.5292 -10.082 2.279
1 0 3 0 73.804 -25.738 -2.0784 13.98 3.6276 -9.1929 5.2974 3.3063 -8.2992 -5.6038 -2.9513 0.25152 -9.4232 -1.1564
1 0 3 0 74.099 -25.747 -1.7392 14.721 4.9236 -8.9919 5.1446 2.5708 -8.4456 -5.6608 -2.4206 0.69514 -8.0658 -1.3062
1 0 3 0 74.246 -25.622 -1.3693 15.403 5.9916 -8.9166 4.8612 1.8307 -8.5693 -5.9262 -2.2685 0.57565 -7.2264 -1.3862
1 0 3 0 71.685 -23.362 -0.46779 14.355 4.4754 -18.085 3.0791 6.6022 -13.127 -5.2 -2.1176 1.347 -7.6997 1.3347
1 0 3 0 71.99 -23.593 -1.0635 13.493 3.4149 -16.966 3.255 6.5555 -12.809 -4.8042 -1.3018 1.1231 -7.8913 1.0595
1 0 3 0 74.583 -23.256 -1.3714 10.754 3.4188 -10.688 0.28856 7.4082 -10.838 -4.4246 -4.1766 -1.4873 -8.4682 1.4549
1 0 3 0 74.583 -23.256 -1.3714 10.754 3.4188 -10.688 0.28856 7.4082 -10.838 -4.4246 -4.1766 -1.4873 -8.4682 1.4549
1 0 3 0 72.54 -23.541 -2.0383 17.279 -4.0247 -8.2353 11.128 -1.3372 -0.40262 -7.1628 0.018696 -3.7816 -7.7572 -0.675
1 0 3 0 73.382 -24.072 -0.63749 14.839 5.098 -10.849 4.0373 7.4274 -11.855 -2.7258 -1.325 -1.5256 -8.9128 3.574
1 0 3 0 73.382 -24.072 -0.63749 14.839 5.098 -10.849 4.0373 7.4274 -11.855 -2.7258 -1.325 -1.5256 -8.9128 3.574
1 0 3 0 72.223 -23.233 0.1592 15.436 3.0588 -13.135 6.052 8.115 -11.252 -3.2866 -0.83926 2.2379 -13.07 2.8032
1 0 3 0 72.807 -22.956 -0.3623 14.106 1.507 -12.404 6.0648 7.537 -10.501 -2.5416 -0.10366 2.5218 -12.626 2.6548
1 0 3 0 73.072 -25.566 -0.76372 15.563 0.79492 -10.444 3.9523 4.471 -10.036 -2.1826 -2.2967 1.2433 -9.9191 0.11122
1 0 3 0 73.812 -24.879 -0.10179 16.988 -0.17177 -11.305 4.3968 2.4452 -10.086 -3.0213 -2.8311 1.2816 -8.5772 -0.84944
1 0 3 0 73.352 -25.555 0.41994 19.31 1.1468 -11.539 4.0176 0.96906 -10.087 -4.1425 -3.7131 -0.097126 -9.1387 -1.9035
1 0 3 0 74.417 -23.628 -1.1932 11.268 0.27473 -6.4711 3.0561 5.9711 -13.59 1.0271 -1.6368 -4.1755 -4.7745 1.3733
1 0 3 0 75.614 -22.201 -0.39314 11.762 -0.17278 -7.7066 3.6412 5.5811 -12.455 1.5598 -1.7146 -2.5463 -3.7729 1.4297
1 0 3 0 72.749 -23.969 -0.68887 16.761 -3.8384 -7.8751 9.6094 -2.4639 -2.3536 -6.6886 0.42628 -3.4502 -8.7814 -3.9613
1 0 3 0 72.631 -25.704 -0.38689 13.917 2.1499 -7.6959 3.4796 4.7203 -16.745 -1.9535 -0.2615 -0.99695 -7.9965 -0.56849
1 0 3 0 73.956 -24.265 0.38525 13.626 0.99823 -9.5364 3.2094 4.7342 -14.487 -1.1623 -2.2149 -2.2382 -7.6716 -0.82889
1 0 3 0 74.638 -22.94 0.84365 13.271 0.31017 -10.551 3.3143 5.2857 -12.718 -0.43002 -2.1083 -2.0734 -6.9846 -0.4975
1 0 3 0 71.65 -25.211 0.51736 20.443 -2.3067 -9.8953 9.578 -2.6503 -4.084 -11.062 -1.5568 -2.3588 -6.7053 -2.167
1 0 3 0 72.101 -24.57 -1.3571 12.488 -0.26241 -9.7905 1.6905 9.0951 -13.086 -2.4219 0.33844 -1.723 -5.646 1.9312
1 0 3 0 72.74 -24.407 -1.1232 12.555 -0.22163 -9.5679 1.6 8.5346 -12.235 -1.3688 -0.60054 -1.604 -5.1106 1.0467
1 0 3 0 72.674 -24.09 -0.65791 17.032 -5.6346 -9.2104 8.0707 -0.99586 -1.9604 -9.2766 -2.4762 -4.9003 -8.028 -3.197
1 0 3 0 74.909 -22.556 1.08 13.462 1.0471 -10.51 2.4903 9.1388 -11.372 -0.10074 0.038633 0.088305 -5.3994 2.0071
1 0 3 0 74.909 -22.556 1.08 13.462 1.0471 -10.51 2.4903 9.1388 -11.372 -0.10074 0.038633 0.088305 -5.3994 2.0071
1 0 3 0 73.412 -23.544 -0.73968 18.319 -0.80403 -10.795 9.0565 -3.3142 -5.2696 -12.431 1.2966 -2.149 -5.0357 -2.014
1 0 3 0 73.893 -22.446 -0.52361 18.104 -0.094757 -11.667 9.4922 -2.9577 -4.3006 -11.764 1.236 -3.4648 -5.0928 -2.4578
1 0 3 0 74.192 -22.644 0.3778 12.998 -0.38434 -9.0216 4.3815 7.4038 -13.258 0.26325 -0.075248 -1.8059 -6.3562 0.7712
1 0 3 0 74.192 -22.644 0.3778 12.998 -0.38434 -9.0216 4.3815 7.4038 -13.258 0.26325 -0.075248 -1.8059 -6.3562 0.7712
1 0 3 0 71.951 -25.412 -0.29677 18.471 -3.6616 -8.8947 9.3427 -1.2913 -5.0692 -10.563 0.10314 -1.3833 -6.9172 -3.4553
1 0 3 0 75.078 -22.614 0.47946 12.64 1.2996 -11.942 0.99125 9.6383 -10.315 0.26677 -1.1794 -0.75042 -4.4055 2.1498
1 0 3 0 75.74 -21.706 0.69207 11.885 0.86546 -11.912 1.8187 9.5603 -10.711 0.25851 -0.84612 0.5303 -3.2974 1.8672
1 0 3 0 75.74 -21.706 0.69207 11.885 0.86546 -11.912 1.8187 9.5603 -10.711 0.25851 -0.84612 0.5303 -3.2974 1.8672
1 0 3 0 71.888 -25.197 -0.14601 19.58 -3.1835 -9.7624 8.0957 -2.7947 -3.371 -8.3815 0.46987 -3.3587 -7.9277 -4.5385
1 0 3 0 73.424 -24.557 -0.22726 12.423 2.6951 -9.1908 4.4771 7.1039 -14.87 -1.9649 -0.63224 0.15949 -9.2247 3.8736
1 0 3 0 73.424 -24.557 -0.22726 12.423 2.6951 -9.1908 4.4771 7.1039 -14.87 -1.9649 -0.63224 0.15949 -9.2247 3.8736
1 0 3 0 73.087 -23.766 0.54459 19.135 -3.9102 -9.8818 9.3974 -2.4566 -2.9904 -10.798 -0.7385 -5.5049 -8.2303 -3.9221
1 0 3 0 74.052 -25.037 -2.5948 10.819 0.87252 -8.4456 3.4884 6.4728 -13.68 -1.2134 -0.73834 0.60746 -7.7237 2.8741
1 0 3 0 74.899 -24.257 -2.0833 11.389 0.72251 -9.547 2.7312 5.2997 -13.279 -1.3291 -1.2385 1.5088 -7.5316 2.7524
1 0 3 0 72.148 -25.052 -0.91866 17.93 -4.8936 -10.104 10.139 -3.8276 -3.9128 -9.5164 -0.73673 -3.6671 -7.6504 -3.0662
1 0 3 0 74.823 -23.642 0.0024251 12.157 1.6231 -9.34 3.3222 8.0114 -12.145 2.6438 0.54156 0.86502 -6.3502 1.9231
1 0 3 0 74.823 -23.642 0.0024251 12.157 1.6231 -9.34 3.3222 8.0114 -12.145 2.6438 0.54156 0.86502 -6.3502 1.9231
1 0 3 0 72.387 -24.109 -1.2049 16.925 -2.2889 -10.314 7.572 -0.69963 -2.5018 -7.3319 2.8121 -0.31553 -7.47 -3.3184
1 0 3 0 74.537 -24.009 0.39822 12.433 -0.092168 -10.368 2.3822 10.243 -12.722 0.45101 0.53989 0.94948 -5.3674 2.5917
1 0 3 0 74.739 -24.287 0.36288 13.13 0.62256 -10.207 2.6014 10.004 -12.635 0.12029 -0.17867 1.2898 -5.1736 2.0031
1 0 3 0 72.912 -24.828 -0.58437 18.847 0.32679 -10.753 10.234 0.39081 -2.2883 -10.99 -0.20293 -4.4286 -4.0706 0.22947
1 0 3 0 73.594 -23.918 -0.21566 19.361 1.3701 -12.089 9.7384 -0.58103 -2.5372 -11.552 -0.002949 -4.5876 -3.0112 -0.052528
1 0 3 0 74.109 -24.105 -1.4469 11.966 1.8305 -9.803 0.90868 6.7644 -12.841 -0.27728 -0.087313 -1.8661 -6.9884 1.3677
1 0 3 0 74.109 -24.105 -1.4469 11.966 1.8305 -9.803 0.90868 6.7644 -12.841 -0.27728 -0.087313 -1.8661 -6.9884 1.3677
1 0 3 0 73.524 -24.118 0.033272 17.027 -1.8035 -12.162 6.5654 -2.9689 0.38091 -7.5193 1.6239 -1.414 -5.4977 -1.1109
1 0 3 0 74.692 -25.044 -1.335 10.017 1.6999 -9.341 2.8049 9.2631 -15.338 -1.4471 -0.39599 -0.26606 -6.8227 2.0235
1 0 3 0 74.692 -25.044 -1.335 10.017 1.6999 -9.341 2.8049 9.2631 -15.338 -1.4471 -0.39599 -0.26606 -6.8227 2.0235
1 0 3 0 72.439 -24.427 -1.0189 17.895 -3.4273 -10.319 7.8303 -3.2363 -5.0514 -9.0537 1.859 -2.0611 -9.8727 -4.4718
1 0 3 0 75.456 -24.353 -0.019925 12.198 2.2658 -8.9922 3.6721 7.5931 -13.148 -0.69319 -2.3483 0.035604 -6.4233 1.1362
1 0 3 0 75.654 -24.327 0.39038 12.899 2.7018 -8.9864 3.5699 7.4763 -13.074 -1.0652 -2.8405 0.16882 -6.2513 -0.0079846
1 0 3 0 72.649 -23.279 0.74478 17.619 -4.4944 -9.1602 9.3452 -2.5143 -3.2606 -7.6139 3.4529 -0.16829 -7.4948 -0.23042
1 0 3 0 74.136 -24.263 -1.6465 11.55 0.93674 -11.991 0.25534 8.6187 -13.612 -2.107 -0.2637 0.63114 -4.7976 2.5237
1 0 3 0 75.92 -21.53 -0.26093 10.945 0.18694 -11.671 1.3407 9.7921 -11.383 0.10714 -0.080216 1.1216 -4.2244 2.1342
1 0 3 0 74.242 -22.793 -1.3824 15.94 -3.0789 -12.427 9.8556 -2.2739 -3.3632 -6.2734 1.2621 0.17807 -3.9627 -1.2603
1 0 3 0 74.185 -24.336 -0.50304 13.335 2.3512 -10.925 2.3828 8.4607 -14.494 -4.4105 -3.7726 -1.2907 -4.686 3.7596
1 0 3 0 75.422 -23.142 0.07278 13.751 2.771 -11.564 2.5858 8.0609 -13.41 -3.8039 -4.8707 -1.2666 -4.9582 1.4705
1 0 3 0 74.097 -22.599 0.27435 17.223 -5.2895 -11.324 10.114 -0.53405 -1.5985 -6.7597 3.234 -0.84471 -5.8539 -4.2694
1 0 3 0 75.348 -23.377 -1.6028 12.429 3.5487 -7.8725 3.7541 8.3462 -11.226 -0.65249 -1.3209 -2.9573 -8.455 0.65653
1 0 3 0 75.77 -22.98 -1.5077 12.776 3.5613 -8.192 3.4957 8.2622 -10.923 -0.3809 -1.8628 -2.9027 -8.248 0.28185
1 0 3 0 73.96 -23.225 -0.18272 18.12 -2.6621 -10.032 11.143 -3.9654 -2.7328 -6.9403 0.69021 -3.2767 -7.0291 -2.5133
1 0 3 0 75.233 -23.317 -0.035193 13.298 2.9046 -10.602 2.3144 7.3258 -13.186 1.7951 -2.0395 -1.6484 -9.2885 0.29366
1 0 3 0 75.909 -22.711 0.14033 14.127 3.3148 -11.411 1.8382 6.6983 -13.175 1.2201 -3.3053 -1.3981 -9.2438 -0.20346
1 0 3 0 75.036 -22.507 -2.637 16.046 -2.8071 -9.4121 9.911 -2.9319 -3.6373 -6.172 1.292 -2.0625 -4.7988 0.13876
1 0 3 0 76.758 -22.983 -0.4672 11.276 1.7543 -11.793 2.7428 7.0826 -12.28 -0.58063 -3.0329 -1.0945 -4.37 2.603
1 0 3 0 76.053 -24.951 -1.9471 11.994 3.3521 -10.71 2.6801 5.1902 -15.481 -4.7634 -7.2968 -3.7934 -6.076 1.2832
1 0 3 0 77.717 -21.41 -3.6759 13.618 0.08169 -11.676 7.861 -3.0214 -0.058304 -5.7579 0.71326 -3.6662 -3.5637 -4.4074
1 0 3 0 77.717 -21.41 -3.6759 13.618 0.08169 -11.676 7.861 -3.0214 -0.058304 -5.7579 0.71326 -3.6662 -3.5637 -4.4074
1 0 3 0 77.805 -21.171 -3.4337 14.077 0.5523 -11.822 8.0179 -3.3894 -0.24341 -6.0734 0.44765 -4.2515 -3.4359 -4.3705
1 0 3 0 76.056 -23.418 -1.0344 13.23 6.3711 -9.9042 1.2017 7.7561 -11.633 0.25795 -2.511 -1.7469 -7.0167 1.8928
1 0 3 0 76.056 -23.418 -1.0344 13.23 6.3711 -9.9042 1.2017 7.7561 -11.633 0.25795 -2.511 -1.7469 -7.0167 1.8928
1 0 3 0 76.046 -22.074 -0.32943 15.501 -1.4791 -9.9753 8.2108 -3.5592 -1.3064 -6.8788 0.67658 -0.91424 -5.7954 -3.6712
1 0 3 0 76.858 -21.638 -0.47809 12.032 2.2188 -11.71 1.0814 10.093 -12.638 -0.18312 -1.2398 1.1781 -4.847 0.18226
1 0 3 0 76.228 -23.076 -1.049 13.653 3.8046 -11.627 0.4493 9.5111 -13.6 -1.9156 -3.6845 -0.2734 -5.4343 -0.75773
1 0 3 0 74.686 -23.229 -3.0814 16.643 -0.010454 -10.266 7.4238 -2.5229 -3.5648 -9.0392 -1.431 -2.4781 -7.3453 -6.0856
1 0 3 0 76.51 -21.142 -3.0407 17.733 2.5878 -11.941 8.9863 -3.3289 -3.9348 -9.6462 0.52625 -2.7778 -5.004 -5.4409
1 0 3 0 75.374 -24.288 -2.8418 13.006 4.1984 -12.029 2.5713 6.068 -16.683 -5.5343 -5.474 -2.1502 -6.6968 0.43944
1 0 3 0 77.439 -21.16 -1.7005 12.913 2.9886 -12.945 3.6144 7.5735 -13.732 -2.13 -3.3316 0.19836 -4.8355 0.42643
1 0 3 0 75.769 -21.316 -1.6015 16.399 -3.9134 -9.4335 11.069 0.46142 -1.0589 -7.7872 -2.1794 -2.4967 -5.2718 -3.418
1 0 3 0 76.32 -20.851 -0.98706 18.353 -2.3845 -10.173 11.43 0.14197 -2.0029 -9.659 -2.2766 -3.8851 -4.5603 -3.4098
1 0 3 0 76.702 -22.849 -2.42 12.644 5.8993 -12.415 2.1562 8.8085 -12.26 -0.69761 -3.432 -0.83487 -8.1967 -1.6427
1 0 3 0 77.142 -22.345 -2.332 13.19 6.688 -11.794 1.9622 8.634 -12.697 -1.0258 -4.2734 -1.0386 -7.7695 -1.7454
1 0 3 0 75.881 -22.376 -3.3519 15.719 0.13098 -12.261 5.9077 -2.9557 -2.8946 -8.3036 -4.6192 -2.9608 -5.1511 -5.0829
1 0 3 0 77.169 -21.824 -2.9783 16.493 1.8239 -12.782 7.156 -2.4673 -3.5432 -8.5861 -4.8961 -3.8725 -3.9365 -4.6843
1 0 3 0 77.48 -21.072 -2.2708 17.509 3.0208 -13.412 7.8597 -2.0451 -3.9205 -8.7045 -4.5848 -4.436 -3.7603 -4.3123
1 0 3 0 78.291 -21.828 -3.6522 11.8 8.7022 -10.646 1.0401 9.5067 -12.251 -0.23866 -3.0535 -1.2148 -3.6182 0.076695
1 0 3 0 78.291 -21.828 -3.6522 11.8 8.7022 -10.646 1.0401 9.5067 -12.251 -0.23866 -3.0535 -1.2148 -3.6182 0.076695
1 0 3 0 76.409 -20.845 -0.4732 15.477 1.9339 -9.6378 6.1601 2.0922 -2.9811 -11.479 1.2731 -0.089882 -7.9536 -5.1727
1 0 3 0 77.791 -21.656 -2.9754 12.313 -1.7399 -11.355 7.1033 -0.34931 -2.7173 -8.2314 -0.95029 -0.33768 -5.1853 -3.0175
1 0 3 0 78.616 -21.156 -2.8543 12.365 -1.0224 -11.544 8.1167 -0.19049 -2.0167 -6.7555 -0.84618 -0.073381 -4.6049 -2.4965
1 0 3 0 76.838 -22.302 -0.61133 12.812 7.9782 -19.392 2.3815 15.916 -11.106 -3.3859 -3.2903 0.67076 -11.241 -0.62657
1 0 3 0 76.838 -22.302 -0.61133 12.812 7.9782 -19.392 2.3815 15.916 -11.106 -3.3859 -3.2903 0.67076 -11.241 -0.62657
1 0 3 0 77.835 -22.327 -1.0315 14.397 6.0225 -15.735 4.2512 11.352 -12.083 0.45019 1.365 0.33028 -5.7313 -2.2431
1 0 3 0 78.703 -21.165 -0.57523 15.748 6.8912 -14.205 4.8008 9.023 -12.899 0.35494 0.8539 0.23814 -3.9763 -2.869
1 0 3 0 78.418 -21.746 -3.6451 12.603 -1.8333 -14.09 8.2736 -1.3949 -1.7116 -9.9768 0.16017 -4.7781 -6.9582 -2.3672
1 0 3 0 78.691 -20.914 -3.5423 12.678 -1.9288 -14.981 9.2487 -2.2121 -2.3843 -9.5866 -0.1914 -5.3835 -6.7417 -1.7678
1 0 3 0 77.932 -23.075 -2.892 12.67 9.5472 -15.125 1.1413 6.3616 -10.486 -1.2596 -4.6701 -1.7397 -4.703 -0.29242
1 0 3 0 78.446 -21.911 -2.0958 13.299 11.538 -14.291 1.6822 6.1634 -10.939 -0.16361 -6.855 -2.7715 -4.8907 -0.32167
1 0 3 0 77.665 -23.028 -0.93371 16.883 2.4765 -13.92 7.0799 0.10309 -0.76477 -8.5311 -2.2356 -3.808 -6.971 -3.773
1 0 3 0 78.171 -22.532 -1.2399 16.087 2.9274 -14.937 8.1651 0.10829 -1.6128 -9.0525 -2.8609 -3.6517 -5.4343 -3.1511
