0 0 3 1 71.916 -12.771 3.2071 16.466 1.1979 -15.061 10.776 7.1696 -4.7205 -7.4339 11.572 1.7002 -11.397 5.2248
0 0 3 1 71.57 -12.508 3.1185 16.652 1.0771 -14.929 10.548 6.641 -6.3992 -7.575 11.713 0.0098185 -10.222 4.1614
0 0 3 1 72.088 -10.452 0.91241 14.542 1.2835 -15.53 8.989 9.1798 -3.9156 -7.49 12.305 5.733 -11.222 4.4626
0 0 3 1 71.632 -11.549 2.7675 12.766 -4.09 -14.999 13.217 4.864 -10.333 -0.0016518 9.1462 -4.2387 -2.0358 6.9779
0 0 3 1 72.46 -10.3 2.0042 15.301 0.29644 -17.433 9.203 11.219 -3.7616 -5.2983 11.404 4.072 -8.6665 4.7114
0 0 3 1 72.519 -10.631 1.5664 15.603 0.24793 -16.978 9.031 10.928 -4.5042 -4.2096 11.579 4.14 -6.3262 5.118
0 0 3 1 73.972 -11.356 2.1195 15.839 -1.99 -12.139 14.441 9.4499 -7.2864 -4.4964 13.393 1.844 -6.0478 0.58652
0 0 3 1 71.021 -8.6566 1.6085 12.823 -1.2739 -11.781 12.909 5.0723 -11.452 -0.66052 16.156 -2.1917 -8.1663 4.0019
0 0 3 1 72.849 -9.5203 1.4497 14.915 -5.7094 -11.651 11.945 9.8487 -5.7482 -4.3307 10.722 1.6576 -8.0284 3.1913
0 0 3 1 70.345 -7.7053 2.1765 14.405 0.31255 -12.871 12.187 8.5755 -11.142 -1.0594 12.86 -4.4796 -7.53 8.213
0 0 3 1 76.299 -15.124 3.7658 12.435 -1.7097 -5.0848 6.2831 -7.698 1.5409 0.46086 3.1166 -4.2059 -12.601 6.2716
0 0 3 1 76.458 -15.137 3.6098 11.254 -2.2802 -4.384 5.5771 -8.3435 2.3376 1.6632 3.6038 -5.1994 -12.655 6.7905
0 0 3 1 80.418 -17.029 0.8994 5.0032 -2.343 1.2094 8.1227 -9.1874 4.9561 11.55 -1.5923 -5.5902 -11.918 5.3664
0 0 3 1 80.223 -17.12 1.1361 5.7065 -2.0372 0.82226 8.4263 -8.9116 4.3342 11.404 -1.6705 -4.585 -10.584 5.5833
0 0 3 1 72.283 -10.362 1.041 20.041 0.26725 -10.36 11.938 6.1126 -9.124 -3.3954 11.629 -0.1721 -11.555 2.5078
0 0 3 1 78.205 -16.489 1.0064 9.7366 -4.1263 -2.575 8.0273 -5.8535 4.0108 5.9124 4.0125 -8.1756 -5.0887 4.0006
0 0 3 1 78.515 -16.451 0.60597 9.0217 -4.5537 -2.5891 7.9878 -6.0831 3.1644 5.275 3.4208 -8.571 -4.0649 3.4291
0 0 3 1 78.515 -16.451 0.60597 9.0217 -4.5537 -2.5891 7.9878 -6.0831 3.1644 5.275 3.4208 -8.571 -4.0649 3.4291
0 0 3 1 80.158 -18.113 -0.17645 6.345 -2.6146 3.2478 9.9219 -7.4084 1.9892 7.9844 -1.7164 -4.1286 -7.9728 3.4678
0 0 3 1 79.882 -18.035 0.76173 6.9973 -2.199 2.137 9.728 -7.4026 1.4242 7.7294 -1.3767 -2.5411 -7.2824 4.337
0 0 3 1 72.03 -10.963 1.3822 16.989 -3.6504 -13.544 11.777 6.5897 -10.735 -3.2156 10.627 -3.072 -13.619 6.4043
0 0 3 1 74.857 -16.039 7.8944 16.78 -13.008 -3.126 17.771 -5.2991 -2.486 -1.0805 2.3944 -5.1948 2.1545 2.4929
0 0 3 1 77.302 -16.577 1.2656 10.396 -3.0797 -1.7874 8.3779 -6.8846 5.2909 6.204 9.0977 -5.4446 -9.0935 7.3422
0 0 3 1 77.302 -16.577 1.2656 10.396 -3.0797 -1.7874 8.3779 -6.8846 5.2909 6.204 9.0977 -5.4446 -9.0935 7.3422
0 0 3 1 81.1 -16.504 -1.0113 3.4405 -1.5018 1.3106 7.3927 -4.8906 5.0317 6.546 -3.1329 -0.51203 -12.154 7.3582
0 0 3 1 81.004 -16.479 -0.68227 4.425 -1.1549 0.75489 8.0617 -4.5831 4.339 6.23 -3.4119 0.04288 -11.636 7.0086
0 0 3 1 81.004 -16.479 -0.68227 4.425 -1.1549 0.75489 8.0617 -4.5831 4.339 6.23 -3.4119 0.04288 -11.636 7.0086
0 0 3 1 77.328 -15.672 0.010302 14.926 -4.7622 -6.3122 11.587 -2.2784 -3.6655 -2.0714 7.0146 -6.0341 -0.88602 0.89687
0 0 3 1 77.22 -15.885 0.23395 15.328 -4.7762 -6.3529 11.546 -2.8607 -4.065 -2.1895 6.9688 -5.7285 -0.54932 1.3739
0 0 3 1 74.491 -16.73 7.6776 15.998 -11.787 -3.0283 14.292 -8.9752 -0.52788 3.1497 3.7604 -6.1609 5.1858 2.1084
0 0 3 1 80.589 -17.657 -0.026038 6.7067 -2.6332 -5.5443 7.7481 -9.0962 6.2521 9.456 -1.4773 -1.9948 -7.5021 6.8686
0 0 3 1 77.139 -16.818 1.8248 15.725 -6.8602 -9.0299 12.363 -3.1839 -1.1023 1.0394 9.7712 -6.4044 -4.3863 4.2446
0 0 3 1 78.979 -18.021 0.36366 9.3783 -2.5359 -5.1321 7.3854 -7.7025 7.626 3.3639 3.723 -5.5233 -8.8404 6.7368
0 0 3 1 81.176 -17.676 -1.0032 6.721 -1.3494 -3.592 7.8743 -7.879 4.6106 7.4798 -0.49034 -2.3307 -9.7445 8.7356
0 0 3 1 81.077 -17.719 -0.38596 7.7909 -1.3232 -3.7455 7.3337 -8.3339 3.4607 6.4057 -1.0355 -2.207 -10.099 8.4559
0 0 3 1 80.767 -17.712 0.39862 9.0207 -1.1989 -3.9734 6.8187 -8.4623 2.5304 5.4913 -1.3419 -2.0969 -10.606 8.1369
0 0 3 1 75.416 -14.627 6.5713 16.542 -11.735 -7.6382 13.432 -5.0041 1.5032 -1.2231 5.9717 -4.4527 1.9866 -0.93114
0 0 3 1 75.86 -15.358 6.2131 17.129 -8.6678 -6.9924 10.51 -5.1327 4.3756 -1.4515 1.2003 -0.96277 3.9013 -4.8201
0 0 3 1 80.732 -17.752 -1.3005 4.3887 -2.0893 -5.3521 6.8809 -7.5906 9.665 10.09 1.303 -2.1129 -11.922 7.9895
0 0 3 1 80.374 -18.618 -1.2206 4.8411 -2.3554 -4.7549 8.157 -6.7378 9.0829 9.6286 -0.1038 -2.7669 -11.812 7.0955
0 0 3 1 80.116 -18.629 -0.61488 5.4182 -2.2651 -4.4297 8.7322 -6.8284 7.4264 8.3701 -1.2399 -3.0446 -11.274 6.894
0 0 3 1 77.404 -17.274 2.691 19.53 -2.6933 -7.7174 10.196 1.666 -0.30382 -3.8792 3.7852 0.27843 -3.7298 -0.83527
0 0 3 1 81.011 -16.963 -1.0133 4.6606 -0.31336 -5.3759 8.1025 -3.9424 5.7325 4.6534 0.18885 -2.6039 -7.9758 6.4538
0 0 3 1 81.383 -17.319 -0.067347 7.3091 0.29279 -4.629 9.4009 -5.7678 4.6953 4.1897 -1.4373 -2.8536 -11.057 8.0858
0 0 3 1 81.383 -17.319 -0.067347 7.3091 0.29279 -4.629 9.4009 -5.7678 4.6953 4.1897 -1.4373 -2.8536 -11.057 8.0858
0 0 3 1 75.294 -16.163 6.9588 16.178 -9.2905 -2.8775 15.327 -3.8286 2.9069 2.9602 2.4391 -4.0164 1.7825 0.62134
0 0 3 1 79.449 -16.522 0.96749 5.2652 -1.1244 -4.9789 5.1869 -7.5997 8.7221 9.5688 4.8632 -5.0513 -15.051 9.3286
0 0 3 1 81.158 -17.179 -0.37953 6.5727 -1.5979 -3.3709 4.484 -8.5485 7.6788 9.8349 1.3675 -8.244 -13.729 3.7415
0 0 3 1 81.158 -17.179 -0.37953 6.5727 -1.5979 -3.3709 4.484 -8.5485 7.6788 9.8349 1.3675 -8.244 -13.729 3.7415
0 0 3 1 76.915 -16.719 3.6623 16.874 -5.5611 -8.1429 14.673 2.0539 -3.5732 -6.0506 8.9557 -6.378 -4.0245 0.8663
0 0 3 1 76.616 -16.988 4.1402 17.605 -6.0982 -7.6559 14.521 1.0139 -2.6915 -8.4152 8.103 -5.0576 -3.9245 -1.0001
0 0 3 1 76.731 -15.991 4.2814 13.605 -4.6974 -2.1551 11.621 -6.7022 -1.2035 2.0105 -0.12744 -6.5005 -6.561 8.4797
0 0 3 1 76.731 -15.991 4.2814 13.605 -4.6974 -2.1551 11.621 -6.7022 -1.2035 2.0105 -0.12744 -6.5005 -6.561 8.4797
0 0 3 1 76.983 -15.77 3.2896 12.012 -3.7347 -1.8174 9.742 -6.2405 1.9262 3.6689 1.3686 -7.9578 -8.3654 9.0043
0 0 3 1 76.983 -15.77 3.2896 12.012 -3.7347 -1.8174 9.742 -6.2405 1.9262 3.6689 1.3686 -7.9578 -8.3654 9.0043
0 0 3 1 79.814 -16.94 1.9302 7.0022 -0.50612 -2.3382 8.4332 -6.7185 8.445 12.62 -0.44384 -8.1305 -13.818 8.1123
0 0 3 1 79.814 -16.94 1.9302 7.0022 -0.50612 -2.3382 8.4332 -6.7185 8.445 12.62 -0.44384 -8.1305 -13.818 8.1123
0 0 3 1 74.086 -14.462 5.5727 13.971 -7.256 -3.4363 12.967 -2.6727 -3.5629 0.73075 9.1129 -6.75 4.223 7.9147
0 0 3 1 75.109 -16.734 6.52 13.678 -7.9504 -4.3126 14.072 -2.0318 -0.92681 -4.5307 8.4315 -2.8365 -1.3607 -0.32819
0 0 3 1 75.295 -17.084 5.7275 15.01 -7.8829 -6.0478 13.942 -2.1139 -1.1233 -5.714 10.481 -1.8363 -3.3646 0.8832
0 0 3 1 73.58 -11.914 2.347 17.909 -2.5988 -7.9981 14.75 4.1075 -3.6823 -5.9628 11.016 -3.2641 -7.7184 5.9842
0 0 3 1 73.282 -11.209 0.99186 16.68 -4.1545 -9.7877 10.89 3.6573 -4.8952 -3.4916 8.3237 -2.7454 -8.554 2.9078
0 0 3 1 75.198 -14.343 8.715 13.926 -9.4248 -4.5392 15.396 -2.9749 -3.1864 -2.4698 6.6161 -6.0515 -2.1911 -2.245
0 0 3 1 76.038 -14.378 6.7574 12.998 -8.3141 -3.8779 13.769 -3.7842 -1.0058 -2.8751 5.3248 -5.9545 -2.7452 -2.3775
0 0 3 1 75.836 -15.052 7.5659 14.438 -9.3988 -5.0583 14.768 -3.3498 -1.7372 -3.4891 7.4939 -5.3246 -5.7123 -3.3315
0 0 3 1 79.635 -15.919 -1.0609 8.8824 -0.69453 -5.0754 7.9485 -1.391 2.3654 -2.3082 4.4012 0.70225 -12.037 5.604
0 0 3 1 79.677 -15.907 -1.3217 8.3897 -0.60406 -4.6845 7.216 -1.1394 3.0039 -1.5738 6.4389 0.69902 -13.086 5.9604
0 0 3 1 80.891 -17.105 -0.65554 5.7619 -2.0406 -2.7072 8.2408 -3.0413 3.9695 7.8036 5.2471 -4.0411 -15.098 6.0927
0 0 3 1 80.891 -17.105 -0.65554 5.7619 -2.0406 -2.7072 8.2408 -3.0413 3.9695 7.8036 5.2471 -4.0411 -15.098 6.0927
0 0 3 1 80.891 -17.105 -0.65554 5.7619 -2.0406 -2.7072 8.2408 -3.0413 3.9695 7.8036 5.2471 -4.0411 -15.098 6.0927
0 0 3 1 74.639 -12.505 3.4165 14.646 -8.7162 -7.6409 14.21 0.6354 -1.1029 0.4902 7.9471 -13.847 -4.7698 4.5992
0 0 3 1 76.489 -14.502 6.8531 13.197 -10.505 -5.3865 14.787 -0.034814 2.5895 -1.5279 3.0643 -10.349 -0.55195 0.6216
0 0 3 1 76.61 -14.471 7.1829 12.128 -11.533 -4.4968 14.414 -2.9204 3.7886 -2.4288 3.2977 -7.3931 0.14018 -0.062728
0 0 3 1 73.609 -8.156 1.9269 13.761 -2.0501 -9.3156 10.268 8.7886 -6.8348 -2.1231 7.1916 -5.7196 -14.318 6.7902
0 0 3 1 74.74 -10.075 -0.14632 14.79 -3.1697 -9.9283 13.778 7.2825 -2.7167 -3.323 6.4778 -6.1011 -13.478 2.9028
0 0 3 1 79.331 -13.647 -0.25026 5.2675 -5.0481 2.1338 14.331 -4.9393 0.65912 5.3041 4.3674 -1.9961 -9.2999 3.9439
0 0 3 1 80.146 -13.756 -1.0237 2.6957 -4.7135 3.8711 12.067 -4.9644 1.9741 3.2398 4.1994 -2.1581 -9.5559 3.6128
0 0 3 1 80.314 -13.794 -1.1798 1.9001 -4.1587 4.1017 11.065 -4.5087 2.753 1.8396 4.6254 -1.9259 -9.6581 3.5317
0 0 3 1 80.597 -16.124 1.4219 5.566 -2.3505 0.49648 7.3958 -8.01 4.8808 8.7584 -0.19492 -3.3128 -12.352 6.1657
0 0 3 1 80.597 -16.124 1.4219 5.566 -2.3505 0.49648 7.3958 -8.01 4.8808 8.7584 -0.19492 -3.3128 -12.352 6.1657
0 0 3 1 80.44 -15.961 2.2763 6.8249 -2.4397 -0.48425 7.613 -8.3184 3.0174 8.3269 -1.8093 -3.3383 -11.982 5.6698
0 0 3 1 75.478 -12.907 7.7054 11.331 -10.908 -3.2388 13.109 -5.8723 -0.23623 4.9164 6.0799 -13.671 2.1834 1.7361
0 0 3 1 75.954 -13.799 8.6077 12.214 -11.573 -2.5694 13.2 -5.8365 4.0993 4.2713 2.0321 -11.427 1.28 -2.3951
0 0 3 1 75.954 -13.799 8.6077 12.214 -11.573 -2.5694 13.2 -5.8365 4.0993 4.2713 2.0321 -11.427 1.28 -2.3951
0 0 3 1 74.252 -8.269 1.0782 13.836 -3.9862 -9.946 12.046 3.2923 -5.4372 0.010175 5.9331 -8.0588 -8.1897 3.3839
0 0 3 1 72.707 -6.2808 -0.41556 13.826 -1.5941 -12.249 8.6987 7.4405 -3.4341 -6.2478 11.517 -2.2589 -15.49 7.854
0 0 3 1 76.801 -12.688 4.9301 12.365 -4.4287 -8.9872 13.156 -4.5858 -2.406 1.3431 3.9942 -0.053898 -5.4144 3.956
0 0 3 1 76.947 -13.408 5.0318 11.139 -5.2421 -7.6368 10.792 -4.8654 -3.1109 2.0246 0.34134 -1.1173 -5.1734 3.164
0 0 3 1 79.767 -16.388 2.1948 8.0464 -2.54 -1.7566 12.634 -3.0843 2.2727 2.3109 -4.0405 1.9536 -4.1971 5.3896
0 0 3 1 79.577 -16.635 2.5732 8.6933 -2.6136 -3.4018 11.598 -3.8994 1.08 2.4831 -3.7617 2.9622 -3.8575 6.6037
0 0 3 1 76.431 -13.895 9.1598 9.7085 -11.364 -1.793 11.434 -7.8278 3.8828 2.2249 -0.61699 -10.702 3.9321 -0.98167
0 0 3 1 76.439 -13.837 8.9644 10.073 -11.834 -1.46 11.782 -9.8459 3.6926 1.4794 0.30178 -10.301 3.3836 -0.6666
0 0 3 1 78.315 -12.674 3.2648 11.289 -3.7669 -12.242 10.683 1.3609 -2.4747 0.04415 -2.5066 -4.1209 -6.8023 4.1975
0 0 3 1 80.837 -15.518 1.0124 5.5058 -4.3873 -1.9127 7.4917 -3.3163 3.6965 4.7397 -2.5095 -3.2105 -10.485 6.9138
0 0 3 1 80.835 -15.606 1.9518 6.8108 -3.3952 -4.404 7.9879 -4.8303 3.3812 5.6227 -1.0066 -3.0881 -12.037 7.7265
0 0 3 1 76.781 -10.189 1.9324 15.701 -4.1362 -9.9062 8.8838 2.3571 -2.006 -4.7835 6.869 -7.1747 -4.9333 4.3083
0 0 3 1 77.113 -11.725 3.3265 13.696 -4.3637 -7.1927 7.9112 -0.76771 -1.5279 -2.5895 7.6094 -6.2504 1.8433 5.7054
0 0 3 1 77.179 -11.774 8.9077 8.6756 -10.814 -1.7106 6.4203 -10.918 4.5935 2.0713 -2.2767 -10.85 4.9103 0.10534
0 0 3 1 77.278 -12.01 8.9714 8.5226 -11.613 -1.3925 6.7039 -11.973 5.2411 1.9138 -2.7222 -11.145 4.2509 -0.33971
0 0 3 1 77.315 -12.122 8.2358 8.7469 -11.533 -0.54398 8.1535 -11.563 6.396 0.31767 -1.9901 -9.4451 3.3591 -0.86096
0 0 3 1 80.982 -18.123 -0.26426 8.2919 -1.9132 -3.9241 7.6964 -0.96436 0.27923 1.1516 3.1705 -2.8338 -4.3652 3.2138
0 0 3 1 80.829 -18.332 0.12348 8.5696 -1.4075 -3.4922 7.8421 -1.3308 -0.65515 0.5794 3.1894 -3.057 -5.5933 3.8328
0 0 3 1 76.194 -10.907 -0.30791 8.6879 -1.0788 -6.8387 7.2809 -1.7664 -0.93903 -0.26144 5.254 -0.032595 -13.713 -1.1407
0 0 3 1 78.015 -12.7 -0.42878 13.141 -3.4888 -5.7299 8.1948 -0.92439 -6.5745 -4.225 9.7687 -9.8137 -7.983 2.8357
0 0 3 1 78.687 -14.452 -0.060547 12.287 -3.5811 -5.6052 8.5522 -0.8814 -6.6065 -1.123 7.3653 -9.1856 -6.5434 0.46369
0 0 3 1 78.661 -14.806 -0.02082 12.249 -4.1038 -5.47 9.0423 -1.0896 -6.0501 -0.72548 7.8299 -8.7663 -6.4181 0.58703
0 0 3 1 78.141 -13.524 0.81856 9.8256 -0.30682 -6.9407 15.159 -3.0111 -1.8899 -0.21785 -0.89734 -2.4215 -7.212 1.0462
0 0 3 1 79.658 -16.842 3.9851 9.6814 -2.6919 -4.4325 7.0774 -8.9085 -2.2467 4.4389 -1.4053 1.5904 -7.6525 1.6292
0 0 3 1 79.62 -16.612 4.2044 9.5564 -2.9239 -5.3809 6.5996 -9.2043 -2.4569 4.1004 -1.8667 1.9143 -7.6898 2.0113
0 0 3 1 75.718 -9.1141 -1.5994 12.212 2.0202 -4.9131 7.9465 4.8382 -2.7823 -6.9525 8.2522 -0.32095 -9.2889 6.2294
0 0 3 1 79.602 -17.087 1.9942 12.234 -1.7997 -1.3501 13.636 -0.36019 -2.5002 0.35606 3.4862 0.017031 2.604 1.4603
0 0 3 1 79.39 -16.878 2.952 11.686 -1.7129 -2.5737 12.016 -1.0708 0.49907 3.5002 0.547 1.1343 -1.2963 2.5636
0 0 3 1 78.272 -14.716 3.1683 14.505 -3.4093 -2.165 14.02 -1.1148 -4.9609 -3.2928 10.646 -1.1128 0.77628 4.5249
0 0 3 1 77.397 -15.55 4.4264 14.464 -1.6065 -6.7967 14.622 -5.4993 4.0562 0.91721 2.3684 2.926 -1.8263 2.6543
0 0 3 1 73.92 -8.6333 0.51693 12.866 1.3544 -7.5302 9.9845 6.3479 -8.5939 -4.5981 10.99 0.82977 -11.213 4.1881
0 0 3 1 75.548 -14.206 6.4655 10.721 -9.1292 2.2766 15.315 -5.8925 3.3571 5.7616 2.9856 -7.8034 2.5534 -0.4811
0 0 3 1 75.596 -14.166 5.8145 11.852 -9.336 0.26512 14.519 -5.3209 3.0487 3.8457 4.2626 -6.9816 0.64274 0.80293
0 0 3 1 73.072 -8.0219 0.20334 13.802 -3.0306 -8.5634 13.193 11.033 0.096776 -1.346 9.7291 -2.968 -11.967 5.5966
0 0 3 1 73.343 -9.6193 4.1305 11.417 2.7673 -14.752 19.341 3.5265 1.4201 -0.26038 4.146 -7.191 -3.4716 2.8368
0 0 3 1 72.728 -15.758 6.1974 16.177 -11.132 -2.3975 13.337 -9.6679 3.9737 5.8309 6.7619 -5.7417 6.3984 -1.5994
0 0 3 1 73.647 -16.609 3.5049 16.262 -5.2444 -5.1412 12.72 -4.9968 1.9619 0.21995 6.7368 -2.7702 -2.7944 -0.092012
0 0 3 1 70.997 -15.054 4.9006 16.496 -6.5717 -3.5361 19.747 -1.7042 -0.33313 -0.81767 7.386 -7.0672 -0.21036 -2.9733
0 0 3 1 69.151 -15.834 8.0568 17.076 -12.471 -4.568 20.875 -5.8594 -5.1495 0.41683 8.2452 -6.9646 -2.7519 0.79522
