0 1 3 1 70.211 -17.584 1.4401 11.949 -2.6777 -15.235 -0.49273 6.4022 -0.41147 0.16857 6.3676 3.0599 -2.6465 3.5228
0 1 3 1 70.215 -17.809 0.77587 11.821 -2.3779 -15.239 -0.5078 6.234 -0.32075 0.41529 5.5527 2.4932 -1.8546 3.5614
0 1 3 1 70.215 -17.809 0.77587 11.821 -2.3779 -15.239 -0.5078 6.234 -0.32075 0.41529 5.5527 2.4932 -1.8546 3.5614
0 1 3 1 71.535 -13.483 3.5584 14.066 0.18228 -10.375 6.2372 9.167 -2.8388 -2.3975 0.10324 -2.6722 -3.4829 2.477
0 1 3 1 71.611 -13.67 3.302 14.412 0.34917 -10.547 5.7666 9.1912 -2.8096 -2.3762 -0.94463 -2.8999 -2.6541 2.1449
0 1 3 1 71.611 -13.67 3.302 14.412 0.34917 -10.547 5.7666 9.1912 -2.8096 -2.3762 -0.94463 -2.8999 -2.6541 2.1449
0 1 3 1 73.025 -11.39 4.656 11.831 -2.258 -10.727 4.0285 6.1012 -5.2689 -8.9313 0.74899 0.033362 -4.3236 -1.5794
0 1 3 1 73.169 -11.317 4.4546 11.807 -2.4671 -11.17 4.0512 6.1602 -5.0338 -8.6942 0.66938 -0.48736 -4.3344 -2.0745
0 1 3 1 73.169 -11.317 4.4546 11.807 -2.4671 -11.17 4.0512 6.1602 -5.0338 -8.6942 0.66938 -0.48736 -4.3344 -2.0745
0 1 3 1 71.09 -15.353 0.8882 10.437 -4.4829 -13.301 1.3678 6.9916 -4.4538 -1.8926 3.111 1.9396 -7.6484 0.17013
0 1 3 1 71.138 -15.537 0.59206 10.743 -4.5361 -13.697 0.63709 6.4988 -4.7183 -1.2716 2.7681 1.925 -7.1402 -0.08396
0 1 3 1 71.138 -15.537 0.59206 10.743 -4.5361 -13.697 0.63709 6.4988 -4.7183 -1.2716 2.7681 1.925 -7.1402 -0.08396
0 1 3 1 72.186 -11.757 4.5421 12.718 -0.83005 -9.9601 -0.087714 3.2838 -8.2967 -5.2442 1.3455 1.6885 -8.3929 -1.6323
0 1 3 1 72.318 -11.648 4.3416 12.736 -1.2623 -10.141 0.10937 3.7796 -8.2435 -4.5453 1.2451 2.0237 -7.5499 -1.7546
0 1 3 1 72.318 -11.648 4.3416 12.736 -1.2623 -10.141 0.10937 3.7796 -8.2435 -4.5453 1.2451 2.0237 -7.5499 -1.7546
0 1 3 1 72.015 -11.982 3.4251 10.467 -3.6281 -13.177 1.4082 4.6725 -7.806 -6.958 5.8156 3.8115 -7.0554 -1.4345
0 1 3 1 72.084 -11.978 3.1782 10.611 -3.8827 -13.392 1.2705 4.1085 -8.3439 -6.7041 6.1072 3.6871 -6.3941 -1.9652
0 1 3 1 72.084 -11.978 3.1782 10.611 -3.8827 -13.392 1.2705 4.1085 -8.3439 -6.7041 6.1072 3.6871 -6.3941 -1.9652
0 1 3 1 62.418 14.315 7.1394 -1.215 6.4057 -0.39286 -4.5648 -4.7308 0.46479 -1.9321 3.8193 1.38 -2.7831 -3.4205
0 1 3 1 64.555 13.188 5.036 1.7029 1.8262 -5.786 -3.0682 -0.026884 -1.4886 -2.3728 -1.829 -1.7829 -0.26954 -4.0869
0 1 3 1 63.897 13.252 8.1847 1.5955 2.1676 -2.6286 3.6325 1.5957 1.142 -4.6 -5.4595 -2.5748 -4.4161 -2.437
0 1 3 1 65.977 -19.78 0.51671 15.277 1.612 -12.729 1.3329 7.2394 -0.4583 -5.1031 0.8877 -1.3745 -6.1989 2.4042
0 1 3 1 65.97 -19.898 0.33663 15.539 1.6451 -13.039 1.4797 7.7194 0.37056 -4.3483 1.2998 -0.90725 -5.176 2.0704
0 1 3 1 65.97 -19.898 0.33663 15.539 1.6451 -13.039 1.4797 7.7194 0.37056 -4.3483 1.2998 -0.90725 -5.176 2.0704
0 1 3 1 67.507 -17.76 1.9727 15.226 0.96279 -11.371 2.3762 10.66 -0.75341 -3.2526 -1.2369 -1.5166 -7.6118 0.45329
0 1 3 1 67.543 -17.623 2.2685 15.759 0.63554 -11.709 2.6922 11.309 -0.53822 -3.2716 -1.7698 -1.251 -6.8017 -0.051164
0 1 3 1 67.543 -17.623 2.2685 15.759 0.63554 -11.709 2.6922 11.309 -0.53822 -3.2716 -1.7698 -1.251 -6.8017 -0.051164
0 1 3 1 66.314 -19.359 -0.038459 15.442 1.8571 -12.349 0.15933 7.4613 -1.3309 -3.8055 -2.9025 -4.0546 -5.6389 2.1606
0 1 3 1 66.314 -19.359 -0.038459 15.442 1.8571 -12.349 0.15933 7.4613 -1.3309 -3.8055 -2.9025 -4.0546 -5.6389 2.1606
0 1 3 1 66.271 -19.299 0.030289 15.763 1.7774 -12.582 0.56157 8.4649 -0.48172 -3.637 -3.6318 -3.5586 -3.9363 2.2475
0 1 3 1 67.224 -17.663 1.9434 14.262 1.1515 -11.109 2.1898 6.5925 -3.1899 -0.082935 3.6307 -0.67044 -7.8928 -1.5359
0 1 3 1 67.274 -17.899 1.8664 14.776 1.2193 -11.383 2.0747 6.5174 -3.6504 -0.17579 3.216 -0.31637 -7.0128 -2.1649
0 1 3 1 67.274 -17.899 1.8664 14.776 1.2193 -11.383 2.0747 6.5174 -3.6504 -0.17579 3.216 -0.31637 -7.0128 -2.1649
0 1 3 1 68.675 -15.436 3.3541 12.719 -1.4688 -12.587 1.9145 9.6725 -2.0196 -7.2878 0.085079 1.1916 -6.7158 0.94457
0 1 3 1 68.574 -15.769 3.2767 13.377 -0.89146 -12.04 2.6071 10.062 -1.9932 -6.6902 0.3363 2.0242 -5.5413 1.0569
0 1 3 1 68.313 -15.987 3.0139 13.789 -0.29926 -11.393 3.4773 10.531 -1.8881 -6.019 0.48156 2.494 -4.5331 1.2671
0 1 3 1 66.908 -17.387 1.878 13.866 2.1373 -10.523 1.5525 8.828 -1.1845 -3.8677 2.9701 -1.0112 -6.6473 0.32901
0 1 3 1 67.026 -17.727 1.0286 14.145 3.4829 -10.472 0.09111 7.4143 -0.21514 -2.6824 2.0947 -2.4053 -4.6497 0.56652
0 1 3 1 67.026 -17.727 1.0286 14.145 3.4829 -10.472 0.09111 7.4143 -0.21514 -2.6824 2.0947 -2.4053 -4.6497 0.56652
0 1 3 1 66.381 -17.444 2.0677 14.871 1.1867 -9.4632 3.3807 9.6017 -2.444 -3.2194 1.8933 -0.37433 -9.4745 2.0171
0 1 3 1 66.446 -17.627 1.7272 14.782 0.85575 -10.087 3.4198 9.5395 -3.0638 -4.3363 0.6716 -0.40202 -8.9927 1.2208
0 1 3 1 66.396 -17.635 1.3616 14.514 0.76394 -10.62 3.2853 9.1317 -3.835 -5.3295 -0.39448 -0.50778 -8.5456 0.54138
0 1 3 1 68.452 -16.333 4.0567 14.08 -2.0892 -15.528 1.4978 6.7764 -4.3294 -3.8655 1.9586 1.53 -7.235 1.12
0 1 3 1 68.452 -16.333 4.0567 14.08 -2.0892 -15.528 1.4978 6.7764 -4.3294 -3.8655 1.9586 1.53 -7.235 1.12
0 1 3 1 68.452 -16.333 4.0567 14.08 -2.0892 -15.528 1.4978 6.7764 -4.3294 -3.8655 1.9586 1.53 -7.235 1.12
0 1 3 1 66.57 -18.101 0.70462 12.702 1.3905 -12.898 2.813 8.6718 -2.0816 -4.6859 -0.5489 -0.04687 -4.1118 2.1999
0 1 3 1 66.607 -18.171 0.92115 13.612 0.92911 -14.479 2.2863 9.4786 -1.4085 -3.0984 -0.037585 0.82274 -3.0815 1.4736
0 1 3 1 66.607 -18.171 0.92115 13.612 0.92911 -14.479 2.2863 9.4786 -1.4085 -3.0984 -0.037585 0.82274 -3.0815 1.4736
0 1 3 1 67.278 -17.94 2.3026 12.634 -2.1727 -11.191 5.4545 8.5312 -4.6075 -2.5499 2.1394 0.28327 -5.1638 0.61605
0 1 3 1 67.278 -17.94 2.3026 12.634 -2.1727 -11.191 5.4545 8.5312 -4.6075 -2.5499 2.1394 0.28327 -5.1638 0.61605
0 1 3 1 67.278 -17.94 2.3026 12.634 -2.1727 -11.191 5.4545 8.5312 -4.6075 -2.5499 2.1394 0.28327 -5.1638 0.61605
0 1 3 1 67.67 -17.205 2.3084 14.823 -0.74517 -11.243 2.1525 7.5772 -3.6267 -5.9112 2.1384 0.061566 -7.939 1.1603
0 1 3 1 67.67 -17.205 2.3084 14.823 -0.74517 -11.243 2.1525 7.5772 -3.6267 -5.9112 2.1384 0.061566 -7.939 1.1603
0 1 3 1 67.49 -17.324 2.8878 15.45 -1.8715 -11.985 3.4135 9.4702 -3.3199 -6.6669 1.3569 0.62521 -6.6126 0.55275
0 1 3 1 66.843 -18.773 2.2798 15.609 3.4599 -12.742 -0.76709 3.8253 -4.3509 -5.6986 3.4237 1.6648 -5.3578 2.1137
0 1 3 1 66.862 -18.995 2.0252 15.432 3.1052 -13.04 -0.55899 4.4235 -3.8533 -5.9666 2.8787 1.6675 -4.191 2.1341
0 1 3 1 66.862 -18.995 2.0252 15.432 3.1052 -13.04 -0.55899 4.4235 -3.8533 -5.9666 2.8787 1.6675 -4.191 2.1341
0 1 3 1 67.734 -16.252 1.5807 11.911 -1.1154 -12.711 4.7434 7.3608 -7.007 -5.7712 3.2784 2.4845 -7.0122 0.16063
0 1 3 1 68.024 -16.009 1.3491 11.707 -1.1584 -12.918 5.2061 7.4138 -7.0016 -5.5726 2.7473 2.6536 -6.0603 -0.21056
0 1 3 1 68.024 -16.009 1.3491 11.707 -1.1584 -12.918 5.2061 7.4138 -7.0016 -5.5726 2.7473 2.6536 -6.0603 -0.21056
0 1 3 1 68.304 -16.052 -0.043159 7.7911 -3.5287 -13.18 5.4849 7.3533 -1.7102 -4.9406 3.5777 2.347 -2.2373 3.513
0 1 3 1 68.149 -16.384 -0.39424 8.146 -2.941 -12.919 5.8088 7.1539 -2.1367 -5.1517 2.9875 1.9407 -1.9233 2.9367
0 1 3 1 68.149 -16.384 -0.39424 8.146 -2.941 -12.919 5.8088 7.1539 -2.1367 -5.1517 2.9875 1.9407 -1.9233 2.9367
0 1 3 1 67.551 -16.861 1.7653 12.912 0.59217 -11.442 1.8678 3.9944 -6.3052 -5.2261 1.3351 -1.2727 -7.4597 1.6305
0 1 3 1 67.699 -16.95 1.3802 12.919 0.77043 -11.334 2.1774 4.254 -5.9636 -4.2482 1.0765 -1.232 -6.7431 1.4111
0 1 3 1 67.721 -16.869 0.94421 12.663 0.70865 -11.286 2.7419 4.9592 -5.3592 -3.3134 0.91672 -1.2857 -6.2502 1.3502
0 1 3 1 67.481 -17.131 1.9856 14.178 2.9539 -9.2501 0.75014 7.1119 -2.9086 -5.8996 -0.24243 -0.53909 -6.9831 2.9633
0 1 3 1 67.482 -17.178 1.9661 14.52 2.56 -9.9304 0.98429 7.9167 -2.4264 -5.7299 -0.18587 -0.1499 -6.3168 2.1283
0 1 3 1 67.482 -17.178 1.9661 14.52 2.56 -9.9304 0.98429 7.9167 -2.4264 -5.7299 -0.18587 -0.1499 -6.3168 2.1283
0 1 3 1 67.879 -16.466 0.55397 10.76 -1.6164 -14.258 1.2518 5.7467 -3.9608 -3.3221 1.2021 -0.80992 -7.772 -0.71541
0 1 3 1 67.997 -16.303 0.68056 11.083 -1.4393 -14.511 1.1586 5.7694 -3.9105 -3.2288 0.8553 -0.83118 -7.2379 -0.31999
0 1 3 1 67.997 -16.303 0.68056 11.083 -1.4393 -14.511 1.1586 5.7694 -3.9105 -3.2288 0.8553 -0.83118 -7.2379 -0.31999
0 1 3 1 69.857 -13.872 1.2859 7.8518 -4.5488 -13.383 1.2426 5.9725 -2.6988 -4.4832 5.7199 3.378 -6.4578 0.27368
0 1 3 1 69.857 -13.872 1.2859 7.8518 -4.5488 -13.383 1.2426 5.9725 -2.6988 -4.4832 5.7199 3.378 -6.4578 0.27368
0 1 3 1 69.607 -14.445 1.0321 8.3717 -3.7951 -13.232 1.27 6.0124 -2.1285 -3.8823 5.725 3.3367 -5.8163 0.059426
0 1 3 1 68.238 -14.667 2.861 11.651 -1.3829 -14.073 -0.17382 9.3247 -0.82211 -4.3644 3.1779 1.5902 -4.5589 1.3317
0 1 3 1 68.075 -15.075 2.6403 12.143 -1.0622 -14.286 -0.15915 9.8275 -0.23367 -4.2253 2.6652 1.3114 -3.8718 0.38048
0 1 3 1 68.075 -15.075 2.6403 12.143 -1.0622 -14.286 -0.15915 9.8275 -0.23367 -4.2253 2.6652 1.3114 -3.8718 0.38048
0 1 3 1 69.757 -13.229 4.2376 12.515 0.76673 -10.565 3.5113 9.6932 -2.4417 -4.2987 3.5835 1.8045 -6.628 -2.0067
0 1 3 1 69.754 -13.243 4.1864 12.475 0.60737 -11.164 3.4948 9.69 -2.3001 -3.9381 3.5191 1.5358 -5.9249 -2.1572
0 1 3 1 69.754 -13.243 4.1864 12.475 0.60737 -11.164 3.4948 9.69 -2.3001 -3.9381 3.5191 1.5358 -5.9249 -2.1572
0 1 3 1 69.723 -12.692 3.7611 11.993 -1.7407 -12.777 0.28305 4.4195 -3.0539 -4.1845 3.9828 1.3907 -11.172 -0.71725
0 1 3 1 69.732 -12.931 3.5165 12.364 -1.1148 -12.596 1.1058 5.091 -2.8092 -4.1722 4.1027 2.6107 -9.992 -0.36683
0 1 3 1 69.732 -12.931 3.5165 12.364 -1.1148 -12.596 1.1058 5.091 -2.8092 -4.1722 4.1027 2.6107 -9.992 -0.36683
0 1 3 1 69.61 -12.937 3.5888 9.4332 -3.4218 -14.269 0.13965 5.0511 -5.9869 -6.9317 6.3653 4.9323 -7.3685 1.4408
0 1 3 1 69.769 -13.252 3.1923 9.287 -3.4271 -14.309 0.57936 5.3349 -5.8325 -7.0517 5.6067 4.7842 -6.7303 1.1163
0 1 3 1 69.818 -13.287 2.8924 9.0493 -3.4781 -14.213 1.2113 5.7169 -5.6408 -7.068 5.0243 4.6722 -6.0606 0.75774
0 1 3 1 70.629 -11.469 4.2452 8.7662 -2.7704 -11.677 0.60923 6.2556 -3.9295 -4.3508 3.7903 0.58341 -12.572 -1.6034
0 1 3 1 70.629 -11.469 4.2452 8.7662 -2.7704 -11.677 0.60923 6.2556 -3.9295 -4.3508 3.7903 0.58341 -12.572 -1.6034
0 1 3 1 70.554 -11.682 3.8685 8.2432 -3.048 -11.947 0.40872 6.0863 -4.0918 -4.2203 3.9215 1.5307 -11.648 -1.5687
0 1 3 1 71.054 -10.314 4.0085 9.2255 -2.9984 -11.229 3.8351 5.1452 -5.6821 -6.6629 5.6562 2.3926 -8.2798 -1.3059
0 1 3 1 71.054 -10.314 4.0085 9.2255 -2.9984 -11.229 3.8351 5.1452 -5.6821 -6.6629 5.6562 2.3926 -8.2798 -1.3059
0 1 3 1 71.023 -10.449 3.896 9.3827 -3.2677 -11.635 3.7993 4.3285 -6.4139 -6.5373 5.8119 2.9438 -7.7865 -1.388
0 1 3 1 65.579 8.3797 9.2138 2.5754 2.9155 -5.1645 7.8589 -15.129 2.5938 2.8896 -1.2466 1.0154 1.2757 -6.0741
0 1 3 1 64.523 13.064 5.8588 0.14459 3.1613 -6.3867 -2.447 -0.078221 -1.3458 -4.1874 0.78955 -2.9763 -0.81498 -2.9544
0 1 3 1 63.039 14.865 7.7839 0.26044 3.139 -1.7199 1.5837 3.5986 -0.46714 -3.9368 -4.4247 -4.7054 -2.3207 -2.988
