0 0 3 0 63.347 -27.237 -3.9609 11.33 -2.6584 -18.866 9.0875 -0.022222 -5.7004 -5.7296 8.5246 -5.0254 -8.7481 6.6431
0 0 3 0 70.154 -28.752 -2.2389 12.431 -1.1826 -8.5424 6.6675 3.9056 -8.6279 0.19671 8.4098 -4.0197 -4.2998 5.5403
0 0 3 0 70.154 -28.752 -2.2389 12.431 -1.1826 -8.5424 6.6675 3.9056 -8.6279 0.19671 8.4098 -4.0197 -4.2998 5.5403
0 0 3 0 70.154 -28.752 -2.2389 12.431 -1.1826 -8.5424 6.6675 3.9056 -8.6279 0.19671 8.4098 -4.0197 -4.2998 5.5403
0 0 3 0 65.818 -23.611 0.64784 6.6726 -2.6376 -18.249 14.258 -1.1493 -6.5662 -11.493 12.157 0.13918 -3.3216 10.894
0 0 3 0 70.698 -27.55 -3.2302 9.5138 -1.4811 -8.5798 7.5527 6.598 -7.2291 -1.6769 11.435 -3.6775 -9.5654 3.1161
0 0 3 0 70.698 -27.55 -3.2302 9.5138 -1.4811 -8.5798 7.5527 6.598 -7.2291 -1.6769 11.435 -3.6775 -9.5654 3.1161
0 0 3 0 70.698 -27.55 -3.2302 9.5138 -1.4811 -8.5798 7.5527 6.598 -7.2291 -1.6769 11.435 -3.6775 -9.5654 3.1161
0 0 3 0 62.045 -26.667 -5.4741 13.774 -5.4009 -18.398 -1.3097 -1.0789 -9.17 -6.0486 11.448 -1.2729 -9.221 7.5622
0 0 3 0 66.374 -26.717 -3.1845 15.035 -4.9101 -15.955 2.1276 3.4631 -3.1805 -5.3042 8.2729 -3.9076 -6.5101 3.402
0 0 3 0 66.112 -26.909 -4.1077 13.382 -6.5293 -16.862 1.3358 2.3615 -5.2466 -6.0113 9.7725 -3.6956 -6.5216 5.4921
0 0 3 0 71.119 -26.979 -1.1886 13.077 -0.73014 -9.8374 4.692 5.1694 -6.3083 -3.6526 8.394 -1.516 -6.8486 3.6436
0 0 3 0 71.119 -26.979 -1.1886 13.077 -0.73014 -9.8374 4.692 5.1694 -6.3083 -3.6526 8.394 -1.516 -6.8486 3.6436
0 0 3 0 71.119 -26.979 -1.1886 13.077 -0.73014 -9.8374 4.692 5.1694 -6.3083 -3.6526 8.394 -1.516 -6.8486 3.6436
0 0 3 0 63.328 -26.129 -3.6363 12.901 -7.814 -13.523 7.219 5.2515 -12.821 -8.7511 10.972 -3.3088 -3.9902 6.7034
0 0 3 0 68.105 -23.056 -3.7422 13.331 -1.8356 -10.592 6.7932 4.2859 -5.9857 -7.3143 9.7598 -0.0019775 -8.5384 3.4373
0 0 3 0 69.649 -27.747 -3.9328 9.0906 -2.4198 -8.1972 10.677 5.2386 -9.2938 -4.426 9.0792 -1.4529 -8.1882 5.7437
0 0 3 0 70.329 -26.918 -3.1752 9.411 -2.1112 -8.0485 10.058 4.1576 -9.7677 -3.9998 7.921 -1.3464 -7.1022 5.8039
0 0 3 0 70.329 -26.918 -3.1752 9.411 -2.1112 -8.0485 10.058 4.1576 -9.7677 -3.9998 7.921 -1.3464 -7.1022 5.8039
0 0 3 0 62.018 -27.708 -3.8039 11.222 -1.8828 -13.748 9.18 0.39979 -10.133 -7.2429 9.9679 -4.2687 -12.124 8.1522
0 0 3 0 66.631 -27.381 -5.445 12.78 -3.1518 -12.99 7.7589 3.3029 -4.3636 -4.8461 8.4547 -1.1783 -8.5241 4.5128
0 0 3 0 68.174 -30.846 -3.2751 11.987 -2.2937 -14.067 3.091 -0.68675 -10.411 -1.6441 8.78 -5.0922 -9.0158 5.6759
0 0 3 0 68.477 -30.681 -2.8238 12.348 -1.7393 -13.561 3.3052 -1.0647 -10.305 -1.0702 8.3308 -4.5383 -7.6508 5.0249
0 0 3 0 68.477 -30.681 -2.8238 12.348 -1.7393 -13.561 3.3052 -1.0647 -10.305 -1.0702 8.3308 -4.5383 -7.6508 5.0249
0 0 3 0 64.094 -26.168 -1.954 11.184 0.8163 -14.084 9.5404 2.3312 -5.397 -6.676 10.155 -3.2176 -7.3932 7.632
0 0 3 0 69.564 -21.645 -0.0016167 11.038 -2.7366 -10.717 7.0844 3.5641 -4.5449 -5.6333 10.269 -1.8202 -8.0681 7.5245
0 0 3 0 70.608 -26.338 -0.83673 9.8998 -4.0167 -9.3169 9.2237 5.2862 -8.3535 -2.4053 7.3765 -3.7172 -9.4121 6.863
0 0 3 0 70.49 -27.118 -1.8985 9.1666 -4.2516 -9.2212 9.6632 5.4098 -8.2678 -2.9496 5.2587 -4.7357 -9.7097 5.3189
0 0 3 0 70.49 -27.118 -1.8985 9.1666 -4.2516 -9.2212 9.6632 5.4098 -8.2678 -2.9496 5.2587 -4.7357 -9.7097 5.3189
0 0 3 0 70.548 -12.82 -2.4896 2.6631 -11.414 -13.573 4.9196 -1.2822 -14.977 -10.499 8.8356 -2.5787 -11.611 5.1142
0 0 3 0 69.482 -27.908 -3.7678 7.9795 -4.289 -13.018 7.6172 5.0587 -4.8287 -1.3707 8.2008 -3.4659 -7.5788 7.3272
0 0 3 0 69.482 -27.908 -3.7678 7.9795 -4.289 -13.018 7.6172 5.0587 -4.8287 -1.3707 8.2008 -3.4659 -7.5788 7.3272
0 0 3 0 69.789 -27.833 -3.8423 7.8845 -3.7914 -11.74 8.8339 5.5655 -4.7825 -1.3948 6.2673 -3.7047 -6.6979 6.8572
0 0 3 0 63.218 -26.459 -3.6407 12.162 -3.1957 -9.8739 4.7364 4.1445 -8.1781 -6.1932 10.073 -3.8729 -5.5268 4.0942
0 0 3 0 67.974 -23.175 -1.1305 12.942 -3.693 -8.9768 8.155 1.5419 -4.2171 -6.6623 10.506 -3.0846 -2.5792 4.5905
0 0 3 0 69.28 -28.198 -1.4707 12.584 -2.303 -9.5294 6.9441 2.8408 -6.7744 -1.2376 6.5827 -5.1705 -4.2698 8.7164
0 0 3 0 68.94 -29.564 -2.8732 11.537 -3.0061 -10.039 5.9444 1.8515 -6.7244 -1.5311 4.0161 -6.7525 -4.517 7.7668
0 0 3 0 68.94 -29.564 -2.8732 11.537 -3.0061 -10.039 5.9444 1.8515 -6.7244 -1.5311 4.0161 -6.7525 -4.517 7.7668
0 0 3 0 66.283 -27.798 -4.3208 13.376 -2.0399 -11.666 6.9517 1.7148 -5.0289 -4.8432 8.2138 -3.204 -4.1014 5.5949
0 0 3 0 66.251 -25.509 -2.562 13.897 -2.6023 -12.438 6.4308 3.3243 -6.1764 -4.9413 12.408 -3.8699 -8.2587 7.6012
0 0 3 0 71.39 -25.503 -1.0379 11.676 -2.7388 -9.4205 6.1886 3.9678 -4.0957 -4.035 6.4718 -3.4389 -5.9496 5.4404
0 0 3 0 71.39 -25.503 -1.0379 11.676 -2.7388 -9.4205 6.1886 3.9678 -4.0957 -4.035 6.4718 -3.4389 -5.9496 5.4404
0 0 3 0 71.39 -25.503 -1.0379 11.676 -2.7388 -9.4205 6.1886 3.9678 -4.0957 -4.035 6.4718 -3.4389 -5.9496 5.4404
0 0 3 0 63.848 -24.844 -3.0385 13.561 -0.096178 -14.145 4.9263 2.5583 -3.9261 -4.5661 8.5428 -0.51273 -9.7901 7.7834
0 0 3 0 68.202 -22.422 -3.1499 11.236 -1.9335 -8.8918 8.3571 2.7362 -4.7452 -5.9024 9.5426 -2.599 -7.1773 6.5835
0 0 3 0 71.503 -26.814 -11.029 -0.18951 -1.6842 -0.85987 13.669 -0.33585 -14.276 -10.572 7.6588 -0.016021 -3.9007 3.9221
0 0 3 0 73.998 -21.83 -5.4952 3.7144 -0.55561 -1.4367 12.408 -0.75075 -11.839 -6.338 9.6107 1.6627 -2.7044 4.3556
0 0 3 0 73.998 -21.83 -5.4952 3.7144 -0.55561 -1.4367 12.408 -0.75075 -11.839 -6.338 9.6107 1.6627 -2.7044 4.3556
0 0 3 0 63.977 -27.119 -5.0368 7.5399 -2.565 -12.046 10.584 0.7545 -11.378 -10.005 10.415 2.2291 -7.2745 5.905
0 0 3 0 71.587 -19.264 -6.7041 6.1149 4.1403 -2.5131 3.6086 -4.1266 -4.7037 -1.1047 12.098 -4.5025 -7.6807 5.3443
0 0 3 0 71.667 -25.071 -2.6994 6.7665 -2.5014 -5.4194 9.4128 4.5062 -8.4569 -4.7309 6.0882 -4.0886 -4.2654 11.402
0 0 3 0 72.073 -24.79 -2.7585 6.6978 -2.7957 -5.2152 9.3466 4.1091 -8.1848 -4.1735 5.5365 -3.5316 -3.6619 10.935
0 0 3 0 72.073 -24.79 -2.7585 6.6978 -2.7957 -5.2152 9.3466 4.1091 -8.1848 -4.1735 5.5365 -3.5316 -3.6619 10.935
0 0 3 0 63.909 -28.213 -5.6835 7.3174 1.7901 -14.199 11.538 0.065304 -13.556 -5.7054 8.9337 2.86 -8.712 9.3288
0 0 3 0 69.057 -23.048 -3.6486 12.762 -0.45135 -8.0452 4.7752 -0.94403 -2.5635 -1.6772 8.4368 -5.4386 -4.786 5.2153
0 0 3 0 71.699 -25.189 -2.5856 10.092 -1.0857 -7.3742 7.2459 1.0598 -8.4652 -3.3088 9.4988 -0.91558 -3.5289 4.1261
0 0 3 0 71.699 -25.189 -2.5856 10.092 -1.0857 -7.3742 7.2459 1.0598 -8.4652 -3.3088 9.4988 -0.91558 -3.5289 4.1261
0 0 3 0 70.758 -27.431 -4.4883 9.963 -0.22079 -6.3605 7.0413 -0.66511 -10.062 -3.9032 8.7485 -0.2288 -3.5621 1.4129
0 0 3 0 63.779 -26.846 -4.3464 13.258 0.84914 -16.823 4.6029 3.8415 -9.1874 -7.7554 8.8237 -4.8964 -8.3425 5.9648
0 0 3 0 65.644 -29.726 -5.1941 13.785 -2.7609 -13.896 2.2351 3.8545 -6.0929 -4.9831 8.0149 -2.6089 -7.7952 4.1078
0 0 3 0 67.673 -25.299 -2.7436 13.502 -2.7583 -11.454 4.79 5.137 -6.0511 -4.8493 10.05 -1.8734 -7.7578 4.8465
0 0 3 0 67.673 -25.299 -2.7436 13.502 -2.7583 -11.454 4.79 5.137 -6.0511 -4.8493 10.05 -1.8734 -7.7578 4.8465
0 0 3 0 69.146 -27.846 -2.1833 11.892 -1.6684 -10.933 4.2607 3.2614 -4.5596 -4.8194 8.5405 -6.8145 -11.323 6.679
0 0 3 0 72.372 -22.391 0.92474 10.99 -2.9147 -9.7811 5.965 3.8184 -4.9067 -4.3845 9.3159 -3.326 -7.1331 7.6064
0 0 3 0 72.372 -22.391 0.92474 10.99 -2.9147 -9.7811 5.965 3.8184 -4.9067 -4.3845 9.3159 -3.326 -7.1331 7.6064
0 0 3 0 63.83 -25.944 -5.5854 10.902 -0.92101 -14.258 7.0183 3.0057 -12.657 -8.544 9.6542 -3.838 -6.7729 10.834
0 0 3 0 68.655 -23.681 -2.7216 13.266 -4.2812 -10.071 7.0552 6.3764 -6.2706 -7.045 9.216 -2.6949 -4.9908 4.9468
0 0 3 0 70.629 -26.194 -2.4944 10.043 -4.7418 -9.7013 8.1227 5.3274 -7.2484 -6.4266 5.9181 -2.4135 -5.1601 1.9991
0 0 3 0 70.915 -26.068 -2.3047 9.9969 -4.8648 -9.5635 8.5469 5.1876 -7.0461 -5.9974 5.0117 -2.4982 -4.6656 1.5446
0 0 3 0 70.915 -26.068 -2.3047 9.9969 -4.8648 -9.5635 8.5469 5.1876 -7.0461 -5.9974 5.0117 -2.4982 -4.6656 1.5446
0 0 3 0 63.266 -26.508 -3.128 14.844 -2.2688 -14.17 5.8924 5.3981 -8.4398 -2.874 13.488 -8.5914 -10.61 7.7224
0 0 3 0 70.64 -26.927 0.18816 12.562 -3.7489 -10.744 8.057 4.0827 -8.2014 -3.4477 10.326 -3.2782 -7.8739 7.8924
0 0 3 0 69.983 -28.972 -1.3024 12.146 -3.3869 -10.238 7.6428 2.4394 -9.313 -3.0864 10.265 -2.6752 -7.1988 6.3506
0 0 3 0 69.983 -28.972 -1.3024 12.146 -3.3869 -10.238 7.6428 2.4394 -9.313 -3.0864 10.265 -2.6752 -7.1988 6.3506
0 0 3 0 64.202 -25.179 -3.3822 13.018 -2.5066 -12.437 7.5873 4.3893 -11.228 -5.7921 14.658 -1.2952 -11.22 8.1637
0 0 3 0 70.866 -26.411 -1.4436 12.62 -6.2058 -11.03 7.6935 4.1818 -9.9328 -2.2402 11.059 -2.4424 -6.0844 7.4811
0 0 3 0 70.866 -26.411 -1.4436 12.62 -6.2058 -11.03 7.6935 4.1818 -9.9328 -2.2402 11.059 -2.4424 -6.0844 7.4811
0 0 3 0 70.866 -26.411 -1.4436 12.62 -6.2058 -11.03 7.6935 4.1818 -9.9328 -2.2402 11.059 -2.4424 -6.0844 7.4811
0 0 3 0 64.96 -25.771 -4.3815 10.195 0.4773 -16.673 11.372 5.4001 -7.7255 -9.1154 7.1638 -3.7383 -5.1312 9.205
0 0 3 0 66.313 -33.725 -5.049 12.677 -1.1006 -12.751 3.6486 -1.4846 -11.636 -5.1943 7.4849 -4.9466 -9.3314 9.5751
0 0 3 0 66.313 -33.725 -5.049 12.677 -1.1006 -12.751 3.6486 -1.4846 -11.636 -5.1943 7.4849 -4.9466 -9.3314 9.5751
0 0 3 0 66.313 -33.725 -5.049 12.677 -1.1006 -12.751 3.6486 -1.4846 -11.636 -5.1943 7.4849 -4.9466 -9.3314 9.5751
0 0 3 0 65.778 -23.207 -1.0087 9.436 1.0813 -13.508 9.6478 3.5918 -8.2436 -7.6251 14.785 -2.7598 -8.8659 8.4615
