0 0 3 1 75.011 -15.178 -1.2558 2.4142 4.8001 -13.628 -6.9322 -6.2886 -2.9042 -1.6802 -0.23898 2.9261 12.99 -2.3477
0 0 3 1 75.149 -14.061 -1.7346 4.43 7.2305 -13.345 -7.2836 -9.231 -9.8071 -5.2419 2.9972 2.4162 10.31 -5.9865
0 0 3 1 75.3 -16.177 -2.7003 1.7024 3.8271 -15.034 -6.0552 -4.6925 -2.1856 -2.3906 2.2875 7.6363 13.526 -2.1125
0 0 3 1 75.44 -15.095 -2.071 2.2105 5.4177 -15.36 -7.3036 -9.1656 -4.8004 -2.8573 3.2475 4.4526 11.545 -3.4932
0 0 3 1 75.876 -16.321 -1.8958 3.439 3.0347 -13.041 -4.6218 -4.1612 0.21502 -2.3992 2.753 6.9612 12.46 -2.1764
0 0 3 1 74.806 -15.303 -1.5352 3.4219 9.4744 -12.162 -4.8961 -4.344 -3.8864 -3.5509 4.2 7.9906 14.964 -4.3873
0 0 3 1 75.048 -16.818 -1.457 5.1723 5.9581 -15.563 -5.4447 -5.2174 -3.1208 -3.7855 4.4623 6.7996 13.377 -5.0275
0 0 3 1 74.834 -15.691 -1.1113 1.9955 3.784 -14.719 -6.0932 -7.292 -3.6601 -4.343 0.68725 3.6391 14.627 -3.5971
0 0 3 1 75.94 -14.804 -1.6493 2.762 6.7334 -13.796 -6.6362 -7.4479 -5.1768 -3.6213 0.86188 1.0455 11.084 -2.8257
0 0 3 1 75.75 -15.747 -1.638 3.3396 5.2356 -13.866 -6.0526 -4.2228 0.15052 -5.0227 4.3111 5.2593 13.878 -1.2196
0 0 3 1 76.459 -15.319 -2.5037 3.5266 4.7181 -13.73 -7.9447 -7.8738 -3.4853 -4.416 1.9183 0.82097 10.66 -3.7192
0 0 3 1 76.383 -16.165 -2.7997 5.1597 5.4377 -13.205 -9.2552 -7.4418 -1.9387 -4.819 1.4642 -1.6137 8.2109 -5.3363
0 0 3 1 76.154 -18.321 -4.0154 2.088 6.0242 -13.615 -5.8941 -2.9153 -1.0741 1.9579 4.705 7.3166 12.313 0.14203
0 0 3 1 76.154 -18.321 -4.0154 2.088 6.0242 -13.615 -5.8941 -2.9153 -1.0741 1.9579 4.705 7.3166 12.313 0.14203
0 0 3 1 76.03 -14.948 -2.1173 2.6037 5.6764 -13.996 -7.118 -4.9159 -4.3557 -6.3215 -1.6851 -0.46738 10.464 -2.1149
0 0 3 1 75.557 -14.265 -2.6265 2.4 6.0817 -14.791 -5.8082 -7.8873 -0.97939 -2.844 4.8226 3.6472 10.693 -3.3192
0 0 3 1 75.532 -16.32 -2.631 3.4203 3.8431 -13.933 -5.0136 -3.5654 3.0843 -1.7048 1.8028 4.7714 11.919 -1.2036
0 0 3 1 75.456 -15.431 -2.0567 2.8818 4.4828 -15.966 -8.1827 -7.516 -3.4244 -2.9945 1.939 2.971 11.064 -4.797
0 0 3 1 74.738 -14.954 -2.9858 0.88174 4.4037 -16.52 -8.4342 -9.2057 -6.0813 -4.9133 -0.5739 -1.0109 11.431 -3.618
0 0 3 1 74.482 -15.185 -0.6852 3.5459 4.6862 -16.5 -7.8301 -8.3675 -5.0488 -3.967 1.1194 2.226 12.763 -4.8317
0 0 3 1 75.302 -14.024 -1.0264 3.2365 3.8635 -16.157 -5.8455 -5.158 -5.3926 -7.0549 -2.4015 -0.14418 10.942 -5.8278
0 0 3 1 74.995 -16.252 -2.0786 3.7315 3.8238 -17.476 -8.9352 -8.8888 -4.3574 -5.4857 0.68006 3.6817 11.556 -4.8791
0 0 3 1 74.615 -16.269 -1.6295 2.3339 5.6596 -14.799 -8.1266 -6.5768 -3.875 -5.6028 1.3977 3.5066 15.852 -1.6486
0 0 3 1 74.112 -15.83 -1.9162 4.1632 5.7526 -16.766 -7.4727 -5.2554 -5.0236 -5.6008 2.3317 4.4882 14.419 -3.7266
0 0 3 1 77.114 -18.174 -3.9597 3.6453 9.1269 -14.089 -5.2604 -6.1973 -3.5618 0.79989 4.009 3.5764 10.389 -3.2105
0 0 3 1 77.077 -18.53 -3.8977 4.0209 9.4285 -14.263 -5.2666 -5.7297 -3.3618 0.85208 3.2949 2.8042 9.3714 -3.4163
0 0 3 1 74.709 -16.76 -3.969 4.6627 7.2135 -14.336 -4.1247 -7.2206 -4.6643 -5.8563 1.8416 6.6081 9.2186 -4.9558
0 0 3 1 75.56 -15.951 -1.9257 2.7744 6.7794 -14.966 -5.9535 -4.5723 -4.9402 -4.4524 0.80692 3.4373 10.428 -3.2182
0 0 3 1 74.264 -17.07 -3.3496 1.1979 3.8208 -15.852 -8.75 -7.142 -4.3882 -3.8478 2.9026 5.8133 12.141 -2.4865
0 0 3 1 75.286 -16.716 -4.2512 1.1487 5.2958 -13.408 -8.4772 -8.1744 -6.2999 -4.268 1.8763 2.5873 10.782 -3.3886
0 0 3 1 74.539 -16.808 -2.3616 2.5018 2.2249 -17.738 -8.2177 -6.4993 -3.2065 -3.5183 1.9459 4.2683 12.968 -3.6276
0 0 3 1 74.627 -16.651 -2.4605 1.7829 3.2081 -14.241 -3.528 0.70229 1.4823 -0.38988 2.7332 5.5294 11.936 -5.0249
0 0 3 1 76.784 -19.279 -4.6213 2.0125 7.2981 -12.051 -3.5567 -3.8547 2.6752 0.873 4.2092 2.6924 8.8742 -0.31468
0 0 3 1 76.784 -19.279 -4.6213 2.0125 7.2981 -12.051 -3.5567 -3.8547 2.6752 0.873 4.2092 2.6924 8.8742 -0.31468
