0 1 3 2 74.949 -18.284 -9.1964 2.9873 2.939 -9.3046 -2.2463 -0.17481 -0.62426 7.571 13.119 -0.27198 -12.817 -2.4768
0 1 3 2 77.727 -18.94 -8.297 1.3181 1.282 -8.734 -1.2098 -4.9023 -1.5595 7.0355 9.0824 -2.5065 -8.1202 0.36182
0 1 3 2 77.851 -18.888 -7.9316 1.7169 1.8612 -8.9445 -0.35734 -4.7582 -1.6581 6.6726 8.2994 -2.2377 -6.9309 0.74403
0 1 3 2 78.746 -18.252 -7.3995 2.3978 3.7669 -7.5052 -0.61172 -0.70399 1.9658 10.671 10.259 -0.64133 -8.3552 3.6278
0 1 3 2 78.68 -18.341 -7.2018 2.9119 4.3586 -8.3735 -0.083273 -0.94248 1.2538 9.7434 9.5659 -0.095789 -7.4521 4.0624
0 1 3 2 79.042 -17.548 -7.9049 2.4872 2.8032 -6.7112 2.3016 0.29258 0.63317 9.1337 12.58 2.4976 -6.7827 2.1814
0 1 3 2 78.983 -17.545 -7.6026 2.7472 3.264 -7.2031 2.6121 0.27635 0.51003 8.8887 12.163 2.7674 -6.8454 2.4866
0 1 3 2 79.603 -15.797 -4.3439 5.162 4.2687 -6.9751 6.0176 -1.6119 -0.71709 9.4775 11.674 3.0786 -2.9 4.896
0 1 3 2 79.205 -16.048 -3.257 7.0247 5.9684 -8.5289 7.9491 -0.11026 -0.19343 9.3759 11.38 5.0932 -0.76771 6.1193
0 1 3 2 78.195 -16.535 -9.6278 0.55574 -0.095992 -8.8303 -0.048867 -3.5468 -5.4601 3.1858 8.5274 1.6536 -5.4581 1.0572
0 1 3 2 79.391 -17.615 -9.4133 0.43573 -0.51908 -9.1147 1.2935 -5.9302 -4.0456 1.5568 7.0062 -0.42024 -3.8887 1.7029
0 1 3 2 79.391 -17.615 -9.4133 0.43573 -0.51908 -9.1147 1.2935 -5.9302 -4.0456 1.5568 7.0062 -0.42024 -3.8887 1.7029
0 1 3 2 79.391 -17.615 -9.4133 0.43573 -0.51908 -9.1147 1.2935 -5.9302 -4.0456 1.5568 7.0062 -0.42024 -3.8887 1.7029
0 1 3 2 79.452 -17.908 -8.458 0.24205 0.48129 -9.5245 0.1794 -3.5033 -5.7507 4.4084 7.3975 -0.56415 -4.9205 0.36245
0 1 3 2 79.208 -18.445 -7.447 1.8085 1.9191 -10.841 1.3473 -3.8182 -6.0663 3.992 7.3518 -0.74678 -4.3703 0.99384
0 1 3 2 79.509 -16.944 -7.4348 2.83 0.84953 -6.0147 2.004 -4.8424 -2.8808 5.5873 8.6296 0.54538 -4.0682 1.795
0 1 3 2 79.195 -17.274 -5.5542 4.9123 3.8081 -7.614 4.1549 -4.6091 -2.941 6.4017 7.1065 -1.5847 -4.8067 1.6322
0 1 3 2 79.062 -14.586 -6.9561 5.1795 4.7241 -3.5902 4.4875 2.1685 1.5615 8.2297 11.459 4.8325 -3.7313 1.6446
0 1 3 2 80.17 -15.824 -5.6757 4.5949 4.95 -4.1343 5.4333 -0.55272 1.0805 7.9702 10.509 3.6237 -2.9771 3.8511
0 1 3 2 80.016 -16.222 -5.3036 4.9524 5.3237 -4.9776 5.5547 -0.93747 0.66511 7.4957 9.9195 3.3434 -2.8348 4.151
0 1 3 2 79.054 -14.246 -4.5917 7.6596 8.4974 -3.321 5.4124 5.4827 -1.1223 7.7741 8.3192 6.3842 1.4895 3.0722
0 1 3 2 79.911 -15.121 -3.9079 6.9304 6.648 -3.8397 5.2551 2.3922 -1.2144 6.5984 7.7735 5.2663 1.637 4.1823
0 1 3 2 79.688 -15.481 -3.1389 7.5379 6.6568 -4.8832 6.0059 1.7659 -1.4296 4.2954 6.7179 4.3788 1.3237 4.089
0 1 3 2 78.174 -16.102 -8.6924 1.5962 1.9076 -8.8111 -1.329 -0.23633 -4.9989 1.4322 3.277 3.4189 -3.6467 4.3189
0 1 3 2 79.08 -17.604 -6.8152 2.2606 2.9685 -9.0969 2.0467 -3.1862 -5.0033 2.0085 3.8807 2.5666 -2.0404 2.8245
0 1 3 2 78.881 -18.038 -6.4447 2.7376 3.3212 -9.4275 2.7253 -3.3534 -5.2395 1.5688 4.045 2.3163 -2.2318 2.4823
0 1 3 2 77.869 -16.665 -7.8532 4.5266 4.1916 -7.9731 1.3017 1.5181 -3.7391 0.40518 1.8628 5.4914 1.4924 5.5424
0 1 3 2 78.799 -17.772 -7.8333 3.149 2.1569 -8.5541 2.1394 -0.59557 -3.9628 3.5038 3.1869 2.6141 0.59979 4.3883
0 1 3 2 78.694 -17.872 -7.3054 3.665 2.6457 -8.7976 2.9288 -0.33691 -3.8771 3.987 3.4532 2.1878 0.22686 3.7404
0 1 3 2 78.708 -17.048 -7.0696 3.9324 2.7851 -8.4883 2.2481 2.3869 -0.58723 3.0412 5.016 3.4561 -1.4833 7.9587
0 1 3 2 78.616 -17.129 -6.0159 4.9647 4.1366 -8.6812 4.5493 2.9341 -0.93776 4.1837 5.623 3.0327 -1.1262 6.9966
0 1 3 2 73.471 -15.17 -3.328 8.3288 5.079 -4.7743 8.5708 9.3332 3.613 10.291 10.709 3.0532 -3.8235 5.5423
0 1 3 2 73.471 -15.17 -3.328 8.3288 5.079 -4.7743 8.5708 9.3332 3.613 10.291 10.709 3.0532 -3.8235 5.5423
0 1 3 2 73.306 -15.525 -3.2889 8.4368 4.7137 -5.2197 8.4052 8.8371 3.992 10.662 11.019 2.5194 -4.0466 5.2464
