0 1 3 1 76.968 -19.975 -6.1098 5.9679 5.8346 -10.225 5.8824 3.2246 -0.12852 -3.1504 1.9033 5.672 -3.4583 -2.1709
0 1 3 1 77.12 -19.787 -6.18 5.8544 5.9859 -10.284 5.5397 3.6796 -0.49635 -3.1318 1.7524 5.8325 -3.4014 -2.1644
0 1 3 1 77.181 -19.6 -4.7687 5.0805 4.0875 -9.4837 4.0819 2.7365 -1.4677 -2.1902 0.63044 2.5694 -4.5533 -2.1449
0 1 3 1 77.401 -19.61 -4.777 4.972 4.299 -9.6974 4.1397 3.2573 -1.5731 -2.1726 0.74874 2.5206 -4.3037 -1.9824
0 1 3 1 77.401 -19.61 -4.777 4.972 4.299 -9.6974 4.1397 3.2573 -1.5731 -2.1726 0.74874 2.5206 -4.3037 -1.9824
0 1 3 1 77.038 -19.714 -5.7227 4.2448 4.9116 -9.6781 4.8919 2.4855 -1.7871 -2.7155 1.0598 3.6386 -4.4069 -2.5699
0 1 3 1 77.038 -19.714 -5.7227 4.2448 4.9116 -9.6781 4.8919 2.4855 -1.7871 -2.7155 1.0598 3.6386 -4.4069 -2.5699
0 1 3 1 64.482 -25.204 -1.8669 9.9628 0.93231 -11.025 7.2455 5.5341 -5.9907 1.2714 4.2892 5.8644 -9.029 -1.6717
0 1 3 1 69.529 -20.16 -2.1556 7.9104 5.9562 -12.206 0.85932 3.6327 2.3688 -4.9367 -1.516 7.8645 -3.6843 -4.7418
0 1 3 1 68.577 -20.868 -3.0568 7.3049 5.9901 -12.133 2.0904 2.7489 1.4701 -5.265 0.048746 9.129 -4.6555 -6.1932
0 1 3 1 75.705 -20.739 -6.5169 5.469 4.7228 -10.383 4.7389 1.4837 -1.5985 -2.4907 1.0641 3.3646 -6.342 -3.136
0 1 3 1 76.633 -19.203 -5.2133 6.0269 5.3828 -10.686 5.0053 1.9115 -1.8478 -2.5966 0.88714 3.3593 -5.7102 -2.2273
0 1 3 1 76.633 -19.203 -5.2133 6.0269 5.3828 -10.686 5.0053 1.9115 -1.8478 -2.5966 0.88714 3.3593 -5.7102 -2.2273
0 1 3 1 75.661 -20.751 -7.1403 5.0423 5.2772 -11.057 2.2572 1.2151 -4.1925 -3.2945 -0.39711 1.7828 -6.946 -3.0794
0 1 3 1 75.902 -20.395 -6.9685 5.0936 5.8816 -11.309 2.8015 2.1419 -3.9922 -2.7993 -0.10467 2.1468 -6.5479 -2.5581
0 1 3 1 75.902 -20.395 -6.9685 5.0936 5.8816 -11.309 2.8015 2.1419 -3.9922 -2.7993 -0.10467 2.1468 -6.5479 -2.5581
0 1 3 1 76.022 -19.63 -5.5934 6.3191 4.6029 -10.13 3.9327 1.6152 -1.1944 -2.5075 -1.2416 4.1238 -4.3291 -1.7505
0 1 3 1 76.022 -19.63 -5.5934 6.3191 4.6029 -10.13 3.9327 1.6152 -1.1944 -2.5075 -1.2416 4.1238 -4.3291 -1.7505
0 1 3 1 76.022 -19.63 -5.5934 6.3191 4.6029 -10.13 3.9327 1.6152 -1.1944 -2.5075 -1.2416 4.1238 -4.3291 -1.7505
0 1 3 1 75.18 -20.691 -5.8948 5.7831 4.4382 -8.9316 6.5826 0.80334 -1.6984 -2.6997 1.8008 4.8779 -4.3466 0.060682
0 1 3 1 75.453 -20.626 -5.9418 5.4871 4.8118 -9.1069 6.669 0.96186 -1.6025 -2.2048 1.9765 4.723 -4.5142 0.027796
0 1 3 1 74.722 -21.478 -7.475 6.2185 6.6645 -11.725 5.898 1.1026 -0.0078258 -1.2756 1.9231 4.3391 -4.566 -1.1772
0 1 3 1 74.722 -21.478 -7.475 6.2185 6.6645 -11.725 5.898 1.1026 -0.0078258 -1.2756 1.9231 4.3391 -4.566 -1.1772
0 1 3 1 64.481 -25.993 -2.6291 7.9241 0.7352 -11.768 7.2217 6.1017 -7.4048 -2.0292 3.6274 7.256 -10.304 -0.85606
0 1 3 1 75.077 -20.176 -3.7158 7.6353 5.5665 -12.451 7.2273 1.1975 -3.3003 -2.8097 5.4697 0.35918 -4.6476 -0.73793
0 1 3 1 68.999 -19.64 -1.8572 8.1683 4.6677 -12.88 3.388 2.7411 1.7669 -5.2567 -0.92914 8.3078 -4.77 -6.6415
0 1 3 1 76.096 -19.584 -4.9921 4.5903 5.1024 -10.895 4.2956 1.3802 -3.1733 -2.3835 -0.41066 1.6308 -4.8985 -1.8321
0 1 3 1 76.096 -19.584 -4.9921 4.5903 5.1024 -10.895 4.2956 1.3802 -3.1733 -2.3835 -0.41066 1.6308 -4.8985 -1.8321
0 1 3 1 74.857 -21.509 -7.5853 5.7946 8.1168 -13.549 6.0927 -0.92115 -1.1832 -2.3427 1.464 0.18353 -5.726 -4.0397
0 1 3 1 68.692 -21.761 -3.1765 7.6866 5.6137 -12.042 1.631 2.9805 1.857 -4.563 0.51812 7.0526 -4.6362 -4.9634
0 1 3 1 66.997 -23.422 -4.4307 7.8453 5.9755 -11.373 2.9672 2.4306 0.76854 -3.8206 3.4158 7.5247 -6.1185 -6.3366
0 1 3 1 74.404 -22.485 -7.3543 6.5356 7.1123 -11.892 6.6514 1.2208 -2.3233 -4.926 2.1464 1.9632 -1.7536 1.2877
0 1 3 1 67.331 -22.4 -3.3476 9.1086 6.4891 -12.429 2.6494 0.92459 1.4902 -4.5196 2.3476 5.7853 -6.3481 -4.4976
0 1 3 1 73.978 -23.954 -9.224 7.19 10.693 -13.148 8.0069 -0.38754 -1.9251 -5.3875 5.1403 4.323 -1.098 -1.0471
0 1 3 1 73.978 -23.954 -9.224 7.19 10.693 -13.148 8.0069 -0.38754 -1.9251 -5.3875 5.1403 4.323 -1.098 -1.0471
0 1 3 1 70.224 -17.377 -0.65425 6.2842 4.7756 -11.856 1.4794 4.1512 2.5626 -7.4816 -0.97667 9.9971 -5.156 -6.5018
0 1 3 1 66.743 -22.299 -4.1779 6.8297 6.6627 -10.924 1.4628 0.36761 2.0618 -5.9919 4.1087 12.315 -5.9912 -9.5312
0 1 3 1 75.59 -20.633 -5.8439 5.1579 4.758 -10.644 4.3174 0.43131 -1.5782 -4.2063 1.5713 1.8052 -5.2961 -1.6492
0 1 3 1 75.885 -20.458 -5.6684 5.0979 5.1222 -10.982 4.856 0.82686 -1.3626 -3.8472 1.5921 1.9514 -5.0961 -1.3777
0 1 3 1 66.217 -27.75 -2.2902 7.4708 1.7326 -11.227 5.8777 1.9943 -6.4425 -1.6014 4.4194 4.4549 -11.727 -1.423
0 1 3 1 78.181 -20.564 -3.2388 8.5584 6.9125 -13.29 3.9629 1.8351 -1.6485 -2.7536 1.8406 2.0222 -6.0109 -3.1363
0 1 3 1 77.851 -20.849 -3.2757 8.9142 7.0463 -13.586 4.0384 2.3428 -1.6565 -2.9502 2.1859 2.4756 -5.9728 -3.5114
0 1 3 1 79.186 -21.026 -2.9407 4.5237 -0.13433 -8.9555 3.0995 3.0956 0.11817 3.7097 5.2904 0.6687 -5.7374 0.87142
0 1 3 1 79.186 -21.026 -2.9407 4.5237 -0.13433 -8.9555 3.0995 3.0956 0.11817 3.7097 5.2904 0.6687 -5.7374 0.87142
0 1 3 1 80.192 -20.326 -4.2742 1.9955 -0.4022 -6.2167 4.3983 3.153 -1.0661 2.2781 4.9331 0.54645 -2.9002 2.2473
