0 0 3 1 78.171 -22.623 -0.18953 11.125 -6.2783 -5.0566 11.428 1.662 -10.933 0.12612 9.2734 -9.1471 -0.31112 8.114
0 0 3 1 78.186 -22.9 -0.50839 11.87 -6.4858 -3.5915 12.504 1.0716 -9.6497 -0.078327 9.6525 -8.1024 -0.10428 6.6111
0 0 3 1 80.244 -20.825 -6.4868 3.2404 -5.758 -4.4735 9.5487 2.1441 0.89574 8.1251 7.8456 -13.672 3.3732 7.7022
0 0 3 1 80.581 -20.871 -6.9999 3.1814 -6.2181 -5.2822 9.621 1.8438 0.093661 7.2078 7.6442 -11.93 3.3714 7.3475
0 0 3 1 78.553 -22.925 -5.0076 16.056 0.58717 -12.065 3.3124 11.54 2.7351 -3.5856 3.2035 0.38199 -4.2786 5.1654
0 0 3 1 78.596 -22.977 -4.444 16.302 -1.0714 -11.376 3.2201 9.2509 2.2395 -1.7627 3.1311 -1.5523 -2.4397 4.5337
0 0 3 1 79.646 -23.748 -1.3053 11.97 -2.7532 -14.588 8.4027 6.761 -7.8651 -5.4252 10.418 -1.3248 -15.371 3.6974
0 0 3 1 79.469 -24.512 -1.8012 12.161 -2.1737 -14.776 9.1082 6.6944 -7.1651 -5.5676 9.8224 -1.0939 -14.703 2.7151
0 0 3 1 80.709 -24.902 0.0092605 12.433 -5.3223 -10.425 12.803 1.1538 -6.7921 2.5905 10.304 -7.6323 -3.6187 8.9757
0 0 3 1 80.534 -24.448 -0.099246 13.23 -6.0898 -10.252 12.894 1.5849 -5.9894 2.4264 9.0103 -8.5888 -2.4097 7.6376
0 0 3 1 78.378 -21.697 1.0238 10.664 -10.553 -2.2362 7.2338 -2.4305 -8.5199 2.0847 5.7534 -9.1812 0.87084 2.8489
0 0 3 1 78.611 -21.607 0.5698 10.772 -10.159 -2.1155 7.9353 -2.007 -8.5155 0.76739 7.044 -8.071 0.27609 2.5451
0 0 3 1 85.68 -18.653 -6.6564 4.7551 -4.816 -7.778 9.5202 -2.564 -4.3735 3.4711 6.4642 -11.081 1.7165 8.2771
0 0 3 1 86.248 -18.991 -7.6868 3.627 -4.5031 -7.6301 9.2347 -2.5465 -3.2853 3.6564 5.3522 -9.8235 2.1127 7.223
0 0 3 1 81.675 -23.613 -7.8083 11.655 -0.48318 -9.7076 3.9686 7.1242 -2.8135 -5.0719 3.0227 0.70272 -6.0841 0.69937
0 0 3 1 81.7 -23.513 -7.1228 12.057 -0.89161 -9.3162 4.7577 7.2125 -2.9335 -4.1221 3.1575 0.51804 -5.2485 0.78425
0 0 3 1 80.405 -24.097 -3.816 14.568 -4.3971 -9.1823 6.322 7.2468 -3.3963 -1.2463 3.2845 -1.0728 -3.0295 -1.0478
0 0 3 1 79.316 -23.075 -1.9776 13.255 -0.36051 -9.1365 3.6407 8.5157 -1.1834 -6.4398 9.0848 -0.67278 -9.6346 3.4818
0 0 3 1 81.64 -23.55 -3.4534 9.4006 -2.4752 -13.578 9.6165 7.9383 -3.7208 -2.8536 15.764 -1.8812 -14.802 6.7403
0 0 3 1 81.722 -23.682 -3.2788 9.9624 -2.2171 -13.378 9.6363 8.0802 -3.5106 -3.4249 15.098 -1.579 -13.619 6.0392
0 0 3 1 78.93 -23.57 0.77429 14.599 -3.8522 -12.021 12.634 6.9543 -10.091 1.4663 11.044 -10.489 -5.4745 6.1864
0 0 3 1 78.875 -23.754 0.29746 14.976 -4.292 -8.6983 11.387 4.8486 -10.089 2.0253 10.505 -11.041 -3.7768 6.9843
0 0 3 1 76.822 -23.422 3.4902 15.058 -8.093 -5.892 7.967 0.31346 -3.5334 1.4364 9.2677 -12.84 -1.1335 3.8764
0 0 3 1 77.613 -22.514 3.179 14.163 -8.286 -6.0491 8.3962 -0.1637 -3.9446 0.01718 10.44 -11.16 -0.80625 4.5388
0 0 3 1 76.761 -20.781 2.6604 14.535 0.58744 -12.245 12.461 2.9875 -4.5253 1.1908 8.2629 -1.5465 -9.0519 3.5502
0 0 3 1 86.269 -18.606 -6.7366 7.0383 -0.31035 -7.6027 5.5622 2.6979 -2.742 -0.92173 4.135 -9.2359 -0.9743 4.1856
0 0 3 1 86.235 -19.004 -6.8543 7.4636 -0.25113 -7.6437 6.0449 2.7475 -2.6094 -1.375 3.8811 -9.1791 -1.0494 3.2898
0 0 3 1 84.456 -18.26 -3.5248 6.0345 -4.2439 -10.911 6.5305 7.3363 -4.944 -3.2689 9.7111 -5.5111 -11.385 6.2769
0 0 3 1 85.001 -19.575 -3.5118 7.1088 -3.5225 -10.871 8.0675 7.1417 -5.7194 -2.014 9.0015 -7.1441 -8.2947 5.8849
0 0 3 1 84.661 -20.787 -3.5672 8.5423 -3.2786 -10.414 8.9245 6.1481 -5.9791 -1.9578 10.375 -6.6393 -7.1341 6.4055
0 0 3 1 83.983 -21.546 -3.4366 10.115 -2.4767 -9.3498 9.944 5.26 -5.8324 -1.0725 12.563 -5.391 -6.4751 6.122
0 0 3 1 80.559 -20.88 1.7701 13.702 -4.1465 -8.7062 11.229 9.5231 -12.376 -0.79615 14.976 -10.548 -2.3935 5.9416
0 0 3 1 80.723 -21.067 1.505 13.131 -3.7932 -8.7913 11.049 8.9994 -12.685 0.59003 14.868 -10.897 -1.3506 4.6572
0 0 3 1 79.364 -22.351 2.0104 13.644 -4.175 -9.3393 10.45 6.6553 -10.704 -0.070874 13.147 -9.9746 1.1158 4.6617
0 0 3 1 84.466 -20.212 -7.5462 6.0155 -2.9634 -9.8841 3.7737 1.8943 -1.3759 2.6942 6.352 -6.8939 0.74008 6.9568
0 0 3 1 85.458 -19.816 -5.546 5.1703 -5.1849 -7.2737 5.758 -3.2512 -2.9542 4.5781 4.8994 -5.9007 1.6871 7.668
0 0 3 1 80.903 -24.561 1.3789 10.203 -6.1237 -4.4075 4.7588 -0.68275 -3.7997 0.081695 5.0769 -5.4123 -4.8239 5.571
0 0 3 1 80.113 -26.055 0.49185 11.131 -5.649 -4.3226 4.1216 -0.75287 -3.7122 -0.7671 4.2266 -5.7574 -4.9864 5.0656
0 0 3 1 78.939 -22.192 -1.0314 13.742 -5.7425 -11.815 7.8117 6.9828 -9.0774 -0.69858 14.72 -11.041 -4.3207 8.6798
0 0 3 1 80.127 -22.872 -1.3597 12.505 -4.3805 -11.979 9.0131 5.245 -8.9553 1.357 13.091 -11.213 0.21973 8.3196
0 0 3 1 80.501 -22.982 -1.2249 12.187 -6.3296 -11.448 8.4431 3.8302 -5.9652 -1.5191 12.431 -9.3713 0.3758 6.2457
0 0 3 1 81.135 -22.208 -3.866 11.002 -0.36834 -16.291 11.305 7.623 -7.2514 -4.8627 10.43 -3.2596 -8.6034 4.3561
0 0 3 1 81.289 -21.895 -3.3069 12.408 -2.7258 -15.368 8.3039 6.6822 -6.1429 -4.0049 9.6253 -2.5226 -5.9381 5.6751
0 0 3 1 85.929 -18.43 -5.7973 3.1457 -6.2744 -6.6084 4.7408 -0.74046 -3.7383 7.6928 0.63988 -14.748 -0.70423 7.4622
0 0 3 1 86.24 -18.386 -5.7209 2.9927 -6.5568 -6.7225 4.4362 -1.9661 -4.1518 7.1819 0.1801 -14.507 0.19139 7.4888
0 0 3 1 86.399 -18.375 -5.5964 2.9675 -6.7999 -6.8016 4.3894 -2.8107 -4.4242 6.5414 0.24212 -13.995 1.0799 7.5134
0 0 3 1 79.034 -24.216 1.0817 10.492 -3.4868 -7.598 4.6362 4.5072 -1.2267 -3.4116 5.9367 -1.9126 -10.308 0.93707
0 0 3 1 78.272 -23.458 -1.3175 12.18 -2.912 -14.193 11.979 3.2894 -9.4418 0.42742 9.8897 -9.0488 -4.9483 6.1426
0 0 3 1 78.442 -23.276 1.5996 9.1754 -9.1593 -4.7596 5.7974 -0.30991 -6.2689 1.4443 6.6217 -10.34 1.2054 3.5087
0 0 3 1 78.442 -23.276 1.5996 9.1754 -9.1593 -4.7596 5.7974 -0.30991 -6.2689 1.4443 6.6217 -10.34 1.2054 3.5087
0 0 3 1 80.658 -23.42 -1.8562 11.928 -1.1971 -12.946 12.112 5.2817 -4.7469 -1.3019 13.715 -4.0501 -11.298 6.571
0 0 3 1 80.336 -24.5 -1.7778 12.627 -1.1622 -13.02 12.113 6.0145 -4.4067 -1.0319 12.135 -4.2203 -10.778 5.6609
0 0 3 1 80.461 -23.672 -0.99207 13.389 -6.4432 -7.3238 4.1495 0.84592 -3.0926 5.5516 7.1066 -3.988 -1.3452 8.1235
0 0 3 1 80.823 -23.269 -1.5903 12.871 -6.574 -8.3787 4.2447 1.044 -2.7451 7.2233 9.0871 -2.76 0.27255 8.2821
0 0 3 1 80.905 -22.979 -1.6755 12.751 -6.5116 -8.9172 4.4954 1.2207 -2.9936 7.264 9.6666 -2.7685 0.33268 7.9346
0 0 3 1 82.856 -19.708 -4.7602 5.9075 -4.7804 -8.6908 4.5071 -1.321 1.0903 9.3835 10.355 -13.494 -2.3473 11.019
0 0 3 1 84.512 -18.796 -4.0371 3.6489 -5.7844 -9.1652 3.5363 -4.1328 1.6669 10.779 7.2588 -14.667 0.09485 12.243
0 0 3 1 84.692 -19.426 -4.6285 3.8495 -6.1808 -10.571 5.029 -3.1316 -0.053399 8.6258 7.9586 -13.577 -1.1887 11.634
0 0 3 1 79.462 -22.563 0.0043315 12.703 -4.6019 -10.917 11.473 4.2765 -13.009 -1.3255 11.969 -8.4142 -0.93137 8.9923
0 0 3 1 80.116 -21.868 -0.66442 11.008 -5.3351 -12.443 13.197 4.0236 -12.331 0.57541 12.726 -10.813 0.16164 9.016
0 0 3 1 79.637 -22.16 0.57402 12.581 -7.1108 -11.083 11.201 6.1813 -5.495 -0.30208 12.993 -10.533 1.3014 6.2201
0 0 3 1 83.927 -22.027 -3.4956 8.4513 -3.7825 -11.671 7.4563 3.9183 -6.0775 0.16137 9.6659 -5.3814 -5.5484 7.683
0 0 3 1 83.927 -22.027 -3.4956 8.4513 -3.7825 -11.671 7.4563 3.9183 -6.0775 0.16137 9.6659 -5.3814 -5.5484 7.683
0 0 3 1 83.464 -22.666 -3.2974 8.965 -3.6827 -12.039 7.6222 4.0337 -5.6027 0.57407 9.4485 -5.5798 -5.536 7.4121
0 0 3 1 79.165 -24.169 -1.6971 12.969 -4.5795 -8.3549 7.6107 1.7499 -3.281 -0.32731 5.2554 -2.2867 -4.9763 4.8678
0 0 3 1 81.661 -21.439 -0.41097 9.1813 -5.9631 -6.3821 8.8528 -0.45906 -4.6736 1.7501 4.1906 -9.5606 -4.2987 9.9788
0 0 3 1 81.713 -22.298 0.038372 10.095 -6.2697 -5.8597 8.8183 -0.63167 -5.2604 2.1375 2.4831 -8.9673 -4.087 8.7003
0 0 3 1 85.461 -19.24 -4.1307 5.3882 -2.094 -5.9464 4.5156 -4.0244 -6.0785 5.8165 4.7098 -11.561 4.1296 12.727
0 0 3 1 85.468 -19.436 -3.9785 5.657 -2.15 -5.9188 5.1113 -3.3011 -5.8944 5.5476 5.1503 -11.184 3.7321 12.39
0 0 3 1 77.021 -22.064 0.39521 12.563 -7.4168 -6.4524 6.2884 5.5495 -2.0808 0.15422 9.4736 -5.3653 0.57689 5.6353
0 0 3 1 79.016 -23.059 0.24214 14.239 -7.334 -9.9767 7.6034 6.1695 -7.9238 -1.5605 11.791 -5.6313 -5.0203 4.3266
0 0 3 1 78.641 -23.501 -0.14303 12.946 -1.9129 -13.445 13.183 8.1067 -9.6877 -0.0047577 10.979 -6.4926 -8.5778 3.8975
0 0 3 1 79.381 -24.174 0.786 14.587 -2.9322 -13.292 11.391 7.768 -7.6517 0.56427 7.8767 -4.296 -6.1636 2.6606
0 0 3 1 80.227 -23.711 -1.696 14.453 -1.3199 -14.877 9.9037 5.3747 -4.5634 -5.1052 15.376 -4.0741 -11.955 9.1102
0 0 3 1 80.158 -24.104 -2.0474 14.395 -1.1683 -14.846 9.5876 5.002 -4.2837 -5.3609 14.718 -3.9295 -10.396 8.779
0 0 3 1 78.275 -21.207 -0.17676 13.837 -7.3226 -5.4883 10.677 3.3587 -1.3189 5.8665 6.5995 -7.5196 -5.0753 8.2896
0 0 3 1 78.782 -21.932 -0.22005 14.269 -6.6492 -6.5773 10.96 3.3858 0.60014 5.208 6.632 -7.1291 -3.2537 6.2892
0 0 3 1 84.039 -20.682 -5.2646 5.2766 -2.3568 -4.8637 8.2589 0.74381 -3.7251 3.9733 7.8378 -12.235 2.5231 10.807
0 0 3 1 84.039 -20.682 -5.2646 5.2766 -2.3568 -4.8637 8.2589 0.74381 -3.7251 3.9733 7.8378 -12.235 2.5231 10.807
0 0 3 1 77.63 -24.019 0.35968 13.097 -6.7964 -7.9517 12.424 4.6227 -5.777 0.27462 12.255 -5.594 -2.9924 5.2784
0 0 3 1 78.8 -24.644 0.94809 12.003 -7.0694 -5.3124 11.698 6.1879 -5.6937 2.8288 8.3642 -9.4325 0.80607 5.1247
0 0 3 1 78.935 -24.724 1.0262 12.49 -6.309 -5.4518 10.861 6.4349 -4.6664 2.8095 8.0801 -9.2798 0.4673 4.5313
0 0 3 1 78.935 -24.724 1.0262 12.49 -6.309 -5.4518 10.861 6.4349 -4.6664 2.8095 8.0801 -9.2798 0.4673 4.5313
0 0 3 1 85.644 -18.473 -4.2439 6.1566 -1.9569 -9.198 6.5795 6.1928 -6.9966 2.3263 13.933 -4.233 -7.7243 7.1247
0 0 3 1 85.644 -18.473 -4.2439 6.1566 -1.9569 -9.198 6.5795 6.1928 -6.9966 2.3263 13.933 -4.233 -7.7243 7.1247
0 0 3 1 85.1 -19.66 -4.1268 7.3855 -2.0442 -10.965 7.1332 5.33 -6.7373 2.7458 14.171 -5.2225 -6.876 7.3442
0 0 3 1 78.409 -21.77 -0.53656 13.078 -9.2431 -4.784 12.367 1.2824 -2.4199 7.0462 5.6373 -14.348 -5.0208 9.9042
0 0 3 1 78.625 -21.737 -0.55223 13.435 -9.1904 -5.6084 12.195 1.334 -2.2538 7.2929 6.2917 -13.61 -4.9779 9.6638
0 0 3 1 79.32 -24.187 -0.12603 12.747 -3.7254 -7.6312 8.6489 0.90919 -3.4015 -1.9297 9.0541 -7.8812 -7.3671 7.4901
0 0 3 1 79.729 -24.163 0.00063895 12.522 -3.9385 -7.2789 8.982 1.5239 -3.0392 -2.0707 8.7645 -6.737 -6.5586 6.4564
0 0 3 1 79.231 -22.821 -0.78322 14.443 -4.8095 -9.7235 8.986 8.3277 -8.1502 -0.34097 12.934 -7.7494 -5.6263 5.6169
0 0 3 1 82.566 -22.255 -2.6779 9.2578 -4.2074 -7.561 10.104 3.2059 -10.709 -0.077544 6.905 -11.419 1.0293 4.8317
0 0 3 1 82.413 -22.65 -2.8193 9.4431 -4.5362 -7.5759 9.9736 3.1566 -10.794 -0.27229 6.1934 -11.239 0.75217 3.9912
0 0 3 1 87.602 -16.668 -5.1472 6.468 -3.8036 -9.8309 9.4293 2.9339 -4.3901 0.27805 9.7422 -4.9001 -2.6733 6.4499
0 0 3 1 87.936 -16.958 -4.6356 5.9014 -4.3841 -11.834 9.8607 1.3751 -6.9929 -0.18941 9.5861 -4.4428 -2.7777 5.0951
0 0 3 1 80.677 -22.378 -0.18951 11.311 -8.4086 -5.4357 9.3916 -0.71982 -4.8661 -0.07506 6.4801 -10.375 -2.6222 7.2195
0 0 3 1 80.677 -22.378 -0.18951 11.311 -8.4086 -5.4357 9.3916 -0.71982 -4.8661 -0.07506 6.4801 -10.375 -2.6222 7.2195
0 0 3 1 78.275 -24.394 -0.46452 12.951 -6.1052 -10.305 8.2697 4.0008 -6.7287 -0.37732 6.3515 -8.865 -1.6527 6.0747
0 0 3 1 77.11 -22.967 -0.46681 11.54 -9.1133 -7.1158 6.4692 1.4496 -6.6518 0.59679 11.595 -6.503 -2.8256 6.7452
0 0 3 1 77.792 -22.554 2.2487 10.808 -9.6052 -5.3984 7.6243 1.2041 -3.4976 1.8014 5.9832 -9.1509 -0.32611 4.2665
0 0 3 1 77.792 -22.554 2.2487 10.808 -9.6052 -5.3984 7.6243 1.2041 -3.4976 1.8014 5.9832 -9.1509 -0.32611 4.2665
0 0 3 1 83.876 -19.326 -4.7259 8.4209 1.4714 -14.727 10.477 1.1133 -9.9598 -1.4812 11.831 -3.9293 -8.1379 5.1873
0 0 3 1 83.872 -19.583 -4.2986 8.5304 0.94974 -14.52 11.417 0.037034 -8.8584 -0.24681 10.447 -4.785 -8.6142 4.6067
0 0 3 1 80.197 -22.641 -2.4349 8.8537 -7.6797 -5.3329 9.9558 -1.899 0.17798 6.6735 6.7876 -9.3183 -3.2589 9.5985
0 0 3 1 80.5 -22.505 -3.0001 8.7639 -7.9331 -5.6573 9.8826 -3.1177 0.43748 6.5264 6.9707 -8.8047 -3.2918 9.0463
0 0 3 1 85.038 -18.975 -4.3553 6.9916 -2.7318 -8.1012 6.7375 -1.6894 -0.92432 6.8469 7.9434 -11.921 1.2634 8.3921
0 0 3 1 85.038 -18.975 -4.3553 6.9916 -2.7318 -8.1012 6.7375 -1.6894 -0.92432 6.8469 7.9434 -11.921 1.2634 8.3921
0 0 3 1 79.235 -23.333 1.3301 10.994 -8.1109 -4.0384 8.106 3.6736 -3.9279 0.018372 10.484 -5.8182 -3.5603 4.4844
0 0 3 1 79.363 -23.655 0.49932 11 -8.3989 -4.0861 8.3725 2.9841 -3.9397 1.5562 10.327 -7.1715 -3.387 2.5339
0 0 3 1 78.527 -21.5 0.76065 11.646 -9.44 -6.163 8.3579 3.1024 -4.4907 -0.21801 7.179 -8.6132 0.27643 4.3566
0 0 3 1 77.933 -22.149 0.77499 12.219 -9.6414 -6.4585 8.5395 4.5572 -3.0466 -1.232 6.9121 -9.0603 -0.82423 3.7781
0 0 3 1 81.53 -22.261 -0.90008 13.539 -0.49164 -16.208 11.889 10.033 -7.5639 -2.1095 10.74 -3.0155 -6.3014 4.2671
0 0 3 1 80.556 -23.527 -0.53183 14.358 -1.1995 -14.244 13.183 12.518 -7.557 -2.4069 9.0065 -2.8502 -4.9898 2.5837
0 0 3 1 82.612 -22.008 -2.596 4.5532 -9.1606 -5.5004 11.246 -0.7753 0.20508 7.5345 8.0685 -7.5885 -3.4484 10.728
0 0 3 1 82.612 -22.008 -2.596 4.5532 -9.1606 -5.5004 11.246 -0.7753 0.20508 7.5345 8.0685 -7.5885 -3.4484 10.728
0 0 3 1 84.635 -19.687 -5.3398 4.6126 -3.1005 -4.7069 8.4646 -1.011 -3.5485 5.1321 7.7921 -12.23 -1.8023 7.9817
0 0 3 1 84.717 -20.017 -5.8444 4.0701 -3.7594 -5.3492 8.9839 -0.70305 -3.0961 5.1635 8.0582 -11.642 -1.8003 7.405
0 0 3 1 78.789 -24.335 1.361 11.452 -6.1124 -2.8235 8.6557 3.0875 -4.2562 3.8543 7.8134 -8.7764 1.6603 6.9185
0 0 3 1 78.789 -24.335 1.361 11.452 -6.1124 -2.8235 8.6557 3.0875 -4.2562 3.8543 7.8134 -8.7764 1.6603 6.9185
0 0 3 1 78.789 -24.335 1.361 11.452 -6.1124 -2.8235 8.6557 3.0875 -4.2562 3.8543 7.8134 -8.7764 1.6603 6.9185
0 0 3 1 82.639 -21.454 -3.7879 11.106 -1.6099 -16.586 9.7602 5.3061 -7.8489 -1.2264 13.636 -5.6084 -6.8496 6.9762
0 0 3 1 82.245 -19.846 -3.7723 8.8434 -7.1436 -8.9624 8.7524 -0.32553 1.1615 5.1171 4.9749 -7.3859 -5.7409 8.2217
0 0 3 1 83.038 -19.512 -3.7203 8.8147 -7.5894 -8.1364 9.5115 -0.49922 1.1503 5.475 3.6274 -6.4069 -4.1241 7.2534
0 0 3 1 83.037 -20.239 -3.4187 9.2504 -7.2934 -7.6574 10.568 -0.0034796 -0.35912 5.6959 2.5101 -5.0002 -2.4136 6.4097
0 0 3 1 80.803 -22.92 -1.8911 9.6947 -4.964 -9.2979 11.815 0.28017 -3.8853 3.957 1.8466 -3.1759 -3.2173 4.7057
0 0 3 1 86.681 -17.954 -4.377 4.0341 -3.3987 -5.3491 7.3265 -1.4675 -8.3377 4.364 7.1895 -8.3634 6.683 5.4061
0 0 3 1 86.736 -18.101 -4.3155 4.1831 -3.7559 -5.4114 7.3638 -2.1601 -8.4476 4.344 7.6641 -8.0455 6.5621 5.0955
0 0 3 1 86.573 -18.37 -4.2264 4.3768 -4.1627 -5.4547 7.3434 -2.9135 -8.4847 4.0222 8.1669 -7.7241 6.3983 5.0313
0 0 3 1 78.25 -22.925 0.81725 8.9252 -4.9045 -4.9198 3.8719 5.2588 0.81674 -2.9201 4.914 -2.6797 -3.74 6.4904
0 0 3 1 80.129 -22.916 -1.3875 11.619 -5.6576 -8.5072 10.777 2.8356 -2.5929 4.267 7.4395 -11.272 -4.2536 8.2663
0 0 3 1 79.951 -23.555 -1.8064 11.472 -6.551 -9.0442 10.769 2.9228 -2.1412 4.483 6.1491 -11.611 -3.6359 8.0914
0 0 3 1 82.306 -20.358 -4.5387 8.6044 -1.2381 -16.868 13.049 6.4186 -8.7762 1.362 13.305 -4.0973 -8.1348 8.0377
0 0 3 1 85.154 -20.471 -2.3964 6.7208 -4.8923 -7.1684 4.2704 0.39645 -7.5426 2.6211 5.7511 -5.2337 2.3942 6.5065
0 0 3 1 85.589 -20.723 -2.9585 5.3465 -5.1526 -5.7716 5.9072 -0.3231 -8.1515 4.775 4.758 -6.2253 5.1861 5.2506
0 0 3 1 85.589 -20.723 -2.9585 5.3465 -5.1526 -5.7716 5.9072 -0.3231 -8.1515 4.775 4.758 -6.2253 5.1861 5.2506
0 0 3 1 85.589 -20.723 -2.9585 5.3465 -5.1526 -5.7716 5.9072 -0.3231 -8.1515 4.775 4.758 -6.2253 5.1861 5.2506
0 0 3 1 78.651 -24.121 -1.0901 15.001 -0.69869 -11.653 11.529 4.8899 -4.2135 -0.79874 4.3776 -3.4205 -4.394 -0.86037
0 0 3 1 78.356 -21.215 -0.49456 14.062 -6.9261 -5.6988 10.441 0.68458 -3.5976 5.1502 7.9818 -7.9733 -4.0533 8.956
0 0 3 1 78.257 -21.532 -0.14291 14.387 -8.5517 -5.2202 11.418 -0.69921 -3.5134 6.2343 8.2988 -9.385 -2.3578 10.071
0 0 3 1 82.887 -20.718 -4.0015 10.049 -1.2259 -15.087 10.989 3.5252 -8.0639 0.33649 15.315 -3.3987 -9.965 5.9969
0 0 3 1 80.322 -22.193 1.869 9.4793 -8.1061 -4.2943 9.9688 1.0159 -6.8892 3.5929 6.7332 -5.3807 -4.6633 4.6105
0 0 3 1 80.856 -23.198 1.2033 9.3946 -8.9044 -3.6666 6.2602 1.3494 -5.5057 3.2492 5.9508 -5.5058 -2.4243 2.9893
0 0 3 1 80.856 -23.198 1.2033 9.3946 -8.9044 -3.6666 6.2602 1.3494 -5.5057 3.2492 5.9508 -5.5058 -2.4243 2.9893
0 0 3 1 80.573 -23.407 1.127 10.181 -8.2201 -3.4238 5.8041 2.012 -5.1465 2.0391 5.1085 -5.798 -2.2069 2.8222
0 0 3 1 81.42 -21.305 -3.3487 10.192 -6.6778 -7.1028 9.2006 2.5622 -3.8222 1.5146 6.458 -8.768 -4.2001 6.2974
0 0 3 1 81.544 -21.755 -3.2459 10.056 -7.5675 -7.4111 9.4602 1.8218 -4.4896 1.6451 5.921 -9.365 -3.878 5.417
0 0 3 1 78.48 -23.057 2.7536 8.7249 -4.456 1.1125 3.8509 6.7388 -0.82324 -0.78328 2.3039 -0.71958 -6.9054 4.2216
0 0 3 1 86.809 -18.3 -6.4354 6.3748 -0.52499 -9.4868 10.263 2.6106 -9.6589 -0.51941 13.864 -4.5091 -5.6651 4.8249
0 0 3 1 86.007 -20.033 -3.6685 6.7334 -1.0293 -6.8081 10.943 4.1329 -7.8044 -0.83187 13.123 -7.405 0.51149 2.3221
0 0 3 1 81.897 -21.641 -3.6057 9.4669 -5.0501 -7.4605 11.047 4.1874 -3.5691 -0.1136 6.9906 -9.3838 -2.9688 8.3819
0 0 3 1 81.886 -21.916 -3.4007 9.6011 -5.2576 -7.396 11.261 4.1826 -3.1656 0.012207 7.4672 -8.6284 -2.1057 8.1867
0 0 3 1 77.5 -24.273 1.5414 9.0348 -3.4656 -1.2919 1.5221 5.2681 -1.2536 -0.011652 3.7603 -0.35456 -4.5305 5.4118
0 0 3 1 78.508 -24.341 0.40999 12.792 -3.5719 -9.4342 11.337 -1.5677 -7.1253 3.0356 4.1451 -4.6701 -0.85558 5.1428
0 0 3 1 78.334 -22.455 -2.6063 15.526 -2.0131 -10.346 18.918 0.80299 -3.1356 -0.035267 1.7597 -3.2643 -2.1218 2.9958
0 0 3 1 86.219 -19.626 -4.8697 7.3979 -0.59245 -8.5197 7.3766 3.3058 -11.357 -1.308 10.775 -8.2116 -6.1885 6.6354
0 0 3 1 86.156 -20.324 -4.8736 8.0182 -0.33657 -8.3534 7.8835 2.8738 -10.836 -1.4995 10.187 -8.4907 -5.4691 6.56
0 0 3 1 85.537 -21.681 -4.655 9.3394 -0.29579 -8.5564 8.453 2.0281 -9.8935 -1.9319 9.7207 -8.5579 -4.5967 5.8802
0 0 3 1 79.983 -22.873 -0.078075 12.116 -7.7283 -6.4415 8.5409 4.4609 -0.62432 5.5954 11.569 -7.1085 -2.8309 8.5726
0 0 3 1 79.672 -22.4 -0.82527 13.329 -7.3604 -6.8375 10.894 4.3217 -0.16167 7.3819 12.73 -6.3053 -2.3297 9.6525
0 0 3 1 78.944 -24.323 1.4672 8.8284 -5.1639 -7.8756 7.7764 4.9057 2.2055 0.79846 7.249 -2.0345 -5.9193 3.9103
0 0 3 1 80.444 -24.835 0.94737 10.186 -7.995 -3.278 6.9142 2.5718 -1.847 2.2662 3.752 -7.0074 0.017963 4.2371
0 0 3 1 80.437 -24.913 0.9732 10.122 -8.2825 -3.7636 6.5284 1.3838 -1.407 2.4538 3.7893 -7.5225 0.89519 4.254
0 0 3 1 80.302 -24.857 0.98799 10.181 -8.376 -4.0759 6.4129 0.47948 -0.99144 2.684 4.0346 -7.9846 1.5428 4.2047
0 0 3 1 80.366 -21.309 -1.7331 10.969 -6.3199 -8.3304 6.5265 -0.46013 -4.0173 6.0252 8.3193 -8.9615 -2.7073 10.259
0 0 3 1 80.526 -21.447 -1.8623 10.919 -6.4593 -8.0232 6.9209 -0.91958 -3.8576 6.268 8.051 -8.4945 -2.2273 9.3921
0 0 3 1 81.036 -21.492 -1.7026 13.903 -3.0285 -13.776 17.995 0.88625 -9.5339 2.1986 6.6164 -3.9246 0.72283 4.3571
0 0 3 1 81.009 -21.373 -0.45398 11.335 -2.5077 -11.249 6.2037 11.035 -3.9824 -6.1705 5.0506 5.7798 -7.6987 1.3231
0 0 3 1 83.693 -21.535 -3.1356 9.7047 -3.5034 -9.4108 8.1155 3.8188 -7.3314 -3.8752 12.401 -3.5059 -7.1868 7.0106
0 0 3 1 83.567 -22.461 -1.1248 10.712 -4.5972 -7.9829 7.3565 2.4284 -7.2066 -4.0049 10.246 -3.496 -5.0133 4.8029
0 0 3 1 83.178 -22.965 -0.80125 11.151 -4.6104 -7.5131 6.8797 1.9639 -7.56 -4.5039 9.2324 -3.7304 -4.319 4.7725
0 0 3 1 79.376 -20.026 -1.6894 13.182 -9.951 -4.4373 10.997 -1.9327 -6.6659 6.9077 6.0201 -8.275 -0.18299 11.106
0 0 3 1 79.376 -20.026 -1.6894 13.182 -9.951 -4.4373 10.997 -1.9327 -6.6659 6.9077 6.0201 -8.275 -0.18299 11.106
0 0 3 1 82.979 -21.481 -2.9979 10.654 -2.1222 -6.2065 11.527 3.2408 -6.9368 7.7186 7.9435 -11.529 -2.0937 4.238
0 0 3 1 82.886 -22.64 -3.5024 11.363 -3.7053 -6.1619 11.007 2.6368 -6.0581 6.9246 7.421 -8.5442 -1.5206 3.8107
0 0 3 1 83.956 -20.287 -3.895 9.6671 -0.33329 -9.1505 7.0226 3.4219 -6.408 -3.5049 12.722 -3.7019 -7.0959 5.8788
0 0 3 1 83.921 -20.918 -3.4738 10.15 -1.0996 -9.742 7.6839 2.1413 -7.2616 -1.7084 13.659 -6.8285 -5.8031 3.8451
0 0 3 1 79.033 -23.963 -2.9276 14.2 -3.4682 -3.7559 15.778 2.3766 -2.441 5.034 9.4172 -6.9756 -6.389 6.2845
0 0 3 1 79.39 -23.575 -2.6926 14.298 -3.8148 -5.1787 14.431 1.1735 -3.5216 3.8983 9.1396 -7.1509 -5.8741 6.0652
0 0 3 1 79.439 -23.672 -0.88984 12.258 -2.3643 -7.639 6.5066 6.2319 -3.1039 -3.6534 4.7857 2.6254 -7.257 -0.98387
0 0 3 1 84.425 -20.626 -4.2868 10.562 -2.9367 -12.956 13.859 4.4455 -7.8972 0.92451 12.412 -4.6504 -3.2584 8.107
0 0 3 1 83.386 -21.932 -3.1256 10.677 -4.3611 -12.13 15.893 3.5211 -7.8716 -1.4911 9.5924 -4.3363 -3.802 7.3484
0 0 3 1 81.337 -22.95 -2.1024 10.348 -10.075 -5.453 9.2264 -1.4173 -5.6376 3.3715 6.711 -9.6086 4.6229 5.3125
0 0 3 1 81.349 -22.992 -1.948 11.225 -9.8517 -4.8074 8.8331 -0.50186 -4.5749 3.0406 7.5735 -9.8726 3.8834 4.2217
0 0 3 1 77.857 -19.817 0.83885 12.462 1.3989 -16.466 9.2904 -0.11485 -9.6198 3.9548 5.9414 -4.0339 -5.3272 9.1942
0 0 3 1 79.518 -20.607 -3.3758 14.873 3.0086 -14.91 14.708 1.0858 -4.4424 0.53073 9.3837 -5.832 -6.4932 9.1925
0 0 3 1 77.002 -24.226 0.9102 11.65 -8.8704 -7.5927 6.5971 2.4446 -5.433 -1.0746 13.104 -8.9846 -7.6414 7.0895
0 0 3 1 77.313 -24.335 1.0252 11.79 -9.3113 -8.2218 5.8693 1.5175 -3.819 -0.31374 10.471 -8.5975 -5.292 6.613
0 0 3 1 78.719 -24.217 2.1519 11.315 -4.2433 -5.6704 8.1238 -1.6885 -0.78816 0.25824 6.606 -1.461 -11.035 3.215
0 0 3 1 79.347 -24.445 2.0705 12.698 -9.1671 -6.6548 6.2401 1.836 -4.2027 -1.2963 7.331 -6.8197 -7.461 8.0277
0 0 3 1 79.347 -24.445 2.0705 12.698 -9.1671 -6.6548 6.2401 1.836 -4.2027 -1.2963 7.331 -6.8197 -7.461 8.0277
0 0 3 1 78.273 -23.879 3.3534 12.697 -2.9495 -6.483 10.107 3.263 -1.0676 1.4234 5.5936 -4.4681 -16.092 1.8726
0 0 3 1 78.401 -23.852 3.3674 12.756 -3.3069 -6.6922 10.301 2.6586 -1.4555 1.3132 4.4649 -2.4874 -14.552 0.89717
0 0 3 1 77.078 -23.258 4.7303 9.6712 -5.9896 1.4238 1.9831 -2.1655 3.9301 -6.2254 10.312 -4.3342 -10.476 5.337
0 0 3 1 77.606 -22.795 -0.31878 12.301 -3.7035 -8.9961 7.9117 0.48009 -3.5854 1.7253 6.3994 -6.8431 -6.2253 3.519
0 0 3 1 78.453 -22.69 -7.5844 15.514 0.95422 -11.216 -3.4754 5.8255 3.7261 -7.7022 4.0791 0.43435 -6.2351 0.26237
0 0 3 1 78.453 -22.69 -7.5844 15.514 0.95422 -11.216 -3.4754 5.8255 3.7261 -7.7022 4.0791 0.43435 -6.2351 0.26237
0 0 3 1 74.256 -21.309 5.3146 3.092 -11.745 9.3599 -1.58 -0.83401 7.4097 -7.8744 4.2455 1.5609 -13.442 4.587
0 0 3 1 81.465 -20.797 -6.1609 11.712 1.9206 -9.6063 -1.1362 6.3047 1.9372 -6.1131 6.6239 4.1323 -9.212 2.7427
0 0 3 1 83.097 -20.544 -6.5004 7.7652 -2.8017 -9.3003 0.86409 3.4219 0.10046 -1.4537 12.45 0.73321 -9.9192 2.0284
0 0 3 1 83.097 -20.544 -6.5004 7.7652 -2.8017 -9.3003 0.86409 3.4219 0.10046 -1.4537 12.45 0.73321 -9.9192 2.0284
0 0 3 1 82.132 -22.391 -5.1492 9.5599 -1.9679 -10.273 1.8892 3.377 0.89592 -1.5756 8.0754 1.6877 -10.691 -2.2602
0 0 3 1 78.289 -23.595 0.098199 11.356 -2.0125 -17.285 11.406 5.5399 -8.6017 4.5984 8.504 -6.0893 -6.8844 3.6155
0 0 3 1 80.548 -24.535 -3.0243 14.519 1.0654 -13.843 0.42994 9.6812 1.1337 -8.3261 7.2698 0.48029 -5.0248 4.5146
0 0 3 1 80.114 -25.528 -1.8278 15.911 -0.30491 -15.114 3.2486 10.279 -0.40175 -7.3115 8.2109 0.70982 -6.1473 1.8197
0 0 3 1 79.733 -25.854 -1.4664 16.255 -1.4241 -16.347 5.4029 11.433 -1.1517 -6.3311 8.3288 0.89593 -5.6524 0.73928
0 0 3 1 77.957 -24.012 -1.341 12.702 -4.6236 -8.1676 10.315 5.1918 0.84548 -0.15158 8.8546 -4.5857 -6.1257 6.1876
0 0 3 1 78.156 -24.252 -1.1854 12.692 -5.0685 -8.2324 10.152 3.9806 0.38188 0.23544 7.8798 -4.6604 -5.0538 6.0395
0 0 3 1 79.21 -25.923 -0.7676 13.051 -2.9037 -13.697 11.002 -0.90289 -3.3049 0.55481 6.2999 -4.0216 -10.167 2.2774
0 0 3 1 79.443 -25.031 -0.44002 13.676 -2.5546 -14.076 12.797 -0.14722 -4.7497 0.30641 6.0666 -1.9826 -6.8277 3.8055
0 0 3 1 79.699 -23.208 -3.1155 14.454 0.0022887 -15.391 4.8815 7.1866 -1.0142 -5.3468 6.0858 -0.33875 -5.5534 0.82074
0 0 3 1 78.48 -23.311 -1.2372 14.635 -2.7998 -8.4698 7.6659 4.0385 -0.1603 -4.8831 7.9573 -6.81 -8.8254 4.1692
0 0 3 1 78.685 -23.88 0.034409 14.865 -2.093 -7.8452 10.731 1.3725 -2.6558 -0.21828 8.8279 -9.3157 -6.9916 4.3806
0 0 3 1 79.506 -23.883 -0.81298 13.495 -4.5629 -10.052 13.689 1.172 -3.8135 1.3995 4.0506 -7.3904 -11.025 2.9289
0 0 3 1 79.713 -23.398 -0.49647 14.872 -2.7351 -11.856 14.363 2.3767 -4.7807 1.9208 3.9931 -3.183 -7.4506 1.9375
0 0 3 1 78.338 -22.782 -1.1432 16.925 1.3864 -17.343 12.791 5.9245 -1.2041 -8.5309 6.1698 0.48634 -11.79 5.6856
0 0 3 1 78.919 -24.706 -4.9968 14.671 2.9562 -15.313 7.6507 13.874 -2.0557 -4.4563 1.8936 -2.9989 -7.1774 -2.5005
0 0 3 1 80.866 -23.508 -2.1023 12.094 -2.9163 -15.213 7.0635 2.3034 -1.6575 -0.26276 11.2 -1.4415 -14.166 3.1422
0 0 3 1 80.83 -23.42 -2.2944 12.383 -3.0351 -15.575 7.6441 2.2423 -1.4037 -1.1462 10.49 -1.5347 -13.873 2.3677
0 0 3 1 79.966 -23.626 -2.7299 13.482 -1.5323 -15.525 9.436 1.5259 -0.44959 -3.0866 9.8599 0.27001 -11.711 0.82463
0 0 3 1 80.116 -24.417 -0.43138 13.059 -2.6933 -10.872 12.14 2.8972 -2.3573 5.5319 7.4645 -5.6816 -12.991 0.92461
0 0 3 1 80.665 -23.376 0.21921 13.144 -3.5032 -11.863 11.877 1.5029 -4.9255 3.8132 6.7101 -3.3033 -10.11 2.0074
0 0 3 1 80.665 -23.376 0.21921 13.144 -3.5032 -11.863 11.877 1.5029 -4.9255 3.8132 6.7101 -3.3033 -10.11 2.0074
0 0 3 1 79.023 -23.87 -6.0389 15.748 6.4362 -17.536 5.7194 4.5982 1.7681 -10.374 4.8123 3.4518 -8.8426 0.015715
0 0 3 1 78.974 -22.368 -3.7305 14.524 6.5411 -16.978 5.5751 12.695 -5.3589 -4.3479 5.3785 -1.4741 -3.3653 -3.5
0 0 3 1 81.459 -23.179 -2.6598 11.601 -2.5312 -14.36 9.7144 6.9602 -3.9435 -5.3291 6.0419 -1.7655 -9.9006 4.4333
0 0 3 1 81.013 -23.806 -2.9213 11.737 -2.2517 -14.02 11.1 5.3768 -3.9124 -5.8232 4.6702 -2.3742 -9.0389 4.3872
0 0 3 1 83.042 -20.966 -2.0112 9.7315 -6.1116 -10.058 12.659 0.60606 -2.6325 3.0369 9.0859 -6.0155 -8.9457 5.5695
0 0 3 1 83.742 -21.124 -1.1169 9.994 -7.091 -9.8484 14.136 -0.50282 -3.3907 3.4798 6.5649 -5.6564 -7.5645 3.1598
0 0 3 1 83.485 -21.461 -1.1227 10.573 -7.1163 -10.137 14.2 -0.67479 -3.5678 3.5755 5.9508 -5.3909 -7.1717 2.7105
0 0 3 1 79.339 -22.955 -3.8667 16.448 4.95 -16.538 4.4312 9.2135 2.2307 -10.948 6.8983 4.7658 -11.181 1.3511
0 0 3 1 80.133 -24.276 -2.9779 13.398 1.3482 -14.189 11.479 8.3417 -6.2711 -1.5671 9.4185 -4.6543 -14.292 0.39324
0 0 3 1 81.842 -21.555 -4.9043 11.07 -1.0964 -13.908 9.3706 4.6685 -2.1676 1.7597 11.886 -3.6258 -16.309 2.5566
0 0 3 1 81.842 -21.555 -4.9043 11.07 -1.0964 -13.908 9.3706 4.6685 -2.1676 1.7597 11.886 -3.6258 -16.309 2.5566
0 0 3 1 79.846 -23.275 -0.56594 11.975 -1.1322 -8.1248 7.5503 -0.096197 -0.40084 1.2885 1.7999 -0.40064 -10.074 3.1321
0 0 3 1 79.846 -23.275 -0.56594 11.975 -1.1322 -8.1248 7.5503 -0.096197 -0.40084 1.2885 1.7999 -0.40064 -10.074 3.1321
0 0 3 1 79.713 -23.306 -2.9484 16.94 4.5131 -17.03 6.065 7.1761 -0.1193 -7.5119 5.8546 2.2626 -9.9294 0.024634
0 0 3 1 79.676 -23.209 -2.8402 17.374 4.9557 -17.615 9.3394 4.0367 -0.77118 -6.3353 5.739 0.30277 -10.03 0.82522
0 0 3 1 79.855 -23.947 1.4302 13.539 -3.9344 -14.469 9.5278 2.4954 -9.2901 1.0459 8.8858 -11.198 -5.1233 3.1879
0 0 3 1 79.836 -22.722 -1.8615 14.485 -0.79651 -16.159 9.9385 4.1183 -3.3899 -3.5138 8.7636 0.059465 -15.919 1.5316
0 0 3 1 79.988 -22.466 -1.7708 13.969 -1.6077 -15.723 9.4305 4.1216 -2.8693 -2.7481 9.274 -0.54984 -16.346 1.3817
0 0 3 1 79.23 -24.313 1.7853 11.709 -6.5432 -6.2076 8.7469 1.0742 -1.4732 3.0508 6.9606 -4.4394 -10.127 -2.7463
0 0 3 1 79.23 -24.313 1.7853 11.709 -6.5432 -6.2076 8.7469 1.0742 -1.4732 3.0508 6.9606 -4.4394 -10.127 -2.7463
0 0 3 1 79.16 -22.749 -5.3322 16.062 4.0568 -18.897 6.7298 8.2099 7.098 -11.585 2.1594 -1.4141 -6.6065 2.8264
0 0 3 1 81.545 -21.105 -2.1427 10.861 -1.9681 -16.482 8.5296 2.5017 -3.0243 -0.0015955 13.111 -1.9906 -12.743 6.032
0 0 3 1 84.086 -21.358 -3.29 6.0407 -6.3482 -10.052 11.301 -0.053069 -3.4973 5.7035 3.9843 -1.7777 -1.3146 6.6149
0 0 3 1 84.033 -21.65 -3.629 5.8464 -6.6873 -10.855 11.604 -0.59732 -4.201 5.0072 2.362 -0.86529 -0.2977 6.1821
0 0 3 1 78.664 -24.786 -1.9167 14.183 -0.6054 -17.824 12.006 4.5349 -2.0466 -7.6423 9.7803 -2.8706 -12.37 4.8284
0 0 3 1 81.213 -23.342 -1.3044 10.04 -4.8838 -11.906 6.4263 2.7007 -2.3363 -0.73944 9.0561 -3.1933 -13.112 7.1503
0 0 3 1 81.137 -23.745 -1.6694 10.356 -4.0073 -12.234 7.6685 2.2742 -2.7465 -1.8872 6.3689 -2.9035 -12.621 7.1297
0 0 3 1 80.85 -24.147 -1.8695 10.957 -3.0163 -12.672 8.7649 2.2218 -2.8071 -3.0456 4.0913 -2.7527 -12.006 6.9912
0 0 3 1 79.151 -24.639 1.6312 14.255 -3.9189 -11.059 17.247 -1.9245 -6.8347 6.818 2.5519 -8.6985 -4.0884 4.5064
0 0 3 1 81.71 -21.949 -2.0939 7.7223 -5.3301 -10.38 12.513 5.615 -1.9851 -5.0936 4.5528 -2.0941 -13.258 7.0409
0 0 3 1 81.123 -21.928 -3.936 6.2013 -5.9976 -12.006 18.592 8.938 -3.1793 -7.3537 1.0268 -2.7025 -12.571 6.2985
0 0 3 1 78.781 -23.566 1.5278 12.864 -4.2419 -9.3739 19.539 4.1917 -7.994 8.5489 6.0303 -12.51 -3.7032 4.932
0 0 3 1 80.25 -19.188 -2.4146 7.3185 -2.1828 -11.164 7.0876 6.1507 2.0117 0.49333 15.189 -2.2028 -22.673 6.4191
0 0 3 1 81.107 -22.39 -1.2466 10.952 -3.6617 -9.8333 10.168 3.6916 -1.0257 3.4013 11.141 -0.86963 -15.83 2.1379
0 0 3 1 81.18 -22.543 -1.4883 11.365 -3.5902 -10.776 9.7288 2.9628 -1.3539 3.496 10.546 -1.0573 -15.462 1.7295
0 0 3 1 80.862 -22.454 -1.9419 11.891 -3.223 -12.85 9.4408 1.9017 -2.0394 2.6074 9.3818 -1.4221 -14.855 1.0759
0 0 3 1 80.273 -23.132 -0.88684 9.2681 -3.7965 -10.029 15.128 0.2147 -10.118 8.3633 4.6059 -10.286 -2.5337 4.7105
0 0 3 1 80.717 -23.332 -1.5231 12.194 -4.5787 -10.204 16.402 -0.59801 -5.0981 8.2093 2.8156 -7.1589 -4.1446 1.1189
0 0 3 1 81.647 -22.378 -2.2602 12.244 -0.073448 -9.4653 10.293 2.5146 0.36665 2.237 6.0822 -1.9819 -12.399 3.3079
0 0 3 1 81.677 -22.6 -2.5494 12.391 -0.034316 -10.245 10.717 2.0402 0.41632 2.4307 4.773 -1.9739 -11.613 2.6904
0 0 3 1 81.677 -22.6 -2.5494 12.391 -0.034316 -10.245 10.717 2.0402 0.41632 2.4307 4.773 -1.9739 -11.613 2.6904
0 0 3 1 79.036 -23.824 2.0435 16.316 -6.0871 -15.125 14.356 0.90016 -9.9959 8.2223 2.5309 -8.8038 -3.8535 1.9833
0 0 3 1 84.015 -20.603 -1.6716 10.537 -1.4939 -11.305 10.309 0.87242 -5.6023 4.6577 8.7436 -6.2316 -12.856 4.7193
0 0 3 1 83.739 -21.124 -1.6001 11.168 -1.4109 -12.022 10.984 0.46535 -5.8327 4.6004 7.7763 -6.2454 -11.74 4.2893
0 0 3 1 83.328 -21.592 -1.6864 11.533 -1.2332 -12.593 11.861 0.16698 -6.2817 4.0885 7.0023 -5.6453 -10.543 3.7705
0 0 3 1 78.538 -22.765 2.5212 14.659 -4.288 -6.8202 17.292 -4.0416 0.52914 5.4165 -0.21572 -6.9356 -4.4729 -1.801
0 0 3 1 79.085 -22.839 -3.8813 15.998 5.9634 -16.636 7.168 8.0218 0.74675 -11.128 4.7629 0.40828 -12.171 -5.1058
0 0 3 1 78.776 -22.96 3.195 13.311 -4.2114 -3.5716 11.281 -0.7646 -2.6174 -1.3285 -3.3467 -4.232 -10.365 1.4204
0 0 3 1 79.29 -22.221 3.2789 12.994 -4.996 -4.6722 10.365 -1.8 -2.0682 0.24166 -3.3388 -2.3432 -8.9661 0.54043
0 0 3 1 79.775 -22.542 -0.38167 15.393 0.9355 -16.478 16.492 6.9864 -7.3686 -0.84397 10.181 -5.7535 -16.943 2.1762
0 0 3 1 79.188 -23.033 1.383 16.216 -4.3289 -7.9752 15.2 -1.1883 -0.83776 3.7264 -3.0751 -5.1134 -4.5568 -1.5878
0 0 3 1 79.312 -22.53 3.0708 12.127 -5.3438 -5.2289 10.664 3.1447 -1.7131 0.19917 2.0758 -2.6187 -14.111 0.40114
0 0 3 1 79.919 -21.922 3.0272 12.506 -5.5142 -5.9552 11.045 1.7006 -1.675 2.0485 0.81031 -1.3691 -12.533 0.33985
0 0 3 1 83.409 -21.069 -3.8267 9.3515 2.9487 -16.275 7.9347 8.5131 -0.67814 -1.9916 5.9235 -2.0912 -8.1087 5.2714
0 0 3 1 83.212 -21.266 -3.2308 10.24 3.1238 -16.511 8.2709 5.7917 -0.85599 -1.6879 5.1119 -2.0175 -8.0651 5.198
0 0 3 1 79.19 -22.513 1.2313 13.855 -6.1637 -8.7102 13.234 -3.8308 -1.022 6.8903 -1.6923 -8.6464 -2.4022 0.34665
0 0 3 1 78.108 -24.607 2.1042 12.036 -5.4067 -4.5747 8.593 -0.62365 -5.8579 -2.1998 2.5851 -1.1168 -10.599 1.6637
0 0 3 1 78.33 -24.63 1.9375 12.127 -5.0912 -4.5319 9.3512 -0.68025 -5.8325 -1.3635 2.3467 -1.0466 -10.407 1.8207
0 0 3 1 80.309 -21.429 -1.9401 11.262 0.10793 -16.049 15.079 5.1112 -6.5789 -4.0658 9.4125 0.11179 -10.062 6.2939
0 0 3 1 77.286 -23.147 0.15295 14.577 -7.4776 -10.289 17.188 -2.6251 -2.8449 4.3483 -2.8186 -4.3884 -4.7762 -0.43655
0 0 3 1 78.002 -25.128 2.6289 12.984 -6.8608 -9.583 7.187 2.1658 -1.9145 1.9262 2.8899 -0.084223 -8.454 0.71826
0 0 3 1 83.347 -21.93 -8.8953 8.3057 3.0335 -16.257 8.1271 5.4047 -2.3922 -4.758 4.85 -0.46367 -6.3715 1.5402
0 0 3 1 83.347 -21.93 -8.8953 8.3057 3.0335 -16.257 8.1271 5.4047 -2.3922 -4.758 4.85 -0.46367 -6.3715 1.5402
0 0 3 1 77.459 -23.874 -0.23133 12.053 -7.0974 -9.4387 16.734 -4.8024 -4.2591 7.6105 -0.55857 -4.7611 -4.5724 0.60037
0 0 3 1 83.669 -21.181 -4.3268 11.071 -0.98972 -14.703 12.312 -5.1498 -7.8135 0.39716 8.0212 -0.26965 -6.3026 6.7031
0 0 3 1 83.669 -21.181 -4.3268 11.071 -0.98972 -14.703 12.312 -5.1498 -7.8135 0.39716 8.0212 -0.26965 -6.3026 6.7031
0 0 3 1 78.635 -24.125 0.51909 12.662 -1.8447 -9.68 10.543 1.3542 -4.5402 0.5265 1.8052 -1.0545 -10.692 1.5829
0 0 3 1 78.664 -24.16 0.26654 12.668 -1.1445 -9.6938 11.166 1.035 -4.7843 0.63873 1.5586 -1.0647 -10.508 2.0162
0 0 3 1 85.011 -21.193 -5.8639 7.6413 1.2612 -9.1994 12.3 -1.4453 -11.097 -1.2545 6.6671 -3.4992 -3.2304 5.9964
0 0 3 1 78.663 -24.092 -2.9166 12.121 1.1938 -17.854 12.431 1.906 -0.19657 -6.8692 8.3596 -1.1939 -12.379 5.1256
0 0 3 1 79.555 -25.109 -3.6439 13.743 0.29344 -16.991 8.3248 5.0585 -2.8438 5.4842 -1.2735 -1.7142 1.6732 1.3398
0 0 3 1 80.138 -23.234 -3.6395 10.006 -0.36782 -16.415 15.324 6.0676 -4.5685 4.5486 15.025 -3.7405 -13.909 5.8589
0 0 3 1 77.208 -23.259 1.3572 15.274 -7.0828 -12.381 16.392 -3.2089 -3.8008 4.4469 -1.0428 -3.3635 -2.2637 -1.1402
0 0 3 1 77.56 -22.475 -2.0654 13.815 -2.3661 -17.156 17.526 2.1331 -5.3828 -5.8384 10.651 -0.78413 -14.571 6.1189
0 0 3 1 77.819 -23.394 0.83625 12.736 -0.88193 -15.13 12.518 3.207 -7.4376 1.102 10.166 -7.0869 -9.1241 4.4621
0 0 3 1 77.058 -22.464 -0.68655 17.515 -5.4774 -10.245 14.484 -1.6923 -3.4026 2.7456 -0.43034 -0.96746 -4.5178 -2.5158
0 0 3 1 77.332 -23.119 -2.9913 13.237 0.82192 -17.914 13.879 4.2879 -1.6958 -3.9433 7.1772 2.3482 -10.669 7.5504
0 0 3 1 76.219 -21.251 1.0148 9.7601 1.5954 -15.175 15.835 4.1843 -11.418 7.8049 6.234 -6.1473 -6.0723 6.7178
0 0 3 1 79.205 -22.916 -3.8311 10.621 -2.6242 -15.116 9.1782 1.9057 -5.8968 0.50622 9.0998 -3.7937 -12.57 2.7394
0 0 3 1 76.504 -22.787 0.6065 10.717 0.45132 -16.659 12.804 5.1294 -10.954 5.1909 5.8972 -8.6907 -9.6908 5.2933
0 0 3 1 78.405 -24.414 -3.2179 14.724 -3.074 -14.716 16.648 -1.853 2.0766 0.813 0.5282 -1.2907 -4.6532 -1.0887
0 0 3 1 79.362 -22.832 -1.566 12.678 -3.5085 -17.602 15.772 3.471 -1.0221 -9.0306 9.5336 -0.58835 -11.982 5.6449
0 0 3 1 79.15 -23.326 -2.0423 12.768 -3.2599 -17.964 15.96 3.4126 0.061947 -8.3512 8.8414 -0.71653 -11.859 5.3822
0 0 3 1 78.13 -24.744 -0.27754 11.356 -1.0687 -12.814 11.176 3.8387 -7.8004 2.2088 6.2001 -7.4947 -1.7265 7.8042
0 0 3 1 76.779 -22.782 1.4009 14.513 -9.4965 -11.185 20.216 -2.1614 -3.9086 4.6281 -0.51789 -1.7542 -2.1466 0.035643
0 0 3 1 81.419 -20.979 -2.3176 8.3919 -0.12274 -17.622 10.259 2.6283 -6.3948 1.9194 11.212 -5.6057 -10.899 10.32
