0 0 3 0 86.198 -14.391 -6.3022 7.6019 -7.2512 -1.9622 0.31769 -4.101 2.4502 5.9724 5.3283 -15.47 -10.209 7.0357
0 0 3 0 87.402 -15.281 -9.6872 7.9449 -7.296 -2.5666 0.61029 -5.775 3.5378 0.66764 4.7192 -12.522 -7.6609 6.6898
0 0 3 0 87.388 -15.609 -10.028 8.437 -7.4592 -2.7659 0.72063 -5.4237 3.0585 0.14193 4.4773 -11.519 -6.5108 6.2462
0 0 3 0 86.147 -14.827 -6.9532 7.7888 -4.5789 -2.3938 0.60328 -2.7029 3.5998 3.3743 4.8144 -15.526 -11.513 7.9914
0 0 3 0 87.037 -15.537 -8.8038 10.986 -3.4436 -3.2574 1.5242 -4.1158 0.31742 -0.034402 4.5292 -12.259 -6.3048 4.5386
0 0 3 0 86.64 -15.16 -8.1932 8.7993 -6.3068 -1.5907 -0.31794 -4.281 0.06056 2.8248 6.8538 -13.287 -5.0644 8.1545
0 0 3 0 87.002 -15.191 -8.3206 11.042 -5.3172 -2.7333 0.039494 -3.1949 -0.10027 2.2991 6.777 -11.823 -4.7903 7.3859
0 0 3 0 86.645 -15.277 -7.0033 9.1073 -5.8059 -1.8992 0.25153 -5.1339 1.2294 7.1146 3.4146 -13.934 -7.9404 5.6759
0 0 3 0 87.769 -15.062 -7.7228 9.8431 -6.043 -2.0444 -1.7166 -6.0451 2.7043 2.911 4.3351 -11.138 -7.453 5.3955
0 0 3 0 87.936 -15.145 -7.9698 10.341 -6.2604 -2.3646 -1.8882 -6.0628 2.525 1.5807 4.0208 -10.61 -7.1127 4.6259
0 0 3 0 86.941 -15.891 -6.6693 8.3384 -8.3264 -2.2224 0.58905 -6.977 1.7733 2.3407 3.5958 -16.501 -6.4335 7.7052
0 0 3 0 87.064 -16.171 -6.9201 8.5616 -8.5231 -2.5911 0.60399 -7.1687 1.6933 1.0419 2.8738 -16.459 -6.393 6.9861
0 0 3 0 85.562 -15.949 -5.6301 8.331 -6.3628 -1.4936 -1.6357 -4.8439 1.5414 2.1693 4.0014 -14.53 -11.068 9.096
0 0 3 0 86.812 -17.781 -7.7046 10.806 -3.9133 -3.3106 -1.3708 -7.394 1.5284 0.9883 4.4971 -12.561 -7.499 4.4624
0 0 3 0 86.812 -17.781 -7.7046 10.806 -3.9133 -3.3106 -1.3708 -7.394 1.5284 0.9883 4.4971 -12.561 -7.499 4.4624
0 0 3 0 87.008 -15.94 -6.7515 10.029 -6.2153 -1.2738 -0.65339 -6.6504 2.3056 5.0105 2.8461 -15.044 -8.7183 6.3789
0 0 3 0 87.077 -16.013 -6.7418 10.75 -6.3046 -1.6293 -1.0462 -7.0188 1.7718 4.0966 2.4285 -14.327 -7.6852 6.0342
0 0 3 0 87.045 -16.536 -9.4098 7.2509 -8.0034 -2.9697 -2.5411 -6.6427 1.0365 1.6778 4.0508 -10.193 -5.9183 7.6416
0 0 3 0 87.045 -16.536 -9.4098 7.2509 -8.0034 -2.9697 -2.5411 -6.6427 1.0365 1.6778 4.0508 -10.193 -5.9183 7.6416
0 0 3 0 85.854 -15.615 -7.0135 9.1662 -5.7984 -3.4045 -4.0067 -1.226 0.24724 3.71 1.623 -11.764 -11.009 2.515
0 0 3 0 87.429 -15.934 -8.0413 10.475 -6.3191 -3.1054 -0.96752 -5.5864 1.9809 4.0497 2.7697 -11.602 -6.9232 7.6129
0 0 3 0 87.36 -16.22 -8.1908 11.442 -5.9508 -3.3915 -0.77387 -5.4199 2.0457 3.7607 2.6 -11.449 -6.4538 6.9481
0 0 3 0 87.108 -16.615 -8.6374 8.274 -8.2817 -2.9572 -1.4966 -6.3569 0.49173 3.3234 2.4306 -16.566 -7.955 5.076
0 0 3 0 87.155 -16.766 -8.6426 9.0584 -7.8924 -3.3421 -1.4968 -6.7188 -0.43065 1.91 1.8006 -16.238 -7.3003 4.1679
0 0 3 0 86.267 -16.378 -7.5098 8.3007 -7.9315 -1.8738 -0.50851 -7.8209 2.7359 6.6149 4.3117 -15.819 -7.3676 8.0598
0 0 3 0 86.378 -16.598 -7.5516 8.8348 -7.8941 -1.6703 -0.22317 -7.5735 2.1973 5.5196 3.6705 -15.34 -6.4654 7.017
0 0 3 0 86.979 -17.084 -7.8732 11.521 -3.5667 -0.96708 -0.66908 -5.2684 1.4763 4.5134 4.7976 -10.427 -6.431 5.6093
0 0 3 0 86.979 -17.084 -7.8732 11.521 -3.5667 -0.96708 -0.66908 -5.2684 1.4763 4.5134 4.7976 -10.427 -6.431 5.6093
0 0 3 0 84.822 -15.907 -5.2144 7.3114 -6.1262 -2.0994 -0.3049 -2.0675 -0.75321 3.7675 1.8235 -15.041 -8.3864 8.814
0 0 3 0 86.428 -16.184 -7.551 10.395 -3.7229 -1.9065 -0.25376 -3.1362 -1.0257 2.5403 1.1118 -11.929 -8.6798 6.4333
0 0 3 0 86.619 -16.271 -8.1034 12.272 -3.7596 -3.1898 -0.76452 -3.3921 -1.8681 1.7224 0.40095 -10.882 -8.0443 4.9811
0 0 3 0 86.479 -16.298 -5.7133 9.9278 -7.0353 -3.1765 -0.23999 -6.352 -0.30912 5.8697 2.3179 -12.389 -9.2006 6.3485
0 0 3 0 86.479 -16.298 -5.7133 9.9278 -7.0353 -3.1765 -0.23999 -6.352 -0.30912 5.8697 2.3179 -12.389 -9.2006 6.3485
0 0 3 0 86.479 -16.298 -5.7133 9.9278 -7.0353 -3.1765 -0.23999 -6.352 -0.30912 5.8697 2.3179 -12.389 -9.2006 6.3485
0 0 3 0 86.167 -16.684 -5.6067 11.112 -6.7417 -0.70217 0.76859 -3.7567 -2.8833 -0.089554 0.3445 -12.493 -5.1444 5.2789
0 0 3 0 86.167 -16.684 -5.6067 11.112 -6.7417 -0.70217 0.76859 -3.7567 -2.8833 -0.089554 0.3445 -12.493 -5.1444 5.2789
0 0 3 0 85.022 -16.298 -3.2045 11.646 -7.8617 -1.5456 -1.5009 -4.1168 -3.0746 7.2081 2.0645 -14.754 -5.5796 7.1925
0 0 3 0 85.221 -16.73 -3.4983 12.135 -7.5978 -1.954 -1.7731 -4.3781 -2.6014 6.6494 1.9966 -13.955 -5.3436 7.212
0 0 3 0 85.274 -17.086 -3.6377 12.72 -7.3926 -2.4051 -2.0934 -4.6644 -2.5923 5.8408 1.5903 -13.206 -5.165 7.0934
0 0 3 0 85.688 -17.314 -5.8433 9.908 -9.938 -2.8011 0.356 -1.5858 -3.5636 -0.59055 1.8143 -14.842 -5.9583 3.635
0 0 3 0 85.688 -17.314 -5.8433 9.908 -9.938 -2.8011 0.356 -1.5858 -3.5636 -0.59055 1.8143 -14.842 -5.9583 3.635
0 0 3 0 85.543 -17.23 -4.897 10.489 -8.8173 -4.0483 -1.8695 -3.3576 -5.8651 2.9584 0.9239 -14.949 -8.4996 5.3917
0 0 3 0 85.543 -17.23 -4.897 10.489 -8.8173 -4.0483 -1.8695 -3.3576 -5.8651 2.9584 0.9239 -14.949 -8.4996 5.3917
0 0 3 0 85.64 -17.55 -4.9154 11.025 -8.7793 -4.4228 -2.1282 -3.5351 -6.3575 2.5851 0.86127 -14.211 -7.6771 5.0244
0 0 3 0 85.313 -16.092 -4.6856 8.4973 -8.4931 -2.0413 -0.63746 -1.8796 0.37024 6.7987 3.7372 -14.883 -7.5219 7.1821
0 0 3 0 86.574 -16.651 -6.3436 9.0605 -7.9019 -1.6863 0.20069 -3.1114 0.58537 4.1028 2.0926 -12.869 -6.7037 5.7608
0 0 3 0 86.7 -16.842 -6.5197 9.7225 -7.5858 -1.5606 0.59741 -3.3312 -0.086308 3.0322 1.4213 -12.428 -6.5002 5.1204
0 0 3 0 86.05 -16.912 -5.3951 9.3116 -8.7731 -3.5529 0.76591 -3.2954 -4.1843 3.0922 2.2117 -13.256 -7.6496 5.2186
0 0 3 0 86.05 -16.912 -5.3951 9.3116 -8.7731 -3.5529 0.76591 -3.2954 -4.1843 3.0922 2.2117 -13.256 -7.6496 5.2186
0 0 3 0 86.032 -17.313 -5.6269 9.9975 -8.3192 -3.5017 1.6599 -2.8762 -4.3252 2.3599 1.9899 -12.359 -7.1911 4.822
0 0 3 0 86.138 -16.753 -5.2968 11.548 -6.4411 -2.7135 -0.84961 -3.6623 -0.52799 5.1182 1.918 -11.453 -7.9764 7.9805
0 0 3 0 86.314 -17.101 -5.7282 11.983 -6.5484 -2.9543 -0.76149 -3.4803 -0.64355 4.7043 1.598 -10.816 -7.2321 7.7919
0 0 3 0 86.314 -17.101 -5.7282 11.983 -6.5484 -2.9543 -0.76149 -3.4803 -0.64355 4.7043 1.598 -10.816 -7.2321 7.7919
0 0 3 0 85.234 -16.63 -4.7968 7.9793 -6.1876 -1.6158 -1.4081 -3.4837 -2.0544 6.9108 4.4217 -10.822 -7.0453 9.1547
0 0 3 0 86.707 -17.722 -7.0391 9.7464 -4.6097 -1.9027 0.85302 -4.3647 0.27678 5.0966 1.7122 -10.846 -8.7803 7.1945
0 0 3 0 86.697 -17.996 -7.1402 10.48 -4.144 -2.0983 1.2374 -4.3466 0.18217 4.4127 1.1131 -10.95 -8.8574 6.4688
0 0 3 0 86.697 -17.996 -7.1402 10.48 -4.144 -2.0983 1.2374 -4.3466 0.18217 4.4127 1.1131 -10.95 -8.8574 6.4688
0 0 3 0 86.689 -16.116 -6.8287 9.5001 -7.0751 -1.4855 1.6216 -3.4143 1.152 6.9152 3.859 -13.651 -10.137 6.9715
0 0 3 0 86.764 -16.408 -6.8426 10.2 -7.1141 -1.3385 2.3478 -2.7548 1.1353 6.7132 3.4732 -13.385 -9.9236 6.4497
0 0 3 0 86.764 -16.408 -6.8426 10.2 -7.1141 -1.3385 2.3478 -2.7548 1.1353 6.7132 3.4732 -13.385 -9.9236 6.4497
0 0 3 0 85.381 -15.565 -5.3762 8.239 -6.5554 -4.0919 -2.9384 -4.4064 2.4695 7.6435 4.3234 -16.887 -10.984 7.8353
0 0 3 0 86.769 -16.783 -7.7516 11.144 -5.5362 -4.3206 -1.9077 -5.0731 2.8892 4.3364 2.5143 -10.108 -7.8497 7.6167
0 0 3 0 86.769 -16.783 -7.7516 11.144 -5.5362 -4.3206 -1.9077 -5.0731 2.8892 4.3364 2.5143 -10.108 -7.8497 7.6167
0 0 3 0 84.6 -15.485 -6.2554 6.2379 -8.6706 -5.6478 -4.1255 -4.3137 0.30999 4.5284 1.0721 -15.831 -11.196 7.6929
0 0 3 0 86.423 -17.416 -10.116 8.1634 -8.9734 -4.6729 -1.3646 -6.6834 2.8735 3.657 2.0824 -14.087 -8.4985 9.1935
0 0 3 0 86.488 -17.503 -10.051 9.2796 -8.66 -4.4665 -1.1274 -6.1433 2.6073 3.7584 2.0096 -13.066 -7.577 9.2804
0 0 3 0 86.915 -14.95 -6.7551 9.2543 -7.6698 -3.5337 -1.8845 -7.1553 2.0447 6.559 5.1029 -11.325 -8.0163 11.324
0 0 3 0 87.129 -15.674 -7.4989 11.327 -6.6589 -3.6126 -0.93783 -6.8463 2.6141 6.2394 4.0225 -10.255 -7.0236 10.411
0 0 3 0 87.129 -15.674 -7.4989 11.327 -6.6589 -3.6126 -0.93783 -6.8463 2.6141 6.2394 4.0225 -10.255 -7.0236 10.411
0 0 3 0 87.214 -15.824 -8.4174 10.714 -6.0454 -0.94098 1.2205 -5.623 1.6772 5.0627 0.077892 -9.6652 -7.9075 10.96
0 0 3 0 87.214 -15.824 -8.4174 10.714 -6.0454 -0.94098 1.2205 -5.623 1.6772 5.0627 0.077892 -9.6652 -7.9075 10.96
0 0 3 0 87.214 -15.824 -8.4174 10.714 -6.0454 -0.94098 1.2205 -5.623 1.6772 5.0627 0.077892 -9.6652 -7.9075 10.96
0 0 3 0 87.02 -16.365 -7.5138 10.761 -5.5373 -1.7541 -0.87721 -7.5413 1.1479 3.4218 2.1004 -13.839 -6.7899 7.4181
0 0 3 0 87.02 -16.365 -7.5138 10.761 -5.5373 -1.7541 -0.87721 -7.5413 1.1479 3.4218 2.1004 -13.839 -6.7899 7.4181
0 0 3 0 86.65 -15.473 -6.0194 8.3544 -6.0445 -1.0592 -0.47293 -5.6971 2.8809 7.4516 6.0179 -14.012 -8.5534 5.0141
0 0 3 0 86.944 -15.85 -6.604 10.399 -4.8756 -2.4298 -0.21087 -4.1013 -0.29576 6.0729 4.8981 -13.326 -6.6578 3.9102
0 0 3 0 86.806 -16.242 -6.8782 8.7453 -5.3016 0.075862 0.23075 -7.9139 -1.0986 2.8352 3.3722 -13.216 -5.9862 10.183
0 0 3 0 86.806 -16.242 -6.8782 8.7453 -5.3016 0.075862 0.23075 -7.9139 -1.0986 2.8352 3.3722 -13.216 -5.9862 10.183
0 0 3 0 85.491 -15.362 -7.0526 9.2076 -6.8035 -3.5013 -2.79 -2.341 -0.78417 5.7272 3.4505 -11.973 -9.249 5.0145
0 0 3 0 86.691 -16.455 -9.4446 8.8086 -7.7033 -1.8782 -1.1858 -6.3546 0.88617 5.1385 4.1578 -12.623 -6.401 8.4535
0 0 3 0 86.661 -16.796 -9.6211 9.8623 -7.2672 -2.2076 -1.3274 -6.9812 0.15275 3.7592 3.0012 -12.629 -6.743 7.6483
0 0 3 0 85.638 -15.103 -6.8237 7.4223 -8.5986 -4.3157 0.58999 -3.3144 -0.93395 3.6693 -0.66812 -12.656 -8.9015 5.9246
0 0 3 0 87.283 -15.156 -8.7609 9.6988 -5.9726 -1.6406 1.9036 -5.8797 2.0176 3.0546 3.3603 -9.2592 -9.4411 6.1585
0 0 3 0 87.215 -15.376 -8.7838 10.992 -5.3442 -1.8396 1.6925 -6.4267 1.2611 2.7411 3.2166 -8.5519 -9.3259 5.399
0 0 3 0 86.821 -15.07 -8.7819 9.8449 -5.8687 -3.5898 -0.50628 -3.6953 4.6017 6.5365 2.781 -11.989 -5.9598 7.9311
0 0 3 0 86.937 -15.35 -9.5216 10.396 -5.9393 -3.4066 -0.30337 -3.6264 4.2425 5.8756 2.4574 -10.976 -4.9599 7.0248
0 0 3 0 86.937 -15.35 -9.5216 10.396 -5.9393 -3.4066 -0.30337 -3.6264 4.2425 5.8756 2.4574 -10.976 -4.9599 7.0248
0 0 3 0 85.771 -15.761 -6.0914 9.9328 -8.2936 -3.4142 1.3694 -6.0311 1.6644 6.7624 1.3085 -17.062 -6.0382 7.5327
0 0 3 0 86.659 -15.722 -8.1017 9.115 -6.4573 -2.2902 1.3945 -6.1794 3.9185 4.7448 1.8095 -13.604 -6.4868 9.0661
0 0 3 0 86.867 -16.354 -9.2232 10.128 -5.8656 -1.6788 1.2842 -5.9617 3.8993 2.7926 0.7708 -12.043 -6.2565 7.9423
0 0 3 0 85.118 -15.002 -4.819 7.7469 -6.475 -2.7223 -0.91025 -4.1685 1.9947 5.1554 5.9929 -13.062 -13.085 8.0616
0 0 3 0 86.795 -16.644 -7.8207 10.195 -5.372 -0.61459 2.0795 -5.5364 3.6297 6.4059 3.9615 -11.101 -8.7229 7.932
0 0 3 0 86.795 -16.644 -7.8207 10.195 -5.372 -0.61459 2.0795 -5.5364 3.6297 6.4059 3.9615 -11.101 -8.7229 7.932
0 0 3 0 86.795 -16.644 -7.8207 10.195 -5.372 -0.61459 2.0795 -5.5364 3.6297 6.4059 3.9615 -11.101 -8.7229 7.932
0 0 3 0 85.968 -15.423 -6.2566 7.2881 -6.9587 -2.6052 1.0838 -2.8494 0.59246 9.3953 5.5294 -14.115 -6.9472 6.757
0 0 3 0 87.356 -15.697 -8.3321 8.9632 -5.3639 -3.1574 -1.0603 -5.7472 0.93596 4.378 2.7975 -11.816 -9.0141 4.7846
0 0 3 0 87.356 -15.697 -8.3321 8.9632 -5.3639 -3.1574 -1.0603 -5.7472 0.93596 4.378 2.7975 -11.816 -9.0141 4.7846
0 0 3 0 87.223 -15.674 -8.6849 11.233 -6.8354 -2.9766 -0.34847 -4.2361 4.7057 4.148 0.68383 -12.922 -6.8508 8.0912
0 0 3 0 87.223 -15.674 -8.6849 11.233 -6.8354 -2.9766 -0.34847 -4.2361 4.7057 4.148 0.68383 -12.922 -6.8508 8.0912
0 0 3 0 87.209 -16.312 -7.5492 8.8367 -5.7204 -1.7744 -1.4679 -6.008 0.43053 4.1489 2.8241 -14.218 -6.2505 6.3647
0 0 3 0 87.329 -16.48 -7.5211 9.8939 -5.2008 -1.6693 -1.1892 -5.6596 -0.10985 3.8706 2.5612 -13.43 -5.2284 6.2206
0 0 3 0 85.486 -15.17 -4.6628 8.3295 -5.92 -1.4532 -1.1129 -0.74312 3.7706 6.4232 4.0112 -14.923 -13.231 9.1813
0 0 3 0 86.868 -16.131 -8.7604 9.8851 -6.5527 -2.1987 -0.60005 -4.3075 3.2476 4.3529 4.0303 -11.094 -8.0873 7.3321
0 0 3 0 86.868 -16.131 -8.7604 9.8851 -6.5527 -2.1987 -0.60005 -4.3075 3.2476 4.3529 4.0303 -11.094 -8.0873 7.3321
0 0 3 0 85.093 -15.208 -5.229 8.2335 -5.2079 -3.8408 -5.0826 -5.6876 -1.3222 1.0229 4.4278 -12.519 -10.939 8.7012
0 0 3 0 86.766 -15.863 -6.584 7.8351 -7.1562 -1.5917 -1.9287 -8.2979 -0.41731 6.0679 2.3594 -13.928 -6.8718 10.241
0 0 3 0 86.894 -16.16 -6.749 8.6096 -6.9876 -1.4651 -1.5075 -8.0682 -0.53738 5.7374 1.5251 -13.897 -6.8128 9.3106
0 0 3 0 86.894 -16.16 -6.749 8.6096 -6.9876 -1.4651 -1.5075 -8.0682 -0.53738 5.7374 1.5251 -13.897 -6.8128 9.3106
0 0 3 0 86.707 -16.615 -7.0908 9.605 -7.2617 -0.48727 0.61054 -5.1585 0.22873 3.5339 4.864 -14.17 -4.2863 6.1702
0 0 3 0 86.707 -16.615 -7.0908 9.605 -7.2617 -0.48727 0.61054 -5.1585 0.22873 3.5339 4.864 -14.17 -4.2863 6.1702
0 0 3 0 86.422 -16.205 -6.7927 9.7224 -6.541 0.28642 1.327 -5.0224 -0.86155 4.8452 4.8291 -15.183 -7.5794 8.6897
0 0 3 0 86.513 -16.416 -6.9776 10.323 -6.4489 0.48081 1.3495 -5.1824 -1.2259 4.2723 4.3314 -14.869 -7.1448 8.2008
0 0 3 0 85.81 -16.012 -5.9443 11.786 -7.573 -4.2026 0.44723 -5.1775 -2.9838 3.0858 3.0575 -11.369 -7.8882 10.023
0 0 3 0 85.81 -16.012 -5.9443 11.786 -7.573 -4.2026 0.44723 -5.1775 -2.9838 3.0858 3.0575 -11.369 -7.8882 10.023
0 0 3 0 85.81 -16.012 -5.9443 11.786 -7.573 -4.2026 0.44723 -5.1775 -2.9838 3.0858 3.0575 -11.369 -7.8882 10.023
0 0 3 0 85.827 -15.483 -6.3841 9.776 -5.7964 -1.4004 4.8137 -2.6759 0.85909 6.4908 5.6702 -12.962 -7.9313 5.6652
0 0 3 0 86.03 -15.632 -6.5523 10.571 -5.936 -2.0566 4.6334 -1.9926 0.89055 6.4881 5.3151 -12.409 -7.8603 4.9387
0 0 3 0 85.779 -15.875 -5.336 11.254 -6.1986 -2.7181 1.6186 -3.5111 -0.78646 6.4476 3.9569 -11.472 -6.2386 9.8372
0 0 3 0 85.92 -16.205 -5.8403 11.496 -6.4276 -2.8189 2.2825 -2.4558 -0.81166 6.5801 4.118 -10.494 -6.1573 9.1071
0 0 3 0 85.92 -16.205 -5.8403 11.496 -6.4276 -2.8189 2.2825 -2.4558 -0.81166 6.5801 4.118 -10.494 -6.1573 9.1071
0 0 3 0 85.859 -16.561 -6.0074 11.212 -7.7556 -1.2154 1.1644 -4.5704 1.8798 6.005 2.8147 -15.085 -9.1027 8.9201
0 0 3 0 85.859 -16.561 -6.0074 11.212 -7.7556 -1.2154 1.1644 -4.5704 1.8798 6.005 2.8147 -15.085 -9.1027 8.9201
0 0 3 0 85.325 -15.797 -5.7482 9.8108 -10.484 -2.623 3.1981 -4.7503 -1.4691 7.1274 2.5064 -12.862 -8.6268 10.65
0 0 3 0 85.431 -16.088 -5.8254 10.177 -10.606 -2.9209 3.0078 -4.5857 -1.4901 6.8541 2.1676 -12.175 -8.4834 10.259
0 0 3 0 84.338 -15.094 -3.3923 8.5758 -10.007 -4.3179 0.27537 -5.5801 -0.42458 3.9404 4.9476 -15.839 -4.5491 11.08
0 0 3 0 85.56 -16.355 -4.6713 9.3889 -8.9382 -4.5297 2.9169 -4.2694 -2.8442 5.2403 5.5281 -13.153 -3.3235 7.1217
0 0 3 0 85.312 -17.014 -4.0549 9.9194 -10.86 -4.7638 1.8738 -6.1745 -0.58801 3.4014 2.4848 -15.578 -6.7036 5.2651
0 0 3 0 85.407 -17.233 -4.1211 10.495 -11.159 -5.4634 1.5724 -5.7945 -0.85325 2.8238 2.341 -14.728 -5.9814 4.7482
0 0 3 0 85.403 -17.331 -5.7649 10.562 -9.1813 -2.1004 1.0158 -4.4248 -2.9252 1.5137 1.4891 -10.894 -6.9562 3.8074
0 0 3 0 85.403 -17.331 -5.7649 10.562 -9.1813 -2.1004 1.0158 -4.4248 -2.9252 1.5137 1.4891 -10.894 -6.9562 3.8074
0 0 3 0 84.877 -17.977 -3.5496 11.725 -6.8058 -2.3361 -0.40379 -6.0693 -7.1347 3.8333 2.8566 -13.637 -7.5247 5.9908
0 0 3 0 84.877 -17.977 -3.5496 11.725 -6.8058 -2.3361 -0.40379 -6.0693 -7.1347 3.8333 2.8566 -13.637 -7.5247 5.9908
0 0 3 0 84.877 -17.977 -3.5496 11.725 -6.8058 -2.3361 -0.40379 -6.0693 -7.1347 3.8333 2.8566 -13.637 -7.5247 5.9908
0 0 3 0 85.508 -16.234 -2.6315 11.317 -8.631 -2.6407 1.6397 -4.3549 -2.1427 5.4861 4.3432 -10.715 -5.9369 8.1437
0 0 3 0 85.825 -16.429 -2.6515 11.973 -8.8225 -3.2956 1.4191 -4.3173 -1.881 4.9935 3.7008 -11.296 -5.9019 7.5179
0 0 3 0 85.825 -16.429 -2.6515 11.973 -8.8225 -3.2956 1.4191 -4.3173 -1.881 4.9935 3.7008 -11.296 -5.9019 7.5179
0 0 3 0 85.049 -16.495 -3.2904 11.273 -10.319 -3.6256 0.3265 -2.824 -4.5688 3.7448 1.9583 -13.658 -6.5796 5.7001
0 0 3 0 85.049 -16.495 -3.2904 11.273 -10.319 -3.6256 0.3265 -2.824 -4.5688 3.7448 1.9583 -13.658 -6.5796 5.7001
0 0 3 0 85.049 -16.495 -3.2904 11.273 -10.319 -3.6256 0.3265 -2.824 -4.5688 3.7448 1.9583 -13.658 -6.5796 5.7001
0 0 3 0 85.506 -16.616 -4.494 10.967 -7.6323 -2.6027 -0.22219 -4.4686 -1.7292 3.2338 5.0947 -11.436 -7.4763 8.4745
0 0 3 0 85.572 -16.942 -4.5824 11.511 -7.5676 -3.115 -0.41117 -4.4954 -1.9145 2.6454 4.7756 -11.752 -7.5347 7.8816
0 0 3 0 85.054 -17.563 -3.8736 12.606 -7.6174 -2.9045 -0.54207 -3.916 0.59888 5.3101 3.7796 -12.698 -9.2231 6.2656
0 0 3 0 85.148 -17.789 -3.9016 13.056 -7.7792 -2.9911 -0.82051 -3.976 0.4065 5.1557 3.4885 -12.828 -9.5089 5.4011
