1 1 3 2 66.547 -20.988 1.5833 7.0254 -3.2221 -5.6143 5.8273 -2.2436 -7.1411 1.8053 2.3548 -3.8363 -2.5481 5.8954
1 1 3 2 66.547 -20.988 1.5833 7.0254 -3.2221 -5.6143 5.8273 -2.2436 -7.1411 1.8053 2.3548 -3.8363 -2.5481 5.8954
1 1 3 2 67.064 -20.573 1.9461 7.2487 -2.9141 -5.6361 6.0678 -2.9381 -7.7839 1.1919 1.8417 -4.0156 -2.5519 5.3162
1 1 3 2 66.45 -20.894 1.1108 6.1156 -4.5539 -7.832 6.9565 -1.4556 -7.0484 2.7998 5.5726 -1.8509 -3.6897 4.4823
1 1 3 2 66.596 -20.914 1.1359 5.9469 -4.8516 -8.485 7.1064 -1.5046 -6.743 3.7321 5.7853 -2.1128 -3.8445 4.0336
1 1 3 2 67.193 -20.159 -2.0893 6.0658 -0.48471 -8.2027 6.7094 2.4483 -4.6836 0.63459 3.4869 -4.2732 -3.3446 5.1391
1 1 3 2 67.368 -19.976 -1.4136 6.341 -0.79082 -7.8584 7.5381 2.3533 -4.7785 1.1003 3.2714 -4.4295 -3.6874 4.4846
1 1 3 2 67.368 -19.976 -1.4136 6.341 -0.79082 -7.8584 7.5381 2.3533 -4.7785 1.1003 3.2714 -4.4295 -3.6874 4.4846
1 1 3 2 66.314 -21.312 1.5139 6.2362 -6.3558 -11.335 7.075 0.55663 -6.2831 0.84362 4.3588 -1.2612 -4.1181 6.3563
1 1 3 2 66.412 -21.419 1.6973 6.6716 -6.1349 -11.818 7.078 0.29443 -6.3421 0.76726 3.9971 -1.6119 -3.9601 5.9511
1 1 3 2 65.306 -20.629 0.82179 5.4562 -3.9855 -5.7389 8.3313 0.41502 -6.0471 1.9353 5.0652 -4.9151 -6.2084 6.2146
1 1 3 2 65.543 -20.918 1.1963 6.134 -3.8753 -6.1093 9.1348 0.38367 -6.6101 0.74814 3.9216 -5.3395 -6.158 5.5166
1 1 3 2 65.793 -20.728 1.6366 6.6085 -3.8988 -6.8315 9.5585 0.41594 -6.9836 -0.18935 3.2343 -5.2697 -5.4983 5.1738
1 1 3 2 66.218 -20.169 1.2419 6.4062 -3.1043 -4.0574 10.159 0.68135 -6.2462 2.1349 6.2841 -3.043 -3.4249 6.2504
1 1 3 2 66.218 -20.169 1.2419 6.4062 -3.1043 -4.0574 10.159 0.68135 -6.2462 2.1349 6.2841 -3.043 -3.4249 6.2504
1 1 3 2 66.7 -19.631 1.7017 6.8842 -2.4751 -4.0053 10.419 0.88228 -5.9165 2.306 6.1705 -2.6582 -2.8734 5.7757
1 1 3 2 66.819 -21.324 0.48573 7.1421 -3.1348 -7.0683 7.7631 1.887 -6.1685 0.31888 2.8934 -3.159 -4.0314 6.4176
1 1 3 2 67.32 -20.959 0.87474 7.4371 -2.3813 -6.5408 9.0164 1.6905 -6.7001 0.2852 3.2117 -2.9117 -4.0019 5.6067
1 1 3 2 66.712 -21.446 0.16249 6.0061 -4.4891 -7.3336 7.7463 0.44272 -6.5206 2.9562 4.4471 -2.0921 -4.3957 6.9514
1 1 3 2 67.671 -20.52 0.723 6.7453 -3.2238 -7.9069 6.6812 -1.5323 -7.6412 3.3548 3.4921 -2.6447 -3.4892 6.5652
1 1 3 2 67.671 -20.52 0.723 6.7453 -3.2238 -7.9069 6.6812 -1.5323 -7.6412 3.3548 3.4921 -2.6447 -3.4892 6.5652
1 1 3 2 66.192 -20.2 1.3123 6.5011 -6.2388 -8.8795 8.7856 0.53395 -5.5756 3.3636 3.9604 -4.1153 -1.8767 3.2584
1 1 3 2 66.192 -20.2 1.3123 6.5011 -6.2388 -8.8795 8.7856 0.53395 -5.5756 3.3636 3.9604 -4.1153 -1.8767 3.2584
1 1 3 2 66.406 -20.138 1.627 7.2385 -5.5931 -9.0442 9.0229 0.35723 -5.8254 3.6222 4.0491 -4.1253 -1.6803 3.3905
1 1 3 2 67.597 -20.402 0.86498 6.9968 -1.7633 -7.3932 10.06 -2.0584 -7.7553 0.56118 2.3369 -5.822 -2.9134 4.7493
1 1 3 2 65.693 -20.982 -0.00012094 5.6293 -3.5947 -7.653 10.471 4.8939 -4.7526 1.3729 5.7901 -2.1459 -1.3032 7.1745
1 1 3 2 66.115 -20.9 0.064106 5.808 -3.0998 -7.1981 10.594 4.3038 -5.1579 1.4422 4.8466 -3.5945 -2.4249 5.8925
1 1 3 2 66.115 -20.9 0.064106 5.808 -3.0998 -7.1981 10.594 4.3038 -5.1579 1.4422 4.8466 -3.5945 -2.4249 5.8925
1 1 3 2 65.853 -19.999 0.93298 5.6971 -4.3583 -6.3429 7.0238 -0.34068 -6.8589 3.2794 3.0068 -6.1957 -4.5017 8.5245
1 1 3 2 66.104 -19.927 0.84399 5.7969 -4.4341 -6.417 7.2417 -0.44948 -6.7549 3.5439 3.2056 -5.9741 -4.9124 7.0088
1 1 3 2 66.104 -19.927 0.84399 5.7969 -4.4341 -6.417 7.2417 -0.44948 -6.7549 3.5439 3.2056 -5.9741 -4.9124 7.0088
1 1 3 2 65.718 -21.029 1.7657 6.2969 -5.9484 -6.1491 7.2963 -1.6631 -8.3142 0.55841 0.019277 -5.1535 -2.9117 6.5209
1 1 3 2 65.718 -21.029 1.7657 6.2969 -5.9484 -6.1491 7.2963 -1.6631 -8.3142 0.55841 0.019277 -5.1535 -2.9117 6.5209
1 1 3 2 65.718 -21.029 1.7657 6.2969 -5.9484 -6.1491 7.2963 -1.6631 -8.3142 0.55841 0.019277 -5.1535 -2.9117 6.5209
1 1 3 2 65.078 -20.893 1.458 7.7218 -3.7069 -10.762 4.3506 -2.1318 -5.142 2.335 3.6263 -0.74695 -2.624 4.9718
1 1 3 2 65.604 -20.409 1.9939 7.9819 -3.5618 -10.882 4.8868 -2.5138 -5.9033 1.3903 2.9245 -0.40998 -2.0585 4.7308
1 1 3 2 65.738 -20.175 1.0529 6.2758 -4.9934 -9.37 7.0729 -0.63031 -3.0673 3.5514 1.3619 -3.6327 -3.6477 2.6946
1 1 3 2 66.107 -19.862 1.0933 6.2859 -4.5206 -9.1466 7.79 -0.99355 -3.5323 3.1626 1.2982 -3.4128 -3.6367 1.7514
1 1 3 2 66.107 -19.862 1.0933 6.2859 -4.5206 -9.1466 7.79 -0.99355 -3.5323 3.1626 1.2982 -3.4128 -3.6367 1.7514
1 1 3 2 65.77 -19.798 0.258 6.6424 -5.0994 -5.7445 6.0006 -4.4127 -8.3316 1.7687 0.061554 -6.4605 -2.7515 4.7056
1 1 3 2 65.77 -19.798 0.258 6.6424 -5.0994 -5.7445 6.0006 -4.4127 -8.3316 1.7687 0.061554 -6.4605 -2.7515 4.7056
1 1 3 2 66.18 -19.46 0.43241 6.2123 -5.468 -6.2196 6.4642 -4.674 -8.2222 2.7244 0.49203 -6.2349 -2.8048 4.1661
1 1 3 2 66.18 -19.46 0.43241 6.2123 -5.468 -6.2196 6.4642 -4.674 -8.2222 2.7244 0.49203 -6.2349 -2.8048 4.1661
1 1 3 2 65.579 -20.937 0.24247 4.9801 -5.3117 -8.7749 8.6779 -1.5115 -5.1691 2.5662 0.99978 -3.7693 -3.2164 6.4917
1 1 3 2 65.871 -20.497 0.67735 5.329 -4.9237 -8.5958 9.2909 -1.2594 -5.4559 2.4624 1.165 -3.781 -3.6475 5.3478
1 1 3 2 65.858 -20.595 1.2048 5.108 -5.1765 -5.1098 8.7783 -0.39013 -7.3983 2.2486 2.2034 -4.534 -5.0787 4.5176
1 1 3 2 65.858 -20.595 1.2048 5.108 -5.1765 -5.1098 8.7783 -0.39013 -7.3983 2.2486 2.2034 -4.534 -5.0787 4.5176
1 1 3 2 66.192 -19.216 1.3164 4.8226 -6.1126 -7.5212 11.869 1.4139 -4.5223 4.4787 2.8407 -5.5074 -6.3247 3.2616
1 1 3 2 66.192 -19.216 1.3164 4.8226 -6.1126 -7.5212 11.869 1.4139 -4.5223 4.4787 2.8407 -5.5074 -6.3247 3.2616
1 1 3 2 65.193 -20.971 0.83261 5.9598 -4.9645 -3.4653 11.077 -0.4821 -7.4209 2.6637 4.1572 -4.1044 -3.2066 5.0684
1 1 3 2 65.193 -20.971 0.83261 5.9598 -4.9645 -3.4653 11.077 -0.4821 -7.4209 2.6637 4.1572 -4.1044 -3.2066 5.0684
1 1 3 2 65.193 -20.971 0.83261 5.9598 -4.9645 -3.4653 11.077 -0.4821 -7.4209 2.6637 4.1572 -4.1044 -3.2066 5.0684
1 1 3 2 66.398 -19.096 1.0895 5.5692 -5.1269 -7.7651 6.9295 -2.6961 -4.8803 3.1812 7.58 -2.2065 -1.9128 6.6433
1 1 3 2 66.398 -19.096 1.0895 5.5692 -5.1269 -7.7651 6.9295 -2.6961 -4.8803 3.1812 7.58 -2.2065 -1.9128 6.6433
1 1 3 2 66.599 -19.045 1.0425 5.7883 -4.9483 -7.9286 7.3568 -2.7627 -4.9292 3.3392 8.087 -1.523 -1.3974 6.2253
1 1 3 2 66.209 -20.199 0.19246 5.4696 -4.3069 -6.341 10.743 0.47679 -7.1595 1.303 2.3427 -1.169 1.0271 5.0911
1 1 3 2 66.379 -20.314 0.067495 5.3514 -4.5098 -6.8155 10.959 0.19516 -7.2618 1.6889 2.161 -1.4721 1.5313 5.0331
1 1 3 2 66.359 -20.974 -0.40749 6.2966 -4.0921 -7.3765 9.3508 1.0817 -3.2763 2.8816 5.0207 -2.2913 0.029413 4.7781
1 1 3 2 66.46 -20.943 -0.19986 6.709 -3.7909 -7.6301 9.6713 1.2342 -3.4135 2.711 4.98 -2.3933 -0.06404 4.4409
1 1 3 2 66.997 -20.813 1.9944 6.0864 -4.9491 -5.6527 8.3903 -0.82901 -7.6286 0.6114 -0.17703 -7.1273 -4.8731 3.197
1 1 3 2 66.997 -20.813 1.9944 6.0864 -4.9491 -5.6527 8.3903 -0.82901 -7.6286 0.6114 -0.17703 -7.1273 -4.8731 3.197
1 1 3 2 66.555 -19.834 1.7165 6.7109 -4.1322 -6.5591 6.8377 0.59901 -7.0619 3.378 4.8759 -2.416 -2.4387 5.8152
1 1 3 2 66.555 -19.834 1.7165 6.7109 -4.1322 -6.5591 6.8377 0.59901 -7.0619 3.378 4.8759 -2.416 -2.4387 5.8152
1 1 3 2 66.891 -19.081 2.3689 7.1407 -3.4043 -6.4456 6.8295 0.040586 -6.7708 4.1039 5.2747 -2.5121 -2.1147 6.2399
1 1 3 2 65.79 -19.453 1.8405 5.7784 -4.6168 -6.3806 7.757 0.18088 -5.2102 0.82936 1.5753 -4.8109 0.20018 8.6228
1 1 3 2 65.79 -19.453 1.8405 5.7784 -4.6168 -6.3806 7.757 0.18088 -5.2102 0.82936 1.5753 -4.8109 0.20018 8.6228
1 1 3 2 66.101 -19.228 2.1379 6.0637 -4.1207 -5.5904 7.9712 -0.72909 -5.6025 0.73506 0.74487 -5.3072 0.20009 7.8254
1 1 3 2 66.066 -20.2 1.4103 5.8677 -3.9154 -7.3766 7.2638 0.89388 -4.663 2.0695 2.37 -2.5787 -2.2295 7.1725
1 1 3 2 66.066 -20.2 1.4103 5.8677 -3.9154 -7.3766 7.2638 0.89388 -4.663 2.0695 2.37 -2.5787 -2.2295 7.1725
1 1 3 2 66.066 -20.2 1.4103 5.8677 -3.9154 -7.3766 7.2638 0.89388 -4.663 2.0695 2.37 -2.5787 -2.2295 7.1725
1 1 3 2 66.8 -20.601 1.384 6.4622 -4.0876 -6.7954 7.2308 -0.34954 -5.7465 0.42706 0.24669 -3.2475 -1.2878 5.3572
1 1 3 2 66.8 -20.601 1.384 6.4622 -4.0876 -6.7954 7.2308 -0.34954 -5.7465 0.42706 0.24669 -3.2475 -1.2878 5.3572
1 1 3 2 66.088 -20.23 0.097783 5.8402 -2.8854 -6.2772 8.6652 -2.5348 -6.285 4.3327 5.7157 -1.5275 -2.5147 7.5138
1 1 3 2 66.538 -19.535 0.58263 6.2567 -2.2844 -6.0388 8.5683 -3.6208 -6.746 4.0889 4.835 -2.421 -2.3109 7.4734
1 1 3 2 65.862 -20.737 1.5135 6.312 -4.9819 -5.3631 9.6261 0.10777 -4.2462 4.5987 3.7975 -6.9612 -6.2292 6.5585
1 1 3 2 65.862 -20.737 1.5135 6.312 -4.9819 -5.3631 9.6261 0.10777 -4.2462 4.5987 3.7975 -6.9612 -6.2292 6.5585
1 1 3 2 66.262 -20.421 2.2625 6.549 -4.7249 -5.2856 9.8946 -0.14912 -4.5214 4.9984 3.5325 -6.8956 -5.8729 6.1333
1 1 3 2 65.917 -20.138 1.4082 7.3322 -3.4636 -6.2784 6.8973 -0.14776 -4.0686 2.4892 1.6549 -4.3037 -3.1571 7.1701
1 1 3 2 65.917 -20.138 1.4082 7.3322 -3.4636 -6.2784 6.8973 -0.14776 -4.0686 2.4892 1.6549 -4.3037 -3.1571 7.1701
1 1 3 2 66.287 -20.032 1.6104 7.6846 -2.7631 -5.8198 7.9076 -0.33687 -3.924 2.5828 1.2295 -4.5589 -2.4252 6.8236
1 1 3 2 64.769 -20.563 0.69586 4.4442 -4.4491 -3.9656 10.506 0.1061 -7.0933 3.8678 2.6638 -6.963 -3.3262 9.9062
1 1 3 2 65.065 -20.699 0.98115 4.6363 -4.3071 -3.3501 10.389 -0.97902 -6.8648 5.1586 2.0477 -6.7783 -2.0811 9.729
1 1 3 2 65.065 -20.699 0.98115 4.6363 -4.3071 -3.3501 10.389 -0.97902 -6.8648 5.1586 2.0477 -6.7783 -2.0811 9.729
1 1 3 2 65.873 -20.74 1.6013 6.1339 -4.4545 -4.9858 8.7972 -1.161 -6.7336 1.9476 2.0089 -1.6846 0.79068 6.7867
1 1 3 2 65.873 -20.74 1.6013 6.1339 -4.4545 -4.9858 8.7972 -1.161 -6.7336 1.9476 2.0089 -1.6846 0.79068 6.7867
1 1 3 2 65.821 -20.843 1.3149 7.4971 -4.273 -6.7026 7.7171 -0.34389 -5.9802 4.5265 5.5485 -1.0995 -2.2314 6.7024
1 1 3 2 66.204 -20.564 1.7125 7.5919 -4.3624 -6.6027 8.2086 -1.423 -6.8614 4.4698 4.8997 -1.7511 -2.3973 5.837
1 1 3 2 66.204 -20.564 1.7125 7.5919 -4.3624 -6.6027 8.2086 -1.423 -6.8614 4.4698 4.8997 -1.7511 -2.3973 5.837
1 1 3 2 66.972 -20.42 0.20241 6.2495 -3.4184 -8.7287 7.0361 2.0119 -6.3446 -0.39484 3.0454 -2.2548 -3.9861 5.8068
1 1 3 2 66.972 -20.42 0.20241 6.2495 -3.4184 -8.7287 7.0361 2.0119 -6.3446 -0.39484 3.0454 -2.2548 -3.9861 5.8068
1 1 3 2 65.253 -20.41 0.45909 5.7998 -4.7051 -9.0541 8.0143 0.70509 -1.4444 2.0523 2.3623 -5.2195 -1.978 6.6958
1 1 3 2 65.485 -20.718 0.20282 5.7489 -4.6841 -9.4212 8.0434 -0.014204 -1.8359 1.7602 2.3368 -4.6382 -1.0253 6.8887
1 1 3 2 65.485 -20.718 0.20282 5.7489 -4.6841 -9.4212 8.0434 -0.014204 -1.8359 1.7602 2.3368 -4.6382 -1.0253 6.8887
1 1 3 2 65.29 -19.546 2.146 5.9334 -4.6278 -6.8064 11.091 -1.8267 -5.6356 2.3699 4.1099 -1.4877 -5.2528 3.4972
1 1 3 2 65.883 -19.65 2.1505 6.3058 -4.0447 -8.2344 10.677 -2.1297 -4.8743 2.3392 3.382 -1.1103 -4.5618 1.9929
1 1 3 2 65.883 -19.65 2.1505 6.3058 -4.0447 -8.2344 10.677 -2.1297 -4.8743 2.3392 3.382 -1.1103 -4.5618 1.9929
1 1 3 2 66.036 -20.053 1.078 5.5878 -3.5257 -5.8178 9.9661 -1.7242 -5.0425 4.0655 1.4877 -4.2441 -2.3308 5.4973
1 1 3 2 66.215 -20.122 1.1575 5.6448 -3.5518 -6.3359 10.201 -1.5078 -5.1303 3.8984 0.67366 -4.5573 -2.4854 5.068
1 1 3 2 66.215 -20.122 1.1575 5.6448 -3.5518 -6.3359 10.201 -1.5078 -5.1303 3.8984 0.67366 -4.5573 -2.4854 5.068
1 1 3 2 65.625 -21 1.1549 5.4516 -4.137 -8.1841 4.8041 -1.4149 -5.9011 2.2562 2.9831 -1.7593 -2.4606 7.8501
1 1 3 2 66.183 -20.452 1.7752 6.1577 -3.073 -8.1436 4.7302 -2.0806 -6.3487 1.9559 2.6064 -1.8166 -1.9522 7.5679
1 1 3 2 66.564 -19.788 2.1645 6.5729 -2.0684 -8.251 4.1952 -3.2756 -7.0267 1.5242 2.267 -2.0312 -1.6915 7.1891
1 1 3 2 66.185 -19.372 -2.5799 4.8348 -0.12554 -6.669 8.459 2.1136 -5.0517 -2.1749 2.2497 -2.6203 -1.7998 6.5766
1 1 3 2 66.462 -20.451 -1.173 5.1595 -1.1472 -6.9994 9.0686 0.02674 -5.4584 -1.4452 0.98166 -2.6182 -2.3702 5.7981
1 1 3 2 66.43 -20.723 -0.25883 5.5025 -1.9063 -7.5682 9.0931 -0.99955 -5.6991 -0.9406 0.81677 -2.752 -2.8335 5.348
1 1 3 2 65.223 -20.825 0.84288 6.4816 -1.8641 -4.0137 7.2711 -1.9691 -5.8178 3.6079 4.6468 -4.517 -3.6573 6.5358
1 1 3 2 65.585 -20.893 1.0296 6.3255 -2.4525 -4.352 7.4439 -2.5661 -5.8059 3.5929 4.4247 -3.443 -1.7047 6.5828
1 1 3 2 65.585 -20.893 1.0296 6.3255 -2.4525 -4.352 7.4439 -2.5661 -5.8059 3.5929 4.4247 -3.443 -1.7047 6.5828
1 1 3 2 66.036 -20.097 1.6905 5.4693 -4.0882 -7.4007 8.1317 -2.7777 -4.1971 4.1531 2.6528 -4.3877 -2.3071 7.7987
1 1 3 2 66.036 -20.097 1.6905 5.4693 -4.0882 -7.4007 8.1317 -2.7777 -4.1971 4.1531 2.6528 -4.3877 -2.3071 7.7987
1 1 3 2 66.399 -20.777 1.5561 5.1027 -4.7954 -8.1178 7.4645 -3.4032 -7.2522 -0.60625 0.79115 -2.4054 -4.6385 4.1763
1 1 3 2 66.735 -20.733 1.7134 5.5287 -4.1865 -8.3128 7.5948 -3.7544 -7.395 -0.72703 0.66796 -2.8211 -4.9065 3.0407
1 1 3 2 66.735 -20.733 1.7134 5.5287 -4.1865 -8.3128 7.5948 -3.7544 -7.395 -0.72703 0.66796 -2.8211 -4.9065 3.0407
1 1 3 2 64.896 -20.299 0.75034 4.1156 -4.338 -5.1131 10.53 -0.43442 -7.22 0.073259 1.4899 -3.3921 -3.8246 7.9609
1 1 3 2 65.221 -20.549 1.1471 4.5999 -4.3204 -5.0862 10.434 -1.0667 -6.7695 0.97016 0.93357 -3.0178 -2.7489 7.3049
1 1 3 2 65.638 -20.303 1.6998 5.3565 -3.8755 -5.4834 9.8095 -1.7013 -6.5045 1.2931 0.53883 -2.7951 -2.2192 6.231
1 1 3 2 67.492 -19.437 -0.69759 5.4324 -2.1666 -6.389 6.7716 -1.5869 -2.7186 1.8845 5.6472 -2.7135 -2.8165 3.9292
1 1 3 2 67.492 -19.437 -0.69759 5.4324 -2.1666 -6.389 6.7716 -1.5869 -2.7186 1.8845 5.6472 -2.7135 -2.8165 3.9292
1 1 3 2 67.301 -19.919 0.023406 5.9439 -2.3118 -6.2937 7.1187 -2.2272 -2.7861 2.4542 5.3422 -3.3485 -2.94 3.6799
1 1 3 2 64.588 -20.089 2.2153 5.5756 -4.4467 -6.8974 7.5452 -2.4317 -4.6019 4.4831 6.0396 -5.3231 -5.8729 7.4885
1 1 3 2 65.103 -20.865 2.5014 6.0562 -4.878 -7.0018 7.6601 -3.3573 -2.7286 6.1608 5.3855 -4.9156 -5.0739 5.4445
1 1 3 2 65.103 -20.865 2.5014 6.0562 -4.878 -7.0018 7.6601 -3.3573 -2.7286 6.1608 5.3855 -4.9156 -5.0739 5.4445
1 1 3 2 65.103 -20.865 2.5014 6.0562 -4.878 -7.0018 7.6601 -3.3573 -2.7286 6.1608 5.3855 -4.9156 -5.0739 5.4445
1 1 3 2 65.473 -20.226 1.7756 6.5943 -5.2371 -6.2685 7.5463 -2.1989 -8.04 0.2078 2.6406 -1.8802 -1.9118 5.7259
1 1 3 2 65.924 -20.407 1.1083 6.4519 -5.0454 -7.3655 6.4529 -2.1591 -6.5409 2.7695 1.9419 -2.7142 -1.3366 5.7106
1 1 3 2 65.924 -20.407 1.1083 6.4519 -5.0454 -7.3655 6.4529 -2.1591 -6.5409 2.7695 1.9419 -2.7142 -1.3366 5.7106
1 1 3 2 65.924 -20.407 1.1083 6.4519 -5.0454 -7.3655 6.4529 -2.1591 -6.5409 2.7695 1.9419 -2.7142 -1.3366 5.7106
1 1 3 2 65.559 -20.32 2.2819 6.2407 -3.3488 -4.2154 10.728 0.66754 -3.3516 5.9458 3.9764 -3.9145 -3.3793 7.2523
1 1 3 2 66.015 -19.83 2.4303 6.8442 -2.4317 -4.004 10.706 0.99131 -2.5488 6.7106 3.678 -3.8105 -3.2813 6.1806
1 1 3 2 65.605 -20.506 0.22519 3.8667 -4.7381 -7.2285 11.084 1.9858 -2.0721 -0.49607 3.5008 -4.0088 -2.4847 5.2295
1 1 3 2 65.605 -20.506 0.22519 3.8667 -4.7381 -7.2285 11.084 1.9858 -2.0721 -0.49607 3.5008 -4.0088 -2.4847 5.2295
1 1 3 2 65.785 -20.589 0.11368 3.9206 -4.8017 -7.0725 11.519 1.8014 -2.1899 0.10178 4.128 -3.7139 -2.384 5.1639
1 1 3 2 67.102 -19.867 -0.38325 4.6659 -2.9931 -8.7463 7.0998 -1.834 -6.0288 0.69928 4.459 -3.6011 -3.6012 5.0216
1 1 3 2 67.102 -19.867 -0.38325 4.6659 -2.9931 -8.7463 7.0998 -1.834 -6.0288 0.69928 4.459 -3.6011 -3.6012 5.0216
1 1 3 2 65.256 -20.178 2.6438 6.6049 -4.1575 -5.1436 11.026 -2.8628 -6.4373 3.4924 2.6569 -5.3786 -1.8974 8.2857
1 1 3 2 65.256 -20.178 2.6438 6.6049 -4.1575 -5.1436 11.026 -2.8628 -6.4373 3.4924 2.6569 -5.3786 -1.8974 8.2857
1 1 3 2 65.539 -20.203 2.8884 7.2489 -3.467 -5.2024 10.541 -3.3427 -6.1222 3.7504 1.9851 -5.751 -1.968 7.9248
1 1 3 2 66.102 -20.152 0.71009 3.7169 -5.1728 -6.6374 9.6884 -2.1576 -4.4508 4.912 2.492 -5.0179 -3.7688 4.9073
1 1 3 2 66.102 -20.152 0.71009 3.7169 -5.1728 -6.6374 9.6884 -2.1576 -4.4508 4.912 2.492 -5.0179 -3.7688 4.9073
1 1 3 2 64.36 -20.271 2.0718 5.6423 -5.2867 -7.3292 6.5215 -1.5041 -6.1481 2.5568 5.5124 -2.4474 -1.5697 7.3947
1 1 3 2 64.851 -20.143 2.6365 6.4341 -5.1945 -7.1909 6.7109 -1.7742 -6.5346 2.2198 3.9389 -2.7214 -0.97866 6.6968
1 1 3 2 64.851 -20.143 2.6365 6.4341 -5.1945 -7.1909 6.7109 -1.7742 -6.5346 2.2198 3.9389 -2.7214 -0.97866 6.6968
1 1 3 2 67.928 -19.823 4.4626 9.6242 2.6494 -0.69086 14.543 1.0643 -3.0931 2.1208 3.5609 -3.8327 -2.8377 3.3987
1 1 3 2 67.928 -19.823 4.4626 9.6242 2.6494 -0.69086 14.543 1.0643 -3.0931 2.1208 3.5609 -3.8327 -2.8377 3.3987
