1 0 3 0 61.249 -32.903 -1.5228 16.617 -11.811 2.2764 16.64 -8.2092 -6.2795 6.7574 4.0273 4.2529 1.4087 -2.9753
1 0 3 0 61.179 -33.515 -2.282 16.728 -11.001 1.4413 17.051 -6.7242 -5.7826 7.4873 5.3775 4.868 2.2469 -2.9047
1 0 3 0 61.735 -32.662 -4.1204 16.511 -8.2044 1.7501 11.774 -10.406 -1.4327 6.0918 3.4803 -1.0107 0.036297 0.040102
1 0 3 0 61.735 -32.662 -4.1204 16.511 -8.2044 1.7501 11.774 -10.406 -1.4327 6.0918 3.4803 -1.0107 0.036297 0.040102
1 0 3 0 61.97 -31.04 -2.7804 12.718 -10.102 4.0316 12.873 -9.6923 -5.4624 5.5519 2.9062 -1.4427 1.323 -1.2789
1 0 3 0 61.605 -33.557 -4.2876 14.202 -6.8804 3.8646 14.033 -7.9369 -4.0988 6.1278 5.1776 -1.889 2.3926 -2.7811
1 0 3 0 65.405 -26.625 0.66544 15.208 -10.893 -2.7758 11.161 -8.1308 -3.0121 4.8471 1.8812 -4.6006 3.0812 0.022614
1 0 3 0 61.918 -32.416 -0.59196 15.558 -9.1025 3.5223 12.977 -7.2052 -2.0243 10.747 4.2425 -3.0465 2.9865 -3.2068
1 0 3 0 62.374 -32.284 -1.6016 16.036 -8.8056 1.55 13.587 -6.9589 -1.7474 11.088 4.0248 -5.2638 2.5073 -0.37457
1 0 3 0 62.092 -33.025 -1.0209 12.711 -8.7431 5.8827 12.818 -8.5517 -4.8781 7.8073 2.4788 -1.6532 7.7716 -1.9189
1 0 3 0 62.272 -33.2 -2.6243 14.125 -7.7338 3.1627 12.685 -7.8259 -3.9134 7.2114 2.2621 -3.5507 6.3935 -1.0418
1 0 3 0 63.072 -30.047 0.32474 13.941 -10.502 2.6675 7.9241 -8.8166 0.95711 4.8253 -3.2458 -0.15971 4.3537 -2.6207
1 0 3 0 61.702 -32.732 -1.3943 14.316 -9.1135 2.0471 13.703 -6.8177 -4.2035 6.8205 2.4664 -2.5159 7.0655 -1.6973
1 0 3 0 63.43 -29.418 0.68576 15.029 -10.9 -1.3461 12.627 -7.6152 -4.9309 5.5946 1.5789 -4.0794 5.2589 -1.6578
1 0 3 0 61.172 -34.099 -0.41184 13.213 -8.3734 4.7131 12.574 -8.3979 -5.1666 8.9278 3.2273 1.1364 8.1995 -4.7213
1 0 3 0 62.804 -30.988 1.0957 14.129 -9.8782 -0.90499 11.922 -7.8421 -7.4156 7.0061 2.2886 -2.2736 5.8245 -3.3229
1 0 3 0 60.788 -33.456 -1.1205 14.157 -10.615 4.6949 8.6174 -10.433 -2.2754 4.1686 -0.59915 1.1261 4.947 -7.2028
1 0 3 0 59.448 -38.46 -7.6895 12.692 -6.8501 4.567 15.82 -5.404 -3.4384 4.1977 2.371 3.4426 8.831 -1.9974
1 0 3 0 60.719 -33.397 -0.45551 16.221 -7.8748 3.7809 8.6173 -9.9025 -3.0664 5.8668 0.37757 1.9618 2.4292 -5.0506
1 0 3 0 60.663 -33.45 -1.5926 18.004 -6.1866 1.1891 13.318 -9.2731 -5.3886 5.7294 4.6753 -2.1522 3.3115 -2.9308
1 0 3 0 63.238 -28.274 0.31215 16.38 -10.743 -3.8488 12.851 -8.1915 -3.7496 4.5299 2.3975 -4.0265 3.4112 -0.69354
1 0 3 0 61.293 -34.709 -3.6123 17.294 -5.3433 -0.75568 19.397 -4.2643 -9.7136 2.5034 9.7577 0.37182 4.6567 -0.63969
1 0 3 0 61.674 -35.044 -3.954 17.339 -4.3931 -1.8657 19.975 -3.8471 -9.6193 2.3305 10.597 0.27124 3.8559 -0.4874
1 0 3 0 62.304 -35.218 -4.6903 17.417 -3.2233 -4.4822 19.578 -3.4122 -8.8148 3.0468 11.591 -0.91134 1.959 -0.89798
1 0 3 0 62.518 -35.425 -4.4305 16.2 -4.6042 0.29001 14.91 -5.5474 -7.6886 9.8059 11.59 0.21283 2.7802 -2.4734
1 0 3 0 63.161 -35.124 -4.3393 16.85 -3.0811 -2.249 16.783 -6.0215 -8.4089 9.8079 12.919 -0.13526 2.7902 -1.407
1 0 3 0 63.293 -34.974 -3.4127 17.616 -6.1713 -3.2865 14.642 -4.603 -8.02 5.0224 10.546 -0.3622 4.9036 0.58675
1 0 3 0 63.293 -34.974 -3.4127 17.616 -6.1713 -3.2865 14.642 -4.603 -8.02 5.0224 10.546 -0.3622 4.9036 0.58675
1 0 3 0 62.451 -35.907 -4.1637 16.998 -6.3468 -0.50196 14.757 -4.4326 -7.0938 3.5147 6.8753 0.038379 4.3271 -1.4586
1 0 3 0 62.711 -36.056 -4.2502 16.947 -5.8384 -0.65753 16.489 -4.1218 -6.9119 3.4272 7.3693 -0.80837 3.6456 -1.281
1 0 3 0 63.416 -35.784 -4.4944 13.011 -7.5933 1.432 12.991 -5.0717 -8.4421 7.3845 7.1081 -1.9594 4.6805 0.58482
1 0 3 0 63.738 -35.929 -4.2884 13.424 -5.6446 -0.93757 13.65 -4.7644 -10.94 6.4643 8.9821 -3.8458 2.6421 -0.070087
1 0 3 0 63.365 -37.027 -5.4519 13.504 -4.4066 -1.547 14.184 -4.0083 -10.639 7.2915 11.171 -3.3343 2.1583 -0.28206
1 0 3 0 62.607 -35.525 -5.7688 16.077 -4.848 -0.27845 19.39 -1.7905 -5.3832 3.5641 5.874 -2.8993 0.48074 -2.2158
1 0 3 0 63.517 -36.11 -7.498 15.263 -3.116 -2.394 19.226 -3.9126 -4.3319 4.8533 6.2202 -3.4613 1.3036 0.10329
1 0 3 0 62.506 -36.486 -4.3176 14.932 -5.2846 0.57755 17.549 -4.5847 -8.1206 8.3181 10.938 3.0095 7.0846 2.4036
1 0 3 0 62.876 -37.289 -5.6063 14.824 -3.0425 -1.0022 17.156 -4.8845 -7.1646 8.8321 12.265 2.3748 7.2462 3.7867
1 0 3 0 62.758 -36.487 -5.859 17.186 -3.8595 -0.33725 15.868 -5.296 -5.6096 6.0553 9.0284 -1.226 4.377 -0.25968
1 0 3 0 62.985 -36.819 -6.3751 17.221 -3.357 -1.1404 15.678 -5.4685 -4.5802 6.4121 9.7306 -2.1706 3.3058 -0.38134
1 0 3 0 63.104 -35.508 -2.6792 17.718 -3.1969 2.3722 10.847 -7.8183 -8.1959 10.494 10.058 -0.39993 5.2366 0.98635
1 0 3 0 63.657 -35.247 -3.9887 19.016 -1.1945 -0.5402 13.191 -7.28 -7.3285 9.5517 10.734 -3.6695 2.9536 0.79241
1 0 3 0 63.697 -34.839 -3.9069 15.047 -4.3637 -0.62599 9.0568 -7.0253 -6.9815 6.9905 3.7126 -5.1058 6.5602 2.0681
1 0 3 0 63.985 -35.344 -4.6656 15.763 -3.0426 -3.1193 11.704 -7.4355 -8.6171 6.3479 6.1701 -3.4487 6.2281 3.6031
1 0 3 0 63.255 -33.651 -3.6892 14.585 -6.5079 0.10957 12.612 -3.1133 -4.5002 6.7003 2.5334 -3.0419 4.3186 -0.64825
1 0 3 0 63.593 -33.955 -4.415 14.848 -6.5536 -3.0971 15.725 -2.1923 -4.5283 5.5083 3.3044 -2.8918 4.7656 -0.15551
1 0 3 0 62.598 -34.483 -4.4532 12.506 -6.8324 -0.14683 17.058 -4.5767 -5.5817 5.3385 4.2252 2.34 3.6279 0.57882
1 0 3 0 62.745 -34.502 -4.5641 12.889 -6.8374 -1.9007 16.783 -5.898 -5.8124 5.8694 5.8391 2.1937 2.9924 0.9276
1 0 3 0 60.992 -33.456 -2.6125 14.863 -6.4941 3.3427 17.342 -7.2643 -5.6211 3.7467 4.6145 3.076 4.977 0.37376
1 0 3 0 61.343 -33.59 -2.4167 15.145 -5.5055 1.6266 17.205 -6.7623 -5.521 3.9671 6.0453 2.4219 4.7826 -0.31751
1 0 3 0 61.197 -34.266 -3.3895 16.733 -3.9824 3.6413 15.829 -9.5916 -5.7857 4.2352 7.0246 4.9844 4.5574 1.2449
1 0 3 0 61.807 -34.298 -4.558 16.25 -3.3655 1.1077 16.402 -10.022 -5.8064 3.4613 6.9572 4.5658 5.3224 3.0856
1 0 3 0 61.85 -33.039 -2.95 14.457 -7.2483 1.284 11.553 -7.7245 -3.2109 4.0531 1.1332 -2.4159 1.4653 -1.3461
1 0 3 0 63.521 -31.563 -1.9079 14.646 -7.2767 -3.4799 13.698 -8.9388 -3.603 4.5055 2.4536 -6.1514 2.1944 0.32822
1 0 3 0 65.883 -30.787 -1.3889 16.728 -11.158 -4.1109 12.622 -2.1686 -9.2994 3.2859 2.9832 -1.6204 4.2797 -0.1428
1 0 3 0 65.469 -35.67 -4.675 13.084 -8.4851 -3.1208 17.214 3.6671 -6.6141 2.027 6.8895 -5.0767 6.9494 1.7573
1 0 3 0 66.136 -34.747 -4.0576 13.827 -7.5948 -5.0957 15.535 2.456 -7.1837 0.27722 6.15 -6.2906 6.9483 2.1872
1 0 3 0 64.696 -32.029 -4.0316 15.642 -9.3132 -3.5939 13.724 -3.0729 -9.4851 4.6677 3.2561 -3.2077 5.2451 -0.44749
1 0 3 0 65.599 -34.984 -5.6259 13.466 -6.3492 -3.4688 16.477 3.3104 -8.7603 2.9484 11.242 -7.5641 3.9742 1.9725
1 0 3 0 65.599 -34.984 -5.6259 13.466 -6.3492 -3.4688 16.477 3.3104 -8.7603 2.9484 11.242 -7.5641 3.9742 1.9725
1 0 3 0 64.62 -32.908 -3.8808 16.339 -9.6326 -3.8577 12.927 -2.4539 -9.1337 2.4813 5.8609 -0.20555 3.1611 -0.092469
1 0 3 0 64.769 -34.362 -4.3533 14.229 -8.7044 -4.223 13.8 -2.6694 -8.8371 3.83 9.276 -1.4723 5.2683 0.57118
1 0 3 0 66.755 -31.715 -2.1696 15.943 -6.3399 -7.7459 13.408 -2.73 -7.8844 1.0938 8.3272 -7.0389 5.2486 0.46242
1 0 3 0 64.298 -33.755 -3.4332 15.881 -8.2896 -1.5359 11.132 -4.9367 -8.1404 5.4485 6.1524 -0.45582 5.1254 -0.98842
1 0 3 0 64.18 -35.72 -4.8601 14.824 -3.9276 -2.5065 13.155 -4.6502 -9.4143 3.6092 10.596 -0.6808 5.4998 -0.86546
1 0 3 0 65.39 -33.541 -3.3702 15 -4.6904 -5.2316 12.266 -4.2288 -9.2803 1.7109 9.227 -2.8762 4.38 -0.3094
1 0 3 0 64.224 -36.564 -6.1705 15.816 -7.4691 -4.9806 10.096 -4.368 -4.1237 2.1005 8.4256 -5.0285 2.9513 0.92898
1 0 3 0 64.562 -36.68 -6.0729 15.059 -7.3169 -6.6827 10.078 -3.9443 -5.7942 0.54925 9.1514 -6.4614 2.8963 1.3647
1 0 3 0 64.62 -35.731 -6.0342 16.507 -4.6327 -1.3463 15.431 -4.3863 -9.1202 1.5139 6.977 0.69864 6.351 0.30093
1 0 3 0 64.62 -35.731 -6.0342 16.507 -4.6327 -1.3463 15.431 -4.3863 -9.1202 1.5139 6.977 0.69864 6.351 0.30093
1 0 3 0 66.383 -34.227 -6.9345 10.151 -10.335 -6.1258 14.25 -0.47717 -5.8677 5.6391 13.524 -3.6082 7.9506 -1.862
1 0 3 0 66.483 -34.474 -7.5206 9.9296 -9.7656 -6.9093 14.443 -0.20916 -5.4576 5.1938 13.833 -3.6362 8.0849 -1.6011
1 0 3 0 66.633 -33.664 -5.0205 10.616 -11.934 -4.6959 10.948 -3.274 -7.4463 4.0006 8.0895 -2.4253 6.6707 -0.27677
1 0 3 0 67.169 -34.135 -5.5235 10.06 -10.219 -7.087 13.221 0.18052 -7.1649 2.7214 9.5687 -5.8507 7.4864 -1.4222
1 0 3 0 66.183 -34.253 -5.4775 10.218 -12.398 -4.8632 15.23 0.21605 -6.1807 8.1521 15.814 -3.4304 5.3354 -0.82025
1 0 3 0 66.643 -34.413 -5.8267 9.9986 -10.794 -6.2572 15.741 0.66576 -6.7416 6.9018 16.965 -5.8848 4.1857 -0.94691
1 0 3 0 66.379 -34.496 -6.0142 10.322 -13.781 -6.8198 13.264 -0.23166 -3.0981 6.4434 10.867 -2.1985 5.5748 2.0762
1 0 3 0 66.606 -34.771 -6.3524 10.199 -12.939 -8.7007 14.578 -1.2881 -3.5474 6.1092 13.116 -4.1284 5.2511 2.3638
1 0 3 0 66.966 -33.545 -6.0912 13.079 -9.7277 -1.9981 10.303 -5.9937 -3.7751 10.381 9.6473 -2.4708 5.8152 2.5176
1 0 3 0 66.697 -34.97 -8.0674 10.551 -10.744 -3.4657 11.137 -3.7517 -1.6936 12.782 13.62 -0.22595 8.2267 3.6847
1 0 3 0 66.97 -34.011 -6.471 10.393 -9.0872 -3.9603 13.233 0.21631 -1.0154 8.1216 9.179 -7.6675 4.7453 -2.324
1 0 3 0 67.145 -34.401 -7.2868 9.6561 -8.1068 -4.6341 13.331 1.1131 -0.078626 8.5928 10.391 -8.7657 5.1054 -2.3422
1 0 3 0 66.622 -34.029 -5.7679 11.218 -10.475 -5.8361 13.339 0.25402 -4.7619 3.3502 11.527 -1.5678 2.9517 -1.3694
1 0 3 0 66.622 -34.029 -5.7679 11.218 -10.475 -5.8361 13.339 0.25402 -4.7619 3.3502 11.527 -1.5678 2.9517 -1.3694
1 0 3 0 66.304 -34.742 -6.7503 9.6006 -12.48 -2.5702 15.858 1.2515 0.064085 9.3586 12.667 -5.6912 5.8209 0.39605
1 0 3 0 66.473 -34.815 -6.9161 9.6239 -11.442 -3.4861 16.052 2.3496 -0.25451 8.7804 13.095 -7.0424 5.4596 0.096371
1 0 3 0 66.397 -34.247 -4.9641 11.128 -13.828 -4.9033 14.128 2.5608 0.2205 4.6106 7.8703 -5.9005 1.8816 -1.7423
1 0 3 0 66.596 -34.799 -5.7158 9.5701 -13.654 -6.042 14.912 4.6068 0.92141 5.5432 9.8647 -6.9723 3.2335 -0.65638
1 0 3 0 66.81 -34.276 -6.1408 8.7722 -13.141 -4.0436 14.034 0.10766 2.7995 10.14 8.9894 -7.1302 1.9656 -0.72879
1 0 3 0 66.81 -34.276 -6.1408 8.7722 -13.141 -4.0436 14.034 0.10766 2.7995 10.14 8.9894 -7.1302 1.9656 -0.72879
1 0 3 0 66.942 -34.61 -7.7591 9.6718 -9.8504 -5.1333 12.357 0.37536 0.1451 8.8447 8.5964 -9.1478 3.5116 -0.010603
1 0 3 0 66.942 -34.61 -7.7591 9.6718 -9.8504 -5.1333 12.357 0.37536 0.1451 8.8447 8.5964 -9.1478 3.5116 -0.010603
1 0 3 0 66.649 -33.995 -5.9292 11.602 -10.241 -4.2622 17.161 3.9733 5.2767 7.0561 10.07 -11.099 3.3553 -0.40536
1 0 3 0 66.649 -33.995 -5.9292 11.602 -10.241 -4.2622 17.161 3.9733 5.2767 7.0561 10.07 -11.099 3.3553 -0.40536
1 0 3 0 65.734 -34.9 -6.7749 9.9108 -14.935 -6.0909 16.104 7.4566 3.7664 7.1247 7.9357 -9.032 2.717 0.52582
1 0 3 0 65.946 -35.073 -7.0391 9.229 -14.179 -7.1116 16.977 8.1401 3.0089 6.711 9.1827 -10.247 3.0407 1.2589
1 0 3 0 65.91 -34.967 -7.0439 10.935 -13.01 -5.0344 15.498 1.9156 1.1676 8.2151 10.76 -5.8106 1.6548 -2.9678
1 0 3 0 66.23 -34.999 -7.2244 10.433 -12.136 -6.0579 16.279 2.4934 -0.01254 7.7751 12.051 -6.4062 2.0041 -2.8242
1 0 3 0 66.589 -34.645 -7.0993 11.999 -9.311 -4.1521 12.615 -0.71762 0.087734 4.7108 5.5715 -7.1876 5.7655 -0.64693
1 0 3 0 66.766 -34.733 -7.1254 11.446 -8.9283 -5.1158 13.801 -0.018154 -0.66058 4.5942 6.8502 -7.9447 6.3077 -0.033654
1 0 3 0 66.229 -34.703 -5.3658 11.209 -12.1 -4.1681 15.675 1.4002 7.0399 9.449 5.2974 -11.357 1.4716 -1.2925
1 0 3 0 66.525 -34.938 -5.5188 10.283 -11.575 -5.2324 16.115 1.8461 6.0817 9.8637 6.8293 -11.746 1.9915 -1.2624
1 0 3 0 66.367 -34.845 -5.9908 12.719 -8.8531 -4.1653 15.108 -0.99978 1.4986 7.7633 10.093 -3.9516 6.357 -0.71744
1 0 3 0 66.367 -34.845 -5.9908 12.719 -8.8531 -4.1653 15.108 -0.99978 1.4986 7.7633 10.093 -3.9516 6.357 -0.71744
1 0 3 0 66.38 -33.921 -5.193 12.681 -13.137 -6.7849 13.935 -0.34164 3.0582 5.1855 6.0972 -9.9303 1.3509 -0.91467
1 0 3 0 66.243 -35.076 -6.6169 10.832 -13.293 -7.8659 15.479 1.6686 3.5846 6.8484 9.3267 -10.203 1.2269 -1.2225
1 0 3 0 66.438 -34.618 -5.3316 11.512 -11.392 -5.7468 11.202 0.047949 2.0166 8.0622 8.35 -8.5582 3.7704 -1.4442
1 0 3 0 66.79 -34.67 -5.7294 10.726 -10.914 -6.6597 11.152 -0.66696 1.2042 8.5096 9.4953 -9.6774 3.9859 -1.2161
1 0 3 0 66.305 -35.923 -8.3296 11.845 -9.0356 -5.5903 12.574 2.7885 5.484 9.5112 11.415 -8.0188 3.5852 -0.76928
1 0 3 0 66.305 -35.923 -8.3296 11.845 -9.0356 -5.5903 12.574 2.7885 5.484 9.5112 11.415 -8.0188 3.5852 -0.76928
1 0 3 0 64.807 -34.22 -8.2904 12.563 -12.435 -6.6286 10.833 2.4533 3.5941 3.3315 2.4613 -9.9321 5.7453 3.3887
1 0 3 0 64.959 -34.675 -8.9258 11.667 -12.093 -7.917 11.051 2.8511 3.033 2.8129 2.7857 -11.044 5.2491 3.0119
