1 1 1 2 75.729 0.0012844 -4.0918 4.7314 1.1933 -2.4807 0.90112 1.1334 -1.9586 0.061081 -3.5637 -2.42 -1.2654 -2.73
1 1 1 2 75.566 -0.093004 -4.4196 6.1339 1.5589 -3.1606 1.0907 2.1188 -1.9812 -1.3099 -4.4083 -2.2683 -0.3826 -4.3074
1 1 1 2 75.484 0.06737 -4.3995 6.5287 1.403 -3.6873 1.0829 2.0396 -2.5083 -1.9813 -4.8113 -1.8282 0.15091 -3.9747
1 1 1 2 75.331 0.90773 -3.9138 6.4054 0.82367 -5.7907 1.0453 0.63031 -4.1543 -4.6035 -5.8786 -0.75664 0.91549 -2.7256
1 1 1 2 75.537 0.78752 -4.6888 6.8662 2.0327 -4.9658 -1.9614 0.67611 -2.8119 -2.0705 -2.8675 0.096034 2.1751 -1.0649
1 1 1 2 75.452 0.72739 -4.7994 6.93 2.3493 -4.6417 -1.8186 0.75286 -2.5728 -1.3999 -2.285 0.063546 1.7259 -0.69252
1 1 1 2 75.127 0.42114 -4.2969 7.0272 2.4824 -4.3335 -0.75374 -0.19825 -3.4869 -0.8185 -2.2806 -0.45577 -0.42988 -0.39961
1 1 1 2 75.199 0.10856 -3.6557 6.2372 1.2904 -4.2692 -1.7296 -3.4643 -5.4835 -1.3097 -3.8119 1.3692 -1.2752 -2.4067
1 1 1 2 75.535 0.2703 -4.4791 5.29 1.4804 -3.0725 -3.2698 -4.4187 -4.6375 -1.8017 -6.0686 1.9583 -2.7631 -3.6897
1 1 1 2 75.591 0.39993 -4.7021 4.9041 1.496 -2.7094 -3.365 -4.0781 -4.3105 -1.9372 -6.5836 1.5813 -3.2203 -3.4093
1 1 1 2 75.591 0.45877 -4.818 4.5008 1.6635 -2.4624 -3.3296 -3.5483 -3.9556 -2.0772 -6.9458 1.1044 -3.6482 -2.9161
1 1 1 2 75.473 0.12982 -4.4797 4.4084 2.193 -1.6269 -2.189 -2.4822 -3.6808 -2.171 -7.4381 -1.8758 -4.1067 -1.1555
1 1 1 2 75.377 -0.32796 -4.2155 5.0054 2.2621 -1.0226 -1.1881 -2.5759 -3.9667 -2.2561 -7.2085 -3.6408 -3.2331 0.65236
1 1 1 2 75.378 -0.67457 -3.674 5.5801 1.4075 -0.51165 -0.97462 -2.5535 -3.2988 -1.6068 -6.6424 -4.3024 -1.328 2.2298
1 1 1 2 75.513 -0.60428 -2.6938 5.8162 -0.22527 -2.5953 -3.0597 -2.1775 -2.3413 0.67586 -6.1827 -2.9599 -0.76243 -0.043941
1 1 1 2 75.871 -0.1173 -3.2959 6.419 -0.60525 -3.4777 -1.3289 -0.64613 -3.7245 0.85866 -3.8321 -1.1033 -0.14226 -3.7574
1 1 1 2 75.874 0.018534 -3.5483 6.4589 -0.4658 -3.2915 -0.68521 -0.131 -3.6465 0.32878 -3.0636 -1.0272 -0.0098934 -3.6965
1 1 1 2 75.878 0.19559 -3.7366 5.9784 -0.46837 -3.329 0.042714 0.30935 -3.5395 -0.64604 -2.2343 -0.48947 -0.46462 -2.6713
1 1 1 2 76.171 0.055925 -3.3882 5.0663 -0.6392 -3.556 -1.4941 -2.8175 -1.8346 -2.7256 -4.7067 0.26332 0.62764 -0.99333
1 1 1 2 76.267 -0.2323 -3.3705 5.7792 -0.64574 -3.149 -2.224 -2.6037 -0.58264 -1.0859 -4.5851 -0.36809 1.8652 -0.93423
1 1 1 2 76.108 -0.20342 -3.2615 6.8828 -1.1838 -3.6937 -2.3321 -1.942 -1.2245 0.34997 -3.1988 -1.2157 1.3008 -1.0867
1 1 1 2 75.886 -0.17904 -3.4755 7.8575 -1.6998 -3.9719 -1.3748 -0.77099 -2.2526 0.6337 -2.6793 -2.0895 0.64175 -2.2582
1 1 1 2 75.886 -0.17904 -3.4755 7.8575 -1.6998 -3.9719 -1.3748 -0.77099 -2.2526 0.6337 -2.6793 -2.0895 0.64175 -2.2582
1 1 1 2 75.78 -1.0068 -3.9518 5.5797 -1.8049 -4.0552 0.47391 -0.0792 -3.8824 -0.24886 -5.0063 -1.5314 0.99059 -2.8985
1 1 1 2 75.473 -1.7507 -3.2592 4.5897 -2.0222 -3.5718 0.31359 -1.4512 -5.4101 -1.1732 -6.1579 -1.1727 -0.26462 -3.5334
1 1 1 2 75.755 -0.52844 -2.5069 4.7736 -0.2805 -2.8874 0.19177 -1.8512 -4.217 -0.70981 -4.4986 -1.4288 -1.7648 -3.5601
1 1 1 2 75.891 -0.028748 -3.0298 4.5878 0.38552 -3.1267 0.48837 -2.4024 -3.1644 0.65275 -4.6906 -1.5641 -1.5262 -2.9566
1 1 1 2 75.902 0.35559 -3.547 3.6657 0.45019 -3.4055 0.64312 -1.8714 -2.5747 1.3391 -4.8079 -1.2897 -1.8158 -2.5786
1 1 1 2 75.848 0.37404 -3.6687 3.23 0.46657 -3.6389 0.37994 -1.4555 -2.7389 1.5286 -4.8536 -1.1429 -2.3494 -2.3096
1 1 1 2 75.848 0.37404 -3.6687 3.23 0.46657 -3.6389 0.37994 -1.4555 -2.7389 1.5286 -4.8536 -1.1429 -2.3494 -2.3096
1 1 1 2 75.577 0.25339 -3.0879 2.9382 0.74625 -2.0963 -1.284 -1.0113 -5.7782 0.13092 -5.9115 -2.5066 -2.1969 -0.66902
1 1 1 2 75.577 0.25339 -3.0879 2.9382 0.74625 -2.0963 -1.284 -1.0113 -5.7782 0.13092 -5.9115 -2.5066 -2.1969 -0.66902
1 1 1 2 75.413 0.52767 -4.0427 3.208 1.1624 -1.4683 -2.1685 0.48458 -5.221 -2.0177 -5.6058 -1.1103 0.51332 0.94826
1 1 1 2 75.496 0.8675 -5.4439 2.5137 1.729 -2.8546 -2.8382 -0.63286 -5.4127 -1.1961 -3.5558 0.44692 0.67186 0.052167
1 1 1 2 75.505 1.0536 -5.2302 2.5838 1.478 -3.6438 -3.4944 -2.8646 -5.5788 -0.86688 -1.4854 1.0399 -0.10719 -1.0491
1 1 1 2 75.478 1.0569 -4.8138 2.8685 1.4279 -3.7455 -3.7901 -3.9259 -5.434 -0.75831 -0.65529 1.1499 -0.78515 -1.483
1 1 1 2 75.475 0.8251 -3.4724 3.941 1.6359 -3.7985 -2.847 -4.4489 -4.3324 -0.19846 -0.79675 0.17778 -1.7187 -2.5035
1 1 1 2 75.509 0.69034 -3.1598 4.3399 1.9017 -3.4962 -2.086 -3.729 -4.1371 -0.34743 -1.2544 -0.090311 -1.7657 -3.1503
1 1 1 2 75.668 0.61691 -3.0098 4.3478 2.3501 -2.5459 -0.88319 -1.8229 -3.9596 -1.6784 -4.0171 -1.4238 -1.5286 -3.8547
1 1 1 2 75.627 0.65793 -3.3928 3.4282 1.9224 -1.7861 -0.43631 -0.86155 -3.9754 -2.9823 -5.4374 -2.7253 -1.4525 -3.8257
1 1 1 2 75.557 0.70878 -3.6312 2.9661 1.495 -1.422 -0.35392 -0.45068 -3.6148 -3.2696 -5.7962 -3.4675 -1.4364 -3.57
1 1 1 2 75.96 0.7307 -4.0324 3.4628 3.2005 0.45143 -1.3649 1.0883 -0.63432 -0.78032 -3.4784 -4.1147 -0.24674 -0.6351
1 1 1 2 76.066 0.47453 -3.6088 3.2774 3.8081 0.43797 -1.2593 1.3559 -1.0722 -0.90128 -3.3251 -3.6425 -0.2527 -0.66847
1 1 1 2 76.055 -0.063725 -2.6692 3.5538 4.1137 0.15186 0.1714 1.7135 -2.4534 -1.3901 -4.5076 -3.2646 -0.52533 -1.568
1 1 1 2 76.055 -0.063725 -2.6692 3.5538 4.1137 0.15186 0.1714 1.7135 -2.4534 -1.3901 -4.5076 -3.2646 -0.52533 -1.568
1 1 1 2 75.895 0.047909 -3.0421 3.8023 2.9645 -0.88508 -0.13669 1.3476 -2.882 -0.78327 -5.0345 -3.1932 -0.48859 -1.6605
1 1 1 2 75.117 0.47925 -4.9595 2.8071 1.0382 -3.6975 0.42857 0.20154 -1.502 0.2232 -2.8323 1.2086 -0.053122 -3.351
1 1 1 2 75.184 0.49065 -4.6225 2.9524 0.89135 -3.7771 0.84538 0.15138 -1.4354 0.05014 -2.0054 2.5304 0.096365 -3.7076
1 1 1 2 75.129 0.86745 -3.4628 3.0562 0.63332 -3.7801 -1.5471 0.1674 -1.5306 -1.7771 -0.30171 4.2695 0.47871 -3.5369
1 1 1 2 75.129 0.86745 -3.4628 3.0562 0.63332 -3.7801 -1.5471 0.1674 -1.5306 -1.7771 -0.30171 4.2695 0.47871 -3.5369
1 1 1 2 75.293 1.248 -3.4919 2.4077 -0.31143 -1.3853 -2.164 -0.879 -1.1937 -1.3103 1.2445 2.2028 -1.366 -0.33316
1 1 1 2 75.355 1.1476 -3.3852 2.3792 -0.42814 -1.1749 -2.0282 -1.6891 -1.1662 -1.1256 1.6264 1.676 -1.4564 -0.055767
1 1 1 2 75.719 1.4625 -3.7986 4.8697 0.26189 -1.6931 -3.4562 -2.001 -0.85958 0.54542 -1.198 -1.7236 -1.164 -2.8004
1 1 1 2 75.719 1.4625 -3.7986 4.8697 0.26189 -1.6931 -3.4562 -2.001 -0.85958 0.54542 -1.198 -1.7236 -1.164 -2.8004
1 1 1 2 75.808 1.8924 -4.2691 5.3338 0.70955 -3.989 -5.5575 -2.084 -1.9338 -0.75873 -1.9565 -0.09981 -0.83592 -5.3808
1 1 1 2 75.91 1.8195 -4.2717 5.4529 0.76739 -3.8373 -5.5104 -2.1894 -1.9561 -0.97818 -1.825 -0.052751 -1.2436 -4.9729
1 1 1 2 75.91 1.8195 -4.2717 5.4529 0.76739 -3.8373 -5.5104 -2.1894 -1.9561 -0.97818 -1.825 -0.052751 -1.2436 -4.9729
1 1 1 2 75.819 1.1722 -5.0259 5.6686 -0.118 -3.6932 -4.0062 -1.7497 -2.5186 -1.833 -2.0584 -1.4742 -1.1956 -2.3347
1 1 1 2 75.605 1.3629 -4.8029 5.6573 -0.0019483 -4.0377 -1.9454 -2.5578 -2.9622 -2.7878 -2.9112 -0.30623 1.0173 -1.9276
1 1 1 2 75.553 0.9571 -3.6286 5.1797 1.1583 -3.8525 -0.13994 -0.90316 -2.9896 -4.6309 -4.9659 3.3977 2.9072 -1.6972
1 1 1 2 75.362 0.43805 -3.7968 4.7826 1.7481 -4.1091 -3.1649 -0.47052 -1.082 -3.0423 -6.7526 2.7179 4.0975 -1.9308
1 1 1 2 75.355 0.5115 -3.4167 5.0343 -0.6113 -3.862 -4.2591 -1.492 -1.1994 0.53899 -4.8985 1.8157 4.7095 -3.5552
1 1 1 2 75.508 0.49379 -2.673 5.3556 -1.5896 -4.4501 -3.0787 -1.8742 -2.3506 0.51785 -3.4541 2.6561 3.4368 -3.0272
1 1 1 2 75.667 0.4654 -2.2869 4.9407 -2.134 -4.52 -2.2655 -2.3394 -2.1296 -0.19374 -3.6217 2.2703 2.0847 -2.3571
1 1 1 2 75.95 0.47466 -2.4453 4.2033 -2.7199 -4.3083 -1.8319 -2.6762 -0.95212 -0.95923 -4.7179 0.23944 0.0054226 -1.6163
1 1 1 2 76.041 0.50011 -2.7007 3.9883 -2.8204 -4.5403 -1.9413 -2.3657 -0.92364 -1.4601 -5.0484 -0.41968 -0.67792 -1.3984
1 1 1 2 76.198 0.42725 -2.4995 3.0897 -2.8742 -5.7715 -3.0874 -1.5655 -0.70768 -1.7541 -3.8527 -1.078 -1.5263 -0.93021
1 1 1 2 76.486 -0.32522 -1.4643 1.7862 -1.8176 -7.1804 -3.1753 -1.2955 -0.16093 -2.249 -3.3963 0.15736 -1.531 -0.59282
1 1 1 2 76.893 -1.3008 -0.75005 1.2422 0.15144 -6.9039 -2.2905 -0.38622 0.88823 -2.3306 -3.691 1.4772 -0.668 -1.3433
1 1 1 2 76.942 -1.457 -1.0273 1.3225 0.73772 -6.6505 -1.8034 -0.30035 0.53897 -1.836 -3.6984 1.3242 -0.22098 -1.3858
1 1 1 2 76.942 -1.457 -1.0273 1.3225 0.73772 -6.6505 -1.8034 -0.30035 0.53897 -1.836 -3.6984 1.3242 -0.22098 -1.3858
1 1 1 2 76.942 -1.457 -1.0273 1.3225 0.73772 -6.6505 -1.8034 -0.30035 0.53897 -1.836 -3.6984 1.3242 -0.22098 -1.3858
1 1 1 2 76.935 -1.4619 -1.4763 1.5112 1.2401 -6.3839 -1.5581 -0.51836 -0.20646 -1.2842 -3.1845 1.1969 0.2775 -1.0615
1 1 1 2 76.851 -1.3384 -1.991 1.7622 1.5195 -5.9979 -1.4182 -0.80221 -1.0787 -0.61485 -2.4712 1.0207 0.92475 -0.52303
1 1 1 2 76.386 -0.016716 -3.6548 4.4171 0.82379 -5.2082 -3.0195 -1.7454 -2.1909 1.1114 -0.28267 2.2336 2.8346 -0.86751
1 1 1 2 76.248 0.11643 -3.8852 5.2919 0.81694 -5.1083 -3.5016 -2.0698 -1.8496 0.75127 -0.33697 2.6292 3.1685 -1.1861
1 1 1 2 75.967 0.20795 -3.7161 6.4859 0.97406 -4.5631 -3.8562 -2.5476 -1.4611 -0.54778 -1.9756 2.0069 3.1408 -1.9534
1 1 1 2 75.82 0.1531 -3.5415 6.6055 1.0201 -4.1546 -3.776 -2.492 -1.5402 -1.1835 -3.1899 1.2132 2.7523 -2.2531
1 1 1 2 75.75 0.19448 -2.9908 4.5605 -0.16457 -3.2977 -2.2201 -0.44387 -1.8119 -2.2127 -4.4229 -1.5647 1.5843 -3.1111
1 1 1 2 76.117 0.48382 -3.4579 3.3899 -1.1185 -1.4949 0.83822 0.48673 -2.653 -0.44325 -1.2221 0.84392 0.11775 -2.268
1 1 1 2 76.241 0.33676 -4.1398 4.6475 -0.48997 -2.0864 0.45911 -0.84616 -2.4673 -0.66705 -0.84141 2.4646 -1.0475 -2.2437
1 1 1 2 76.214 0.14191 -4.4856 5.3104 -0.12848 -2.6368 0.090392 -1.6246 -2.2755 -0.43922 -0.69975 2.9783 -1.4883 -2.4
1 1 1 2 76.222 0.022593 -5.3496 6.0007 0.18237 -5.0093 -0.72714 -4.551 -2.8753 -0.31997 -1.8729 0.68718 -2.0477 -1.0268
1 1 1 2 76.524 0.19243 -4.7414 5.6313 -0.041829 -5.5237 -2.9682 -2.7528 -4.3025 -1.1127 -4.6125 -1.0459 -1.0546 -0.63398
1 1 1 2 76.384 0.36751 -5.0249 4.5773 -0.93987 -5.6904 -3.1319 -0.044109 -2.4174 -1.8166 -3.7261 -0.19376 -0.59831 -2.0428
1 1 1 2 76.219 0.32828 -5.5521 4.538 -1.2437 -5.8409 -1.7712 0.46442 -1.224 -1.8936 -3.0206 -0.39073 -0.97038 -2.1587
1 1 1 2 76.219 0.32828 -5.5521 4.538 -1.2437 -5.8409 -1.7712 0.46442 -1.224 -1.8936 -3.0206 -0.39073 -0.97038 -2.1587
1 1 1 2 76.219 0.32828 -5.5521 4.538 -1.2437 -5.8409 -1.7712 0.46442 -1.224 -1.8936 -3.0206 -0.39073 -0.97038 -2.1587
1 1 1 2 76.172 0.32474 -5.6245 4.6538 -1.0171 -5.8088 -1.3612 0.3426 -0.63793 -2.0479 -3.4674 -0.82096 -1.2655 -2.1152
1 1 1 2 76.158 0.31293 -5.6165 4.7472 -0.66267 -5.5935 -1.2541 0.36596 0.052405 -2.3006 -4.172 -1.0848 -1.6546 -2.1505
1 1 1 2 76.225 0.20208 -5.4203 4.5753 0.54536 -4.6241 -1.6317 0.62356 1.1483 -2.5762 -4.9761 -1.0336 -1.9579 -2.0455
1 1 1 2 76.341 0.13133 -4.5486 4.4815 2.5538 -4.2971 -1.7839 -0.094032 0.97765 -1.336 -4.0941 -1.6817 -2.0881 -0.83999
1 1 1 2 76.26 0.15602 -4.8756 3.9968 2.6772 -4.8565 -2.2198 -1.2816 -1.9809 -0.043421 -2.69 -0.18561 -1.082 -1.913
1 1 1 2 76.142 0.1116 -5.4868 3.9462 2.571 -4.3216 -1.1111 -0.22597 -3.0269 -0.64059 -0.94692 2.3578 1.5658 -2.5783
1 1 1 2 76.153 0.022314 -5.6193 4.4582 2.3202 -3.9422 -0.71703 -0.6776 -2.7467 -0.8342 -0.23583 2.7754 2.4868 -2.3756
1 1 1 2 76.251 -0.044125 -5.4004 5.3991 0.90695 -3.514 -1.6344 -2.3595 -2.1486 -1.355 0.67724 2.7366 3.0736 -1.405
1 1 1 2 76.263 -0.13472 -4.3456 6.334 -1.2983 -1.4628 -6.512 -4.3425 -1.7716 -1.5969 -1.248 1.2795 1.7888 -0.65141
1 1 1 2 76.22 -0.082256 -4.1007 6.5845 -1.3298 -1.087 -6.759 -4.0106 -1.6377 -1.5522 -1.7597 0.89185 1.9367 -0.31535
1 1 1 2 75.994 0.047807 -4.6952 6.6362 -0.68929 -2.2971 -3.9014 -3.3424 -0.093072 -0.26894 -3.3397 -0.034769 2.7676 1.4579
1 1 1 2 76.524 -0.77047 -4.4131 5.8842 -0.83071 -3.0112 -1.0938 -2.0078 -0.060023 -1.6929 -3.3844 -1.483 -0.091992 0.88818
1 1 1 2 76.567 -0.86316 -3.8004 5.6975 -0.59697 -2.3564 -0.071272 -0.46899 -0.8547 -2.7756 -1.8337 -1.291 -1.7019 -1.5057
1 1 1 2 76.637 -0.21028 -3.7787 6.2311 -1.1961 -2.476 -0.030361 -0.89382 -1.1005 -2.2534 -1.2839 0.27719 -1.3662 -2.2206
1 1 1 2 76.758 0.24579 -4.4391 6.068 -1.5562 -2.0432 -0.31664 -0.98933 -1.2044 -1.4605 -2.2094 1.3488 -0.82925 -1.5779
1 1 1 2 76.819 0.33242 -4.6758 5.7273 -1.6559 -1.8233 -0.57665 -0.64109 -1.0913 -1.2626 -2.6337 1.5129 -0.74565 -1.1069
1 1 1 2 76.845 0.29335 -4.8841 5.2686 -1.5959 -1.6911 -0.94128 -0.18447 -0.86054 -1.305 -2.8104 1.2302 -0.68914 -0.75014
1 1 1 2 76.837 0.070142 -5.0732 4.8288 -1.5 -1.4502 -1.3713 0.49835 -0.79533 -1.574 -2.5775 0.41317 -0.61275 -0.38432
1 1 1 2 76.752 -0.59629 -5.4123 4.6127 -1.32 -1.5904 -1.6231 0.85152 -1.7428 -1.3411 -1.874 -1.8699 -0.89089 0.17338
1 1 1 2 76.702 -0.79349 -5.467 4.7202 -2.0807 -2.8288 -1.8887 -0.82047 -3.0306 -0.82806 -2.3794 -2.6207 -0.94872 -0.31976
1 1 1 2 76.673 -0.31984 -5.3194 4.7447 -2.6962 -3.2559 -0.94413 -1.374 -2.7539 -1.4628 -5.7375 -1.7946 -0.25451 -2.6179
1 1 1 2 76.475 0.21111 -5.0109 4.5355 -2.1616 -3.0257 0.31403 -0.16009 -1.0422 -2.3159 -6.3067 -0.78489 -0.32565 -3.6875
1 1 1 2 75.908 0.79969 -4.4604 3.1046 -1.994 -2.8549 0.71582 0.17338 1.133 -2.8088 -3.7569 1.1224 -0.89887 -1.3829
1 1 1 2 75.642 -0.2696 -3.7624 3.013 -2.9962 -2.5504 -3.5302 -3.1907 0.24978 -0.72122 -1.9391 -0.42395 -0.62292 -1.4498
1 1 1 2 75.821 -1.0152 -4.8397 4.8272 -1.0554 -3.0784 -3.7781 -6.0392 -2.4838 1.0153 -4.1849 -1.7633 -2.5171 -2.4396
1 1 1 2 75.821 -1.0152 -4.8397 4.8272 -1.0554 -3.0784 -3.7781 -6.0392 -2.4838 1.0153 -4.1849 -1.7633 -2.5171 -2.4396
1 1 1 2 76.277 -0.95943 -5.3201 5.4903 -1.8699 -3.4513 -2.4843 -3.9144 -1.7625 3.4124 -3.7381 -0.3968 -1.4004 -1.9343
1 1 1 2 76.369 -0.89121 -5.1126 5.205 -2.0766 -3.2167 -2.0223 -3.3573 -1.526 3.6033 -3.4589 0.0458 -0.044498 -1.7805
1 1 1 2 76.534 -0.66445 -4.0606 4.6857 -2.0327 -2.3539 -0.95722 -3.1614 -1.7519 3.2712 -3.1666 0.28135 2.1743 -1.7558
1 1 1 2 76.534 -0.66445 -4.0606 4.6857 -2.0327 -2.3539 -0.95722 -3.1614 -1.7519 3.2712 -3.1666 0.28135 2.1743 -1.7558
1 1 1 2 76.519 -0.26669 -2.4036 4.4961 -1.5598 -0.61672 0.0059596 -2.9111 -3.6778 2.237 -2.0547 0.3711 2.3229 -1.905
1 1 1 2 76.518 -0.14124 -2.207 4.6343 -1.97 -0.6337 0.035549 -2.6672 -4.4216 1.3451 -1.7259 0.50892 1.4797 -1.453
1 1 1 2 76.509 -0.014335 -2.873 4.6568 -3.3859 -2.3031 -0.42817 -2.0733 -5.3812 -1.2544 -2.8929 -0.42014 -0.83176 0.068934
1 1 1 2 76.407 -0.29277 -4.0826 4.7375 -3.5575 -4.0636 -0.58647 -2.1596 -4.9179 -2.3242 -5.4568 -1.8375 -1.1438 0.21283
1 1 1 2 76.351 -0.58037 -4.5884 6.1582 -2.0038 -4.5386 0.60927 -1.6358 -4.0878 -1.6363 -6.5247 -2.2516 -1.2345 -0.64317
1 1 1 2 76.319 -0.59493 -4.5698 6.5062 -1.4715 -4.1085 1.1434 -1.4838 -3.7333 -1.0004 -5.8506 -2.2346 -1.4545 -1.1929
1 1 1 2 75.994 0.04239 -3.208 7.8939 -3.2089 -2.9785 3.0738 -2.9516 -0.6499 -0.83198 -1.3416 -1.7596 -2.9253 -1.6707
1 1 1 2 75.994 0.04239 -3.208 7.8939 -3.2089 -2.9785 3.0738 -2.9516 -0.6499 -0.83198 -1.3416 -1.7596 -2.9253 -1.6707
1 1 1 2 75.844 -0.051622 -3.2497 8.1157 -3.24 -3.2305 2.7601 -2.9961 -0.88653 -1.0943 -0.9362 -1.8469 -2.9218 -1.6049
1 1 1 2 76.04 -0.022261 -4.2348 6.254 -2.6409 -7.0429 -0.3579 -1.8851 -4.3942 -4.7638 -0.26075 1.7655 0.99497 -0.75399
1 1 1 2 76.211 0.012199 -4.2693 6.0921 -2.4738 -6.9289 -0.75458 -1.8815 -5.0012 -5.5657 -1.1317 1.4882 0.4358 -0.78878
1 1 1 2 76.349 0.0013651 -4.1222 6.0746 -2.0497 -4.8187 -1.4648 -0.81553 -4.7185 -6.7739 -3.2086 0.45124 -0.43715 -0.45446
1 1 1 2 76.445 0.26841 -3.8959 5.7786 -2.105 -4.1949 -2.1356 -0.44339 -1.8828 -4.7862 -2.8637 0.78964 0.3415 -0.18484
1 1 1 2 76.348 0.29968 -3.7677 6.4089 -1.9882 -4.4842 -1.1856 0.2881 -0.37063 -3.1276 -2.4241 -0.05431 0.52985 -0.61384
1 1 1 2 76.116 -0.078854 -4.1124 5.3417 -3.8306 -5.2865 -1.0965 -1.9366 -3.5497 -4.242 -3.5289 -1.1577 0.85529 0.9238
1 1 1 2 76.16 0.19987 -4.2386 5.1035 -3.6004 -5.2642 -1.1235 -2.1885 -3.9459 -4.6602 -3.1146 -0.86683 0.88087 0.80445
1 1 1 2 76.174 0.48614 -4.294 5.2219 -3.3081 -5.2392 -0.83724 -2.6445 -3.9516 -4.8279 -2.6743 -0.82257 0.8995 0.46551
1 1 1 2 76.114 0.73483 -4.3385 5.43 -3.0908 -5.3315 -0.43775 -3.1253 -3.3819 -4.7368 -2.3342 -0.98451 0.94152 0.23022
1 1 1 2 75.86 0.7263 -3.8963 5.6072 -2.2258 -5.7239 -0.5649 -3.5467 -0.75555 -2.7147 -1.6689 -2.2895 0.85021 0.11919
1 1 1 2 76.033 -0.44452 -3.3113 7.6346 -1.3967 -5.2906 -0.84809 -3.3991 -2.547 -1.8491 -3.0241 -0.61274 -0.43735 0.043379
1 1 1 2 76.033 -0.44452 -3.3113 7.6346 -1.3967 -5.2906 -0.84809 -3.3991 -2.547 -1.8491 -3.0241 -0.61274 -0.43735 0.043379
1 1 1 2 75.887 -0.10912 -4.4236 6.2408 -0.6379 -3.9923 1.3022 -5.4053 -2.8985 -2.6425 -4.9463 2.2527 -1.8598 -1.7037
1 1 1 2 75.972 -0.30047 -4.222 6.087 -0.31578 -3.8126 0.35339 -6.2263 -3.6515 -2.3905 -4.2957 1.3104 -1.7144 -1.8866
1 1 1 2 76.182 -0.60703 -3.4879 6.5434 -1.3769 -3.2484 -1.308 -5.6445 -4.7324 -1.933 -4.7593 -0.37242 0.29077 -2.0842
1 1 1 2 76.249 -0.86623 -2.8231 6.6896 -2.2195 -1.9719 -3.4224 -3.8949 -4.9355 -2.9662 -5.4426 -3.1645 0.11938 -2.854
1 1 1 2 76.299 -0.84646 -2.7842 6.3805 -0.86589 -1.3307 -3.627 -2.7265 -3.9265 -4.4472 -4.5129 -3.5831 -0.19747 -2.6179
1 1 1 2 76.17 0.082296 -4.5237 4.7358 1.0998 -4.2237 -0.6399 -0.5712 -0.22893 -5.9543 -2.3287 0.019084 -0.45788 -2.3317
1 1 1 2 76.109 -0.26315 -5.1449 5.2425 0.18608 -5.3167 -1.5027 -2.4056 -2.2616 -4.4331 -3.1129 -0.4579 -1.3082 -2.2406
1 1 1 2 76.244 -0.25316 -4.0453 6.8985 0.70222 -4.1213 -2.4219 -4.3196 -2.5896 0.56717 -4.0118 -0.057791 -0.48137 -2.2706
1 1 1 2 76.327 0.031495 -4.2776 6.3179 -0.42909 -3.7852 -1.7738 -3.8907 -2.0447 1.4986 -3.999 0.57607 0.6508 -2.7462
1 1 1 2 75.838 0.16227 -3.3673 7.8241 -2.034 -5.92 -0.9992 -2.1625 -2.8031 -3.1951 -4.0258 -2.5859 0.65098 -1.3788
1 1 1 2 75.859 0.24959 -3.036 7.5236 -1.8241 -6.1262 -1.2134 -2.1183 -2.6755 -3.3088 -3.65 -1.9647 0.99614 -1.3978
1 1 1 2 75.787 0.35362 -2.2295 6.3819 -2.019 -6.8155 -1.3562 -1.8679 -2.1502 -2.4283 -3.3488 -0.57981 0.65963 -1.0106
1 1 1 2 75.69 0.25036 -2.4071 6.5073 -2.672 -7.4275 -1.9844 -2.4623 -2.2639 -2.6748 -3.8792 -0.76173 -0.26283 -0.77987
1 1 1 2 75.69 0.25036 -2.4071 6.5073 -2.672 -7.4275 -1.9844 -2.4623 -2.2639 -2.6748 -3.8792 -0.76173 -0.26283 -0.77987
1 1 1 2 75.603 0.17535 -2.7274 6.6332 -2.8742 -7.5158 -2.394 -2.6954 -2.4346 -3.2522 -4.4353 -0.66876 -0.36518 -0.69491
1 1 1 2 75.542 -0.40749 -4.6991 6.8698 -1.1555 -2.9849 -2.6923 -0.96146 -3.9117 -5.5867 -6.922 2.5523 0.7216 -2.4018
1 1 1 2 75.841 -0.26902 -4.5026 6.2687 -0.49423 -2.0737 -3.2354 -0.37989 -3.192 -5.4211 -6.6702 3.0594 1.4323 -1.2103
1 1 1 2 75.892 -0.11508 -4.2529 4.9042 -0.77419 -1.6096 -4.0971 -1.9117 -2.7907 -5.5592 -6.7489 1.9039 2.792 2.029
1 1 1 2 75.508 0.021491 -4.907 4.6716 -2.4801 -1.8584 -0.46135 -2.7911 -4.1049 -2.8314 -7.0956 0.95233 1.9809 0.7376
1 1 1 2 75.576 -0.045556 -4.1951 5.2848 -3.2736 -1.3374 -0.84536 0.50386 -1.6522 -1.5028 -7.2838 0.28871 0.38322 -1.8325
1 1 1 2 75.921 0.36852 -3.6162 4.5488 -3.8646 -3.548 -3.6654 1.2527 -1.2864 -5.4675 -6.4715 -0.36014 -0.14747 -2.3169
1 1 1 2 75.935 0.42615 -3.5278 4.3819 -3.4332 -3.9509 -3.3706 1.9224 -1.0709 -5.8349 -5.6801 -0.38331 -0.0019492 -2.0581
1 1 1 2 75.932 0.39476 -3.2941 4.3277 -2.8555 -4.1953 -2.7452 2.5213 -0.58355 -5.561 -4.819 -0.11451 0.1694 -1.54
1 1 1 2 75.932 0.39476 -3.2941 4.3277 -2.8555 -4.1953 -2.7452 2.5213 -0.58355 -5.561 -4.819 -0.11451 0.1694 -1.54
1 1 1 2 76.256 -0.53792 -3.3269 6.8036 -1.7951 -3.3408 -3.654 -1.0691 -0.83393 1.9834 -4.2757 -1.8225 -0.43872 1.0154
1 1 1 2 76.34 -0.59404 -3.7732 6.7494 -2.0186 -3.5897 -4.2813 -0.72767 -0.72591 1.7396 -4.7439 -1.6685 -1.0551 0.97
1 1 1 2 76.524 0.32502 -4.7948 6.2887 -1.6476 -3.7775 -2.4631 1.9433 1.5827 1.7008 -5.3762 -0.83714 0.95713 0.53092
1 1 1 2 76.524 0.32502 -4.7948 6.2887 -1.6476 -3.7775 -2.4631 1.9433 1.5827 1.7008 -5.3762 -0.83714 0.95713 0.53092
1 1 1 2 76.532 0.39418 -5.6349 6.1027 -1.6257 -4.9102 -1.7091 2.1428 0.386 -0.7491 -2.2367 -0.07231 3.1621 -0.54004
1 1 1 2 76.416 0.26723 -5.7772 6.1201 -1.5305 -5.2933 -1.5099 1.8105 0.043923 -1.7955 -1.7429 0.081122 3.5469 -0.62569
1 1 1 2 76.25 0.066209 -5.7453 6.0352 -1.6087 -5.5376 -1.3264 1.319 -0.31948 -2.9238 -1.7313 0.22794 3.7665 -0.20951
1 1 1 2 75.998 -0.003979 -4.3396 3.4459 -2.7888 -3.8297 -2.1823 -2.2817 -1.724 -4.8963 -2.5723 0.58484 2.2276 3.5223
1 1 1 2 76.102 0.13051 -4.012 3.3154 -3.1708 -3.3588 -2.3032 -2.7043 -1.7119 -4.0738 -2.5805 0.48911 2.1669 3.4835
1 1 1 2 76.211 0.19854 -3.7894 3.5505 -3.5253 -2.9477 -2.3446 -2.7037 -1.4167 -2.9386 -2.4202 0.23432 2.3598 2.773
1 1 1 2 76.299 0.087095 -3.6443 4.4474 -3.8263 -2.799 -2.429 -2.037 -0.072615 -1.1094 -2.0596 -0.6204 2.3763 0.76149
1 1 1 2 76.299 0.087095 -3.6443 4.4474 -3.8263 -2.799 -2.429 -2.037 -0.072615 -1.1094 -2.0596 -0.6204 2.3763 0.76149
1 1 1 2 76.19 -0.20747 -3.941 5.5473 -3.2238 -3.3381 -2.4206 -1.1505 0.71219 -0.20355 -1.9452 -1.6156 2.1296 -1.1884
1 1 1 2 76.113 -0.29427 -4.3493 5.7469 -2.8977 -3.6185 -2.2098 -0.59084 0.48148 -0.23911 -1.9525 -1.6287 2.2413 -1.8718
1 1 1 2 76.055 0.015118 -4.8853 5.5208 -2.6667 -3.7453 -1.5747 0.34057 -0.40179 -0.96811 -1.8145 -0.94011 2.4767 -1.9745
1 1 1 2 76.037 0.26318 -4.9465 5.3768 -2.7905 -3.8444 -1.4933 0.69494 -1.0033 -1.2187 -1.917 -0.8483 1.9016 -1.6718
1 1 1 2 75.972 0.6344 -4.6493 5.5337 -2.5722 -3.4924 -1.3344 1.3661 -2.0697 -1.7767 -2.0698 -1.4621 -0.20181 -0.6808
1 1 1 2 75.839 -0.0030557 -3.8616 6.5483 -1.2314 -4.2045 -1.5752 -0.64941 -2.3539 -3.8379 -3.4247 -4.5443 -3.0302 -0.64514
1 1 1 2 75.839 -0.0030557 -3.8616 6.5483 -1.2314 -4.2045 -1.5752 -0.64941 -2.3539 -3.8379 -3.4247 -4.5443 -3.0302 -0.64514
1 1 1 2 76.262 0.36012 -3.8056 6.2767 -1.1574 -4.2173 -1.7043 -4.7296 -2.1139 -2.0063 -5.2599 -0.39017 -1.8727 -1.628
1 1 1 2 76.439 0.58765 -3.6856 5.1392 -1.3494 -4.2769 -1.7078 -4.6154 -3.1181 -0.86436 -4.7332 -0.050286 -2.1135 -1.9515
1 1 1 2 76.547 0.16102 -4.0973 3.3758 -0.92183 -2.7323 -1.464 -3.2074 -3.4032 0.59497 -3.1939 -0.92753 0.10637 -1.4889
1 1 1 2 76.547 0.16102 -4.0973 3.3758 -0.92183 -2.7323 -1.464 -3.2074 -3.4032 0.59497 -3.1939 -0.92753 0.10637 -1.4889
1 1 1 2 76.589 0.0026695 -4.2515 3.5401 -0.82346 -2.1996 -1.7079 -3.2121 -3.5175 0.26993 -3.3118 -1.2414 0.80826 -1.5959
1 1 1 2 76.616 -0.13085 -4.2498 3.9961 -0.55998 -1.9906 -2.3324 -2.9465 -4.5956 -1.0855 -3.6927 -1.0882 1.7872 -1.5147
1 1 1 2 76.572 -0.084886 -4.0919 4.0795 -0.44152 -2.1475 -2.5163 -2.3543 -5.3237 -1.8699 -3.8132 -0.58426 1.9701 -1.3461
1 1 1 2 76.507 0.24472 -3.69 3.6842 -0.42584 -2.5557 -3.058 -1.3685 -5.7398 -2.6262 -3.8964 0.27287 0.84136 -1.331
1 1 1 2 76.604 0.53191 -3.6537 3.1208 -0.2439 -2.1256 -3.029 -1.6049 -4.7073 -2.9227 -3.9602 0.48501 -1.0567 -1.1497
1 1 1 2 76.604 0.53191 -3.6537 3.1208 -0.2439 -2.1256 -3.029 -1.6049 -4.7073 -2.9227 -3.9602 0.48501 -1.0567 -1.1497
1 1 1 2 76.507 0.25059 -5.1593 1.979 -0.4091 -1.4306 -0.20806 -3.1042 -0.85618 -2.9784 -4.4936 -2.6252 -2.965 -0.71099
1 1 1 2 76.379 0.1501 -5.6156 1.9196 -0.40861 -1.4451 0.2116 -3.2144 -0.54246 -3.3127 -5.3166 -3.5464 -3.1495 -1.0468
1 1 1 2 76.299 0.047025 -5.8299 2.0717 -0.63288 -1.7097 0.24693 -3.2484 -1.0364 -3.4755 -6.4053 -4.4722 -3.2408 -1.6459
1 1 1 2 76.249 -0.15377 -5.8251 2.4125 -1.0318 -2.0759 -0.092575 -3.0785 -1.7698 -3.6753 -7.3195 -5.0431 -3.5351 -2.2157
1 1 1 2 76.225 -0.44809 -5.6284 2.7454 -1.7429 -2.4048 -0.83883 -2.8606 -2.3181 -3.5989 -8.0971 -5.167 -4.0693 -2.8526
1 1 1 2 76.144 -0.94916 -4.9607 3.0765 -3.2474 -3.223 -2.7567 -2.6424 -3.2852 -3.5021 -7.6113 -3.7182 -4.4939 -3.9665
1 1 1 2 76.099 -0.69139 -4.8464 3.7614 -2.7186 -2.4784 -2.8512 -2.6639 -3.1582 -3.2221 -5.7713 -2.8092 -4.1279 -4.3077
1 1 1 2 76.111 -0.37001 -4.8382 4.1471 -2.1473 -1.9872 -2.4899 -2.8741 -2.82 -3.2029 -5.3783 -2.8452 -3.4193 -3.9045
1 1 1 2 76.196 0.15612 -4.6248 4.8167 -0.87292 -1.6601 -0.91557 -2.9653 -1.1228 -3.0071 -4.906 -2.7937 -1.77 -2.1504
1 1 1 2 76.318 0.33545 -3.9161 5.2658 0.023582 -1.7504 1.0688 -2.1077 0.21244 -2.0974 -4.6128 -1.4275 0.014686 -0.26347
1 1 1 2 76.318 0.33545 -3.9161 5.2658 0.023582 -1.7504 1.0688 -2.1077 0.21244 -2.0974 -4.6128 -1.4275 0.014686 -0.26347
1 1 1 2 76.626 0.60337 -3.3202 4.6939 -0.65106 -3.969 0.80567 1.1235 -1.2429 -1.853 -0.98941 0.81972 1.3469 -1.9604
1 1 1 2 76.693 0.55933 -3.3642 4.4079 -0.50747 -4.1408 0.53306 1.0731 -2.3613 -2.1446 -0.78043 0.37173 1.0522 -2.1266
1 1 1 2 76.706 0.16776 -3.6941 4.072 -0.26182 -4.2205 0.26301 0.020613 -4.6773 -3.4565 -1.1075 -1.4479 0.75418 -1.6276
1 1 1 2 76.611 -0.06559 -3.9056 3.9628 -0.21038 -4.3112 0.23843 -0.42925 -5.6275 -4.3535 -1.7122 -2.5686 0.33351 -1.1694
1 1 1 2 76.452 -0.082835 -3.9814 4.5236 0.050104 -3.9486 0.92441 -0.16375 -5.3235 -4.9887 -2.5673 -3.8629 -0.53616 -0.10107
1 1 1 2 76.452 -0.082835 -3.9814 4.5236 0.050104 -3.9486 0.92441 -0.16375 -5.3235 -4.9887 -2.5673 -3.8629 -0.53616 -0.10107
1 1 1 2 76.442 0.029063 -3.9974 5.0851 0.073183 -3.7358 1.0679 0.036033 -4.5902 -4.9414 -2.6513 -3.6588 -0.59319 0.13943
1 1 1 2 76.392 0.32252 -4.1927 5.5215 0.066458 -3.5539 0.28215 0.24679 -2.9458 -4.2165 -2.1538 -2.2813 -0.39954 -0.34943
1 1 1 2 76.392 0.32252 -4.1927 5.5215 0.066458 -3.5539 0.28215 0.24679 -2.9458 -4.2165 -2.1538 -2.2813 -0.39954 -0.34943
1 1 1 2 76.077 0.4598 -4.1425 5.0801 -0.10472 -3.7947 -0.74953 -1.3029 -3.3314 -0.71736 -1.1959 -0.69408 1.1293 -2.0413
1 1 1 2 76.066 0.38092 -3.7505 4.8299 -0.68446 -3.5361 0.38485 -1.4691 -4.3211 -0.51621 -1.7128 -0.62966 0.89357 -2.1861
1 1 1 2 76.062 0.37634 -3.6701 4.9506 -0.77908 -3.52 0.54936 -1.5408 -4.558 -0.67013 -1.9016 -0.46988 0.20645 -2.4258
1 1 1 2 75.846 0.4977 -3.8151 5.7899 -0.7536 -5.1355 -1.8602 -2.3807 -3.3718 -2.6416 -2.8547 -0.27617 -2.5503 -3.1315
1 1 1 2 75.827 0.66514 -4.0093 6.396 0.023443 -5.25 -2.8057 -2.7448 -2.4295 -2.1451 -2.7988 0.33355 -2.5539 -2.9004
1 1 1 2 76.108 0.89748 -4.365 7.0176 0.62673 -3.5997 -3.504 -2.899 -1.2378 -0.65982 -2.861 0.046375 -1.347 -2.7135
1 1 1 2 76.226 0.95856 -4.5638 7.0545 0.87952 -2.4858 -3.7011 -2.7558 -0.81998 -0.34152 -2.7951 -0.52462 -0.94866 -2.5086
1 1 1 2 76.299 1.0648 -4.7758 5.2539 0.61595 -2.3252 -2.3566 -1.1056 -0.50233 -0.83918 -2.0648 -2.3976 -0.52475 -1.0831
1 1 1 2 76.174 0.97428 -4.5184 4.7866 0.4213 -3.7793 -0.97728 -0.72114 -1.1957 -0.57721 -1.5651 -2.3915 -0.85532 -0.43894
1 1 1 2 76.053 0.49561 -4.3686 5.2711 0.9511 -4.3081 0.23541 -1.1286 -1.7099 0.12128 -1.7166 -1.9965 0.64159 -0.63954
1 1 1 2 75.763 0.56995 -4.4351 4.6915 0.98349 -4.9141 -0.8535 -3.5343 -3.396 -1.2505 -4.5804 -2.3849 1.7303 -0.72893
1 1 1 2 75.8 0.57409 -4.0269 4.7293 0.62532 -3.8808 -0.46197 -3.6303 -4.3541 -1.6716 -5.3804 -2.0467 1.7498 -0.77081
1 1 1 2 76.083 -0.51671 -4.6502 5.969 -0.6506 -4.394 -0.20277 -2.182 -3.0242 -0.7206 -5.0216 -1.3464 1.2324 -1.7872
1 1 1 2 76.094 -0.55832 -4.7753 6.1354 -0.60296 -4.5721 -0.22182 -1.8445 -2.7169 -0.65401 -4.3884 -1.6156 0.88266 -2.0776
1 1 1 2 76.341 0.22672 -5.6661 4.8311 -0.2107 -2.9929 0.39149 -1.0301 -1.2716 -0.57403 -4.3816 -1.2512 -3.4714 -3.5685
1 1 1 2 76.307 0.015606 -6.2133 5.4536 -0.70037 -2.6343 1.1665 -0.94124 -1.4053 0.24287 -4.7862 -0.9275 -3.7151 -2.5326
1 1 1 2 76.307 0.015606 -6.2133 5.4536 -0.70037 -2.6343 1.1665 -0.94124 -1.4053 0.24287 -4.7862 -0.9275 -3.7151 -2.5326
1 1 1 2 76.288 0.0071467 -6.2988 6.0424 -0.97178 -1.9915 1.9191 -0.59636 -1.9928 0.87771 -4.6615 -0.19899 -2.8187 -0.99562
1 1 1 2 76.306 0.072469 -6.1351 6.2705 -0.89315 -1.7769 1.8037 -0.71241 -2.1523 0.86798 -4.6681 0.28225 -2.3443 -0.72692
1 1 1 2 76.052 0.55214 -4.8148 5.6833 -2.0661 -1.0965 -0.73564 -4.6592 -2.9212 -1.2633 -5.3947 -0.013703 -0.88162 -1.4997
1 1 1 2 76.005 0.65686 -4.7987 5.4716 -2.5401 -1.1822 -1.2026 -4.9121 -2.9746 -1.7452 -5.8214 -0.79018 -0.72674 -1.6709
1 1 1 2 76.032 0.86096 -4.79 5.4998 -3.1863 -2.0825 -1.1428 -4.0334 -2.4769 -2.0209 -5.8015 -1.9238 0.21354 -1.1565
1 1 1 2 76.066 0.9081 -4.6106 5.8816 -2.6127 -2.8879 -0.56971 -2.3116 -1.1791 -1.8348 -5.3657 -2.0714 1.2091 -0.97745
1 1 1 2 76.054 0.90248 -4.4771 6.1177 -2.1028 -3.2252 -0.14961 -1.3859 -0.57047 -1.9359 -5.0746 -1.9793 1.7383 -0.69489
1 1 1 2 76.045 0.94878 -4.3936 6.3665 -1.5295 -3.5069 0.36367 -0.58921 -0.197 -2.4051 -4.7311 -1.701 2.3209 -0.22866
1 1 1 2 76.509 0.02133 -4.7661 8.1371 -2.4569 -3.1895 -1.6855 -3.0036 -2.6516 -3.1181 -3.9376 -1.6702 0.53078 -1.5839
1 1 1 2 76.536 -0.23385 -4.7026 7.8952 -3.0449 -3.9259 -2.4475 -3.3988 -2.7879 -3.3373 -4.4477 -1.4599 0.32109 -2.3412
1 1 1 2 76.679 -0.6252 -4.7736 7.2756 -1.7176 -4.3064 -2.8749 -3.5794 -2.577 -2.9991 -5.912 -0.99721 -0.4737 -4.2644
1 1 1 2 76.573 -0.24307 -4.2424 6.7449 -0.51909 -2.7497 -2.698 -1.239 -1.6442 -1.6746 -8.2351 -1.713 -0.36821 -4.0395
1 1 1 2 76.396 -0.023605 -3.8896 6.2017 -0.64855 -2.2627 -2.8285 -0.55537 -1.8181 0.11107 -8.4899 -2.7235 0.19556 -3.1718
1 1 1 2 76.396 -0.023605 -3.8896 6.2017 -0.64855 -2.2627 -2.8285 -0.55537 -1.8181 0.11107 -8.4899 -2.7235 0.19556 -3.1718
1 1 1 2 77.005 -0.26908 -4.5447 8.9204 -1.2601 -2.0685 -2.0429 -4.6885 -1.258 -0.55533 -3.6121 -0.60521 1.6513 -4.4987
1 1 1 2 77.062 -0.20713 -4.5531 8.8721 -1.3398 -1.9452 -1.9341 -4.6664 -1.4155 -0.62745 -3.1941 -0.22609 1.7735 -4.5316
1 1 1 2 77.068 -0.25041 -4.5602 8.6287 -1.5879 -1.9606 -1.7197 -4.3836 -1.6184 -0.62827 -2.912 0.086991 1.8657 -4.3623
1 1 1 2 76.629 -1.234 -5.038 8.5755 -0.13254 -3.7721 -1.1979 0.49005 -2.5723 -2.8026 -3.3053 -0.98665 1.4534 0.36072
1 1 1 2 76.627 -0.556 -5.2629 7.8741 -0.77997 -2.5483 -1.6488 -0.039924 -2.674 -4.3475 -3.2663 -0.77097 0.71837 -0.53735
1 1 1 2 76.627 -0.556 -5.2629 7.8741 -0.77997 -2.5483 -1.6488 -0.039924 -2.674 -4.3475 -3.2663 -0.77097 0.71837 -0.53735
1 1 1 2 76.518 -0.18268 -5.4785 6.8365 -0.74299 -2.3736 -1.3751 -0.72075 -2.8092 -5.3169 -3.7251 -1.3301 -0.17518 -1.2122
1 1 1 2 76.45 -0.010128 -5.1818 5.8052 -0.11171 -4.1478 -1.8511 -0.51675 -2.9826 -4.912 -4.0757 -1.5849 -0.82858 -0.79092
1 1 1 2 76.394 -0.096204 -4.9712 5.7007 0.16463 -4.8798 -2.0736 -0.45365 -2.8127 -4.4439 -4.0456 -1.298 -0.73298 -0.30959
1 1 1 2 75.912 0.0026722 -3.8564 5.3463 -0.068049 -3.9842 -0.2685 0.8682 -3.1603 -5.8942 -2.6276 -2.6191 1.5981 -1.8419
1 1 1 2 75.897 0.053828 -3.3505 5.0716 -0.48058 -3.7657 0.52407 0.7196 -2.6151 -5.433 -2.7993 -1.9431 2.8749 -1.9707
1 1 1 2 75.87 -0.3416 -2.5853 5.3558 -0.83647 -3.0738 1.1086 -1.8095 -1.9892 -4.6386 -2.3418 1.1787 2.9193 -1.7594
1 1 1 2 75.87 -0.3416 -2.5853 5.3558 -0.83647 -3.0738 1.1086 -1.8095 -1.9892 -4.6386 -2.3418 1.1787 2.9193 -1.7594
1 1 1 2 75.899 -0.72304 -2.351 4.3197 0.0052421 -4.7819 -1.2403 -4.936 -5.5589 -4.1531 -1.0549 0.68796 1.6756 2.1842
1 1 1 2 75.993 -0.62794 -2.0452 4.161 0.24945 -4.4872 -1.7252 -4.3827 -5.6622 -3.9749 -0.80623 0.40227 1.5438 2.3249
1 1 1 2 76.34 -0.079657 -1.4091 3.8066 0.15025 -3.13 -2.3532 -2.182 -4.4914 -4.2366 -0.33424 0.071075 -0.42726 1.7077
1 1 1 2 76.222 -0.18631 -1.7222 4.2784 -0.17024 -2.6909 -1.1095 -1.6683 -3.7587 -4.6861 0.18664 -0.60465 -2.0555 1.7776
1 1 1 2 76.146 -0.30438 -1.9991 4.2966 0.070663 -2.7787 -0.84093 -2.1929 -3.599 -4.439 0.32072 -0.90277 -2.2621 2.1718
1 1 1 2 75.941 -0.53668 -2.6561 3.9642 0.84136 -3.289 -0.81094 -3.1306 -3.4756 -3.4808 0.42233 -1.2307 -2.1882 2.9178
1 1 1 2 75.839 -0.29956 -2.8504 4.6309 2.5374 -3.276 -0.74506 -3.8232 -3.0495 -2.4366 -0.48543 -0.51164 -0.9933 2.2223
1 1 1 2 76.037 0.30907 -2.7427 6.0874 1.2735 -4.3778 0.34345 -2.8776 -2.4643 -2.7113 -2.0046 0.71356 -1.3357 -0.17431
1 1 1 2 76.296 0.41066 -2.7687 6.0506 0.55169 -4.0419 0.38218 -3.67 -2.1117 -1.7259 -2.2358 0.69119 -2.2201 -0.13269
1 1 1 2 76.501 0.20855 -2.826 5.371 -0.057203 -3.4263 -0.187 -4.7992 -1.4237 -1.1444 -2.6043 -0.1422 -2.7469 0.55825
1 1 1 2 76.511 -0.05644 -2.8765 4.9931 -0.40236 -3.1784 -0.68527 -5.2405 -1.1958 -1.2034 -2.999 -0.44664 -2.6345 0.78671
1 1 1 2 76.511 -0.05644 -2.8765 4.9931 -0.40236 -3.1784 -0.68527 -5.2405 -1.1958 -1.2034 -2.999 -0.44664 -2.6345 0.78671
1 1 1 2 76.188 -0.99839 -2.94 4.1729 -1.3198 -3.7214 -1.3996 -2.8879 -0.56459 -0.98444 -3.9973 -2.6998 -2.943 1.8882
1 1 1 2 76.024 -0.79837 -2.8525 3.7224 -0.28212 -3.9888 -2.645 0.74318 0.066017 -2.0019 -4.9809 -2.7257 -3.4333 1.5105
1 1 1 2 76.024 -0.79837 -2.8525 3.7224 -0.28212 -3.9888 -2.645 0.74318 0.066017 -2.0019 -4.9809 -2.7257 -3.4333 1.5105
1 1 1 2 76.106 0.011827 -1.9882 4.4737 0.96812 -3.3534 -3.7948 1.4473 -2.7077 -3.644 -3.7179 -1.8811 -2.5194 0.26562
1 1 1 2 76.093 -0.031752 -1.8963 4.2024 0.60902 -4.0101 -3.1421 1.1526 -3.4739 -3.2735 -2.6975 -1.8188 -2.5159 -0.2525
1 1 1 2 75.994 -0.53902 -1.8827 2.8109 -0.62746 -6.1876 -1.3732 0.070589 -4.3201 -1.7002 -0.74148 -0.34823 -2.2809 -1.0764
1 1 1 2 75.921 -0.67032 -2.0325 2.7024 -0.68544 -6.4358 -0.81488 0.04315 -4.0261 -1.5178 -0.52805 0.5689 -1.9522 -1.1078
1 1 1 2 75.897 -0.54967 -2.7401 4.1881 1.1717 -4.9668 0.055579 0.099709 -2.9128 -1.9462 -0.71718 1.7801 -1.0933 -0.81767
1 1 1 2 76.067 -0.13815 -3.3464 5.4584 2.1516 -2.855 -1.1642 -1.6349 -0.29457 -2.6307 -0.060472 -0.90268 -1.7204 -0.25461
1 1 1 2 76.048 -0.065199 -3.2742 5.4378 2.1575 -2.6584 -1.8675 -2.1542 0.099676 -2.8703 0.33579 -0.59498 -1.7613 -0.074871
1 1 1 2 76.13 0.16197 -3.5608 4.4625 0.48038 -3.0374 -2.6562 -3.8475 -1.3352 -4.3329 1.13 3.3047 -0.57768 -0.31499
1 1 1 2 76.212 0.19174 -3.7288 4.3496 0.069574 -2.9584 -2.303 -3.6582 -1.6967 -4.8152 0.9866 3.3804 -0.40349 -0.56679
1 1 1 2 76.212 0.19174 -3.7288 4.3496 0.069574 -2.9584 -2.303 -3.6582 -1.6967 -4.8152 0.9866 3.3804 -0.40349 -0.56679
1 1 1 2 76.295 0.13419 -3.7949 4.3569 -0.41317 -3.0611 -1.9146 -3.2744 -2.0609 -4.8658 0.85708 2.9456 -0.38847 -1.061
1 1 1 2 76.465 -0.64373 -4.4658 3.9441 -1.474 -3.2949 -2.4974 -2.4654 -3.4264 -2.0313 -0.69034 -1.1504 -1.2662 -1.5975
1 1 1 2 76.473 -0.7655 -4.489 3.7732 -1.2015 -3.3715 -2.9518 -2.6849 -3.507 -1.175 -1.1447 -1.8174 -1.2662 -1.3806
1 1 1 2 76.491 -0.75536 -4.2685 3.8652 -0.5768 -3.213 -3.1946 -2.7 -3.1349 -0.4301 -1.5349 -2.123 -1.0379 -1.2223
1 1 1 2 76.434 0.10945 -3.7448 4.8194 0.69443 -2.6124 -0.15122 -3.5918 1.1709 -1.8711 -3.4541 -2.7543 0.82701 -1.8119
1 1 1 2 76.393 -0.25231 -3.505 5.1833 0.57578 -2.3449 -0.83277 -3.6421 0.75292 -3.2151 -4.1935 -3.1005 0.37338 -2.5813
1 1 1 2 76.573 -0.99468 -3.6006 6.4754 0.81593 -3.5592 -1.9882 -5.0535 -0.96153 -2.9694 -3.5703 -2.2162 -1.3896 -2.2336
1 1 1 2 76.657 -0.89327 -4.0322 5.682 0.63872 -4.1844 -1.1656 -6.3269 -1.9577 -1.8091 -3.7532 -0.92156 -0.83149 -1.878
1 1 1 2 76.663 -0.92197 -4.0589 5.2862 0.59809 -4.0752 -1.1716 -6.4752 -2.0382 -1.8633 -3.8092 -0.3669 -0.79333 -2.0786
1 1 1 2 76.66 -1.1977 -4.6768 5.6581 1.5771 -2.2308 -0.84513 -0.92465 -1.3244 -2.8834 -2.0876 1.4985 -2.2414 -3.6518
1 1 1 2 76.664 -1.0944 -4.939 5.7805 1.6514 -1.7317 -0.33696 0.056794 -1.7145 -3.1434 -2.3619 1.2026 -2.0121 -3.4529
1 1 1 2 76.641 -0.90834 -5.12 5.5519 0.83298 -1.6684 -0.04173 1.5841 -1.5783 -3.1894 -3.4502 0.10058 -0.57627 -3.272
1 1 1 2 76.599 -0.77684 -5.0029 5.3394 0.2484 -1.851 -0.36129 2.0106 -1.0016 -2.9699 -3.9229 -0.45875 -0.031078 -2.9993
1 1 1 2 76.528 -0.64011 -4.8491 5.1068 -0.31775 -2.2178 -1.0232 2.2705 -0.25597 -2.5411 -4.2239 -0.99438 0.07028 -2.7351
1 1 1 2 76.368 -0.22442 -4.4733 4.9858 -1.7188 -3.6801 -2.6454 2.3122 0.18654 -2.0883 -4.2179 -0.64825 -1.0076 -2.6167
1 1 1 2 76.433 0.16256 -4.2064 5.1129 -1.9711 -3.673 -2.7367 1.1819 -1.3469 -1.714 -3.1783 0.59072 -1.0884 -1.999
1 1 1 2 76.52 0.29331 -4.2129 5.4769 -1.173 -3.9476 -2.4397 -0.64563 -3.5891 -0.82831 -1.4904 0.84295 -1.0228 -0.97704
1 1 1 2 76.426 -0.03255 -4.3093 6.0169 2.0906 -5.5938 -1.5024 -3.1784 -4.9393 0.1077 -0.22422 1.4558 -1.5238 1.0772
1 1 1 2 76.242 -1.2425 -4.5213 6.4375 2.3098 -5.8588 0.50818 -2.734 -1.6481 0.86114 -0.018224 -1.0106 0.37731 0.26049
1 1 1 2 76.333 -0.85332 -4.3076 6.6675 0.024915 -5.9607 -0.8114 -1.6939 -3.9351 -1.8915 -0.14989 -1.5513 -0.7405 -0.29076
1 1 1 2 76.53 -0.35675 -4.4795 8.1178 0.44751 -5.3567 0.047897 0.16167 -4.4842 -0.070159 -2.41 -2.4226 -1.3327 -1.1202
1 1 1 2 76.346 0.17614 -3.205 6.7076 -0.15122 -3.2792 -0.13741 -0.05674 0.46615 2.4499 -5.1705 -1.6032 -1.1813 -0.52101
1 1 1 2 76.183 -0.35304 -3.3773 5.9142 -0.64157 -2.2845 1.1509 0.41766 1.5278 2.6569 -4.6677 -0.48405 -0.53604 -1.9854
1 1 1 2 76.268 -1.3112 -2.9527 4.5698 0.17663 -4.2544 -2.9492 0.43395 -5.4736 -0.93761 -5.1183 -3.2241 1.4338 0.036899
1 1 1 2 76.376 -1.2225 -2.9329 5.0235 0.27705 -4.4849 -2.7631 0.17666 -5.5407 -1.1216 -5.9057 -3.291 2.0834 -0.057416
1 1 1 2 76.475 -1.1184 -2.8637 5.4538 0.20251 -4.4882 -2.3614 -0.44887 -5.1499 -1.2766 -6.7753 -3.3654 2.3199 -0.33899
1 1 1 2 76.534 -1.0249 -2.8192 5.7589 -0.011559 -4.1999 -1.8967 -1.4402 -4.7845 -1.4521 -7.5581 -3.152 2.4486 -0.64286
1 1 1 2 76.504 -0.80366 -2.7187 6.1205 -0.75282 -2.9701 -0.42413 -3.0962 -3.0862 -1.0596 -7.805 -2.304 2.3208 -1.5386
1 1 1 2 76.402 -0.67864 -2.7668 6.073 -1.2226 -2.3824 0.25302 -3.623 -2.1159 -0.30483 -7.2845 -1.7534 2.0103 -2.0785
1 1 1 2 75.585 -0.99333 -3.831 5.7827 -0.92234 -2.6818 0.87515 -2.5234 -1.2236 0.25706 -4.4046 -3.1687 -1.6021 -1.2986
1 1 1 2 75.659 -0.86093 -3.7679 5.6939 -0.50185 -2.5844 1.1506 -2.6849 -0.68145 0.080043 -4.9515 -3.0969 -0.98667 -0.97297
1 1 1 2 75.757 -0.54267 -3.791 5.0141 -0.5035 -2.6637 1.9982 -2.3801 0.056039 -0.27888 -5.5287 -2.5637 -0.81941 -0.53082
1 1 1 2 75.761 -0.38076 -3.8495 4.5683 -0.61877 -2.7333 2.474 -1.8098 0.11341 -0.39707 -5.5054 -2.523 -1.3944 -0.29322
1 1 1 2 75.669 -0.35118 -3.9066 4.1214 -0.9729 -2.2864 2.9277 -0.35436 -0.064121 -0.96507 -4.965 -2.5086 -2.7327 0.02438
1 1 1 2 75.585 -0.43303 -4.0131 4.1063 -1.4108 -2.0418 2.8329 0.18363 -0.094235 -1.0678 -4.406 -2.2802 -2.9608 -0.050263
1 1 1 2 75.844 -0.35884 -3.5781 4.1536 -0.38971 -0.14399 0.68737 1.1767 0.34826 -2.2244 -4.5381 -2.8357 -1.1051 -1.3798
1 1 1 2 76.155 -0.85402 -2.9208 4.9671 -0.17894 -0.076883 0.74596 1.7379 1.0677 -2.1091 -6.4242 -4.0367 -1.4773 -1.8467
1 1 1 2 76.155 -0.85402 -2.9208 4.9671 -0.17894 -0.076883 0.74596 1.7379 1.0677 -2.1091 -6.4242 -4.0367 -1.4773 -1.8467
1 1 1 2 76.203 -1.0253 -3.0115 5.3446 -0.16936 -0.84893 0.75317 1.7206 0.75745 -1.9492 -6.3012 -4.1705 -1.5092 -2.2352
1 1 1 2 76.209 -1.1232 -3.1729 5.633 -0.018765 -1.6807 0.61109 1.4156 0.29609 -1.7921 -6.0802 -4.1703 -1.3409 -2.3828
1 1 1 2 75.958 -0.11076 -3.256 5.5888 -0.24823 -3.0568 1.5539 -0.44642 -2.0438 -1.7136 -6.0865 -4.9205 -1.8602 -0.80176
1 1 1 2 75.775 0.48023 -2.7259 4.9347 -1.1524 -3.3456 1.7815 -1.5032 -2.05 -0.61666 -5.8303 -5.3386 -2.5216 -0.38129
1 1 1 2 75.536 0.40439 -2.2523 4.3173 -2.3823 -3.3693 1.8681 -1.6051 -2.1173 0.29334 -5.5395 -5.0232 -2.6122 -1.2336
1 1 1 2 75.446 0.13354 -2.2339 4.3181 -2.9561 -3.5905 1.2451 -1.3428 -2.3541 -1.6621 -5.5847 -3.9775 -2.6959 -2.7469
1 1 1 2 75.63 -0.6314 -3.0087 5.9776 -0.6951 -4.7596 -0.16058 -2.1682 -2.2328 -4.8731 -7.0009 -2.6578 -4.5769 -5.8182
1 1 1 2 75.707 -0.53186 -2.6725 5.9917 -0.93192 -5.5818 -0.882 -1.4999 -2.1682 -3.0004 -5.455 -1.3862 -4.0091 -5.9421
1 1 1 2 75.821 -0.06455 -2.3026 6.281 -2.8417 -4.9446 -1.5097 0.27113 -0.98475 1.0233 -3.7244 -0.06523 -3.2024 -5.0414
1 1 1 2 76.067 -0.24592 -4.0338 6.4587 -0.96406 -4.385 -3.9291 -0.37854 1.6019 2.7445 -3.5373 -0.3699 0.13109 -4.1227
1 1 1 2 75.986 -0.20726 -4.4087 6.4542 0.030468 -3.3688 -3.497 -1.0566 0.29999 2.114 -2.9011 -0.58086 1.5847 -3.8614
1 1 1 2 75.896 0.33385 -3.28 6.9801 0.097017 -2.6601 -3.3295 -1.3807 -0.97319 0.27523 -2.9798 -0.30831 2.4608 -3.9859
1 1 1 2 75.823 0.43707 -2.7509 7.0891 -0.063226 -2.825 -3.2271 -1.0668 -0.51584 -0.13139 -3.1681 -0.21679 2.3898 -3.8792
1 1 1 2 75.814 0.061836 -2.261 6.9414 -0.4542 -4.4579 -3.4827 0.71313 1.5157 -0.90252 -5.6687 -0.19529 1.8195 -2.6281
1 1 1 2 76.151 0.16174 -3.1648 5.8957 -0.078351 -3.9828 -2.6632 0.54893 0.043582 -0.28342 -5.1268 0.40396 0.30892 -1.0217
1 1 1 2 76.188 0.40788 -3.1712 5.5929 0.37786 -2.9383 -1.8461 0.2231 -1.3204 0.29369 -3.6129 0.41627 -0.61732 -0.64837
1 1 1 2 76.104 0.38282 -2.8167 5.9806 0.60669 -2.263 -2.0575 -0.048421 -2.6894 0.19205 -2.5364 0.40062 -1.2655 -0.24572
1 1 1 2 76.104 0.38282 -2.8167 5.9806 0.60669 -2.263 -2.0575 -0.048421 -2.6894 0.19205 -2.5364 0.40062 -1.2655 -0.24572
1 1 1 2 75.736 -0.019991 -3.7873 5.8357 0.36054 -1.5519 -1.3087 0.77289 -3.4916 -2.9103 -3.7603 0.49231 -0.61768 0.91142
1 1 1 2 75.697 -0.50997 -4.5148 5.4887 0.6118 -3.414 -2.8884 0.46994 -3.9954 -3.7084 -2.3817 0.57435 -0.075373 1.1204
1 1 1 2 76.172 0.44442 -4.0548 7.2318 -0.28452 -6.2506 -3.4582 4.0504 -2.946 -4.8686 -2.223 -0.34475 -2.9793 0.60782
1 1 1 2 76.205 0.7194 -3.7755 7.2069 -0.31849 -6.3215 -2.9625 4.3541 -3.1829 -4.6204 -1.6792 -0.16711 -2.8818 0.7352
1 1 1 2 76.178 1.0484 -3.4607 6.5542 -1.1117 -5.9147 -1.3996 4.7827 -3.3322 -3.3969 -1.087 -0.87614 -2.3023 0.8812
1 1 1 2 76.04 0.70243 -3.9839 4.9935 -2.0695 -4.6014 0.66836 5.0989 -4.6714 -1.4875 -1.037 -2.9373 -1.7327 0.49926
1 1 1 2 76.345 0.57968 -4.9377 6.0139 -0.90371 -5.8048 -0.11871 2.4724 -5.4739 -1.5625 -0.037177 0.88734 -0.9412 0.096631
1 1 1 2 76.36 0.58047 -5.1351 6.5528 -1.0157 -5.8826 -0.14585 1.3009 -5.2926 -1.3533 -0.12848 1.3033 -0.45173 0.096475
1 1 1 2 76.306 0.48519 -5.3212 6.8327 -1.4015 -5.8304 0.029155 0.27818 -5.0749 -0.95995 -0.31355 1.4309 -0.063531 0.1742
1 1 1 2 75.665 0.55884 -3.7299 6.7294 0.11518 -0.53682 2.0658 -0.48655 -4.4489 -1.5763 -6.6053 -0.56014 -0.86333 -5.541
1 1 1 2 75.645 0.67666 -3.4418 6.2672 -0.043442 -0.72622 1.5597 -0.34265 -4.7016 -1.7845 -6.7623 -0.66037 -0.80176 -5.8423
1 1 1 2 75.649 0.66982 -3.3078 5.9382 -0.23299 -0.87764 1.1842 -0.11721 -4.866 -1.8877 -7.0038 -0.96683 -0.54505 -5.6475
1 1 1 2 76.217 0.53509 -3.9734 3.5678 -0.41007 -3.49 -3.3995 2.2518 -1.8736 -2.7895 -5.8609 -0.17373 1.765 -1.4194
1 1 1 2 76.217 0.53509 -3.9734 3.5678 -0.41007 -3.49 -3.3995 2.2518 -1.8736 -2.7895 -5.8609 -0.17373 1.765 -1.4194
1 1 1 2 76.149 0.57146 -3.9434 3.3248 -0.46926 -3.6624 -3.5953 2.3365 -1.0027 -2.7396 -5.1146 -0.040236 1.6097 -1.5161
1 1 1 2 75.984 0.46353 -3.7354 3.4152 -0.64087 -4.0346 -3.1799 2.9243 0.58921 -2.6771 -3.6889 -0.86706 1.1378 -1.9114
1 1 1 2 76.285 0.0457 -4.9919 6.9925 -1.5316 -6.8751 -1.3369 1.6284 -4.8077 -6.1977 -5.2884 -2.8316 -0.63935 -2.3182
1 1 1 2 76.573 0.34281 -4.552 7.2235 -2.1183 -6.5565 0.089422 1.8567 -3.618 -4.092 -5.8453 -0.97032 -0.59703 -2.3054
1 1 1 2 76.603 0.30783 -4.5206 6.9978 -2.1363 -5.9932 0.45539 1.89 -2.784 -3.1989 -5.8636 -0.30787 -0.7707 -2.5143
1 1 1 2 76.017 -0.81239 -3.5765 5.9599 -0.73779 -1.3212 2.108 0.96429 1.656 2.3602 -3.9985 0.91726 -3.268 -3.4732
1 1 1 2 76.667 -0.50603 -5.6933 6.6991 -1.6237 -3.6002 -0.20056 -2.1811 -0.53583 0.23425 -3.1488 -0.60751 -2.1199 -0.43601
1 1 1 2 76.67 -0.44804 -5.662 6.833 -1.8984 -3.7317 -0.29471 -2.0907 -0.12419 -0.17564 -2.6942 -0.67361 -1.7072 -0.50981
1 1 1 2 76.612 0.050566 -4.1968 5.6668 -3.6236 -3.8983 -1.8945 -0.64222 -1.5207 -0.24802 -1.6403 0.29534 -1.0848 -0.69923
1 1 1 2 76.47 0.027754 -4.07 5.4091 -3.8327 -4.8176 -1.9776 -0.42622 -1.594 -0.027393 -1.6878 0.98181 -0.7083 -0.74667
1 1 1 2 76.47 0.027754 -4.07 5.4091 -3.8327 -4.8176 -1.9776 -0.42622 -1.594 -0.027393 -1.6878 0.98181 -0.7083 -0.74667
1 1 1 2 76.47 0.027754 -4.07 5.4091 -3.8327 -4.8176 -1.9776 -0.42622 -1.594 -0.027393 -1.6878 0.98181 -0.7083 -0.74667
1 1 1 2 76.191 0.39124 -3.2279 5.4981 0.056489 -2.5777 -0.58218 -2.9452 -4.1157 -0.20181 -3.593 -1.764 -0.98239 -0.35627
1 1 1 2 76.191 0.39124 -3.2279 5.4981 0.056489 -2.5777 -0.58218 -2.9452 -4.1157 -0.20181 -3.593 -1.764 -0.98239 -0.35627
1 1 1 2 76.555 0.037212 -4.0597 5.9169 -0.36169 -2.5531 1.1243 -1.0836 -3.5501 -0.23941 -3.523 -2.2123 -0.79133 -0.98727
1 1 1 2 76.488 -0.54252 -3.6925 4.782 -0.95163 -4.9166 -0.35477 -1.0275 -0.21928 0.11986 -5.297 0.11638 -0.073245 -1.3262
1 1 1 2 76.488 -0.54252 -3.6925 4.782 -0.95163 -4.9166 -0.35477 -1.0275 -0.21928 0.11986 -5.297 0.11638 -0.073245 -1.3262
1 1 1 2 76.155 -0.46203 -2.9501 3.9915 -3.3579 -8.0672 0.26949 -2.6531 -2.488 2.3423 -4.0905 -0.71268 0.77184 -2.7662
1 1 1 2 76.282 -0.042667 -3.0387 4.0176 -3.2763 -6.9188 0.57944 -2.5891 -3.8541 2.2843 -2.987 -0.90089 -0.24149 -3.7427
1 1 1 2 76.282 -0.042667 -3.0387 4.0176 -3.2763 -6.9188 0.57944 -2.5891 -3.8541 2.2843 -2.987 -0.90089 -0.24149 -3.7427
1 1 1 2 76.309 0.0686 -3.6239 4.3682 -2.6767 -5.8023 0.27529 -1.529 -4.4755 0.98996 -2.1519 -0.55389 -1.0689 -3.9158
1 1 1 2 76.319 -0.024117 -4.7276 4.4323 -1.8832 -4.1672 0.97634 0.37547 -4.7433 -0.12749 -3.5424 -2.1605 -1.7386 -2.9314
1 1 1 2 76.562 0.14971 -5.3158 4.8474 -1.3464 -3.3154 2.3325 0.1927 -3.8469 0.6705 -5.9074 -2.7119 -1.9259 -3.1744
1 1 1 2 76.66 0.26191 -5.413 5.0521 -1.6403 -3.4217 2.7039 0.17053 -3.0371 1.14 -6.0627 -2.592 -2.1101 -3.62
1 1 1 2 76.694 0.3418 -5.4496 5.2413 -1.9612 -3.3917 2.8698 0.10814 -2.1287 1.5517 -5.9258 -2.3187 -2.2754 -4.0609
1 1 1 2 76.694 0.3418 -5.4496 5.2413 -1.9612 -3.3917 2.8698 0.10814 -2.1287 1.5517 -5.9258 -2.3187 -2.2754 -4.0609
1 1 1 2 76.506 0.32525 -5.093 5.1478 -2.0422 -3.2984 2.1621 -0.50213 0.25421 2.4204 -5.0756 -1.423 -1.9944 -4.5117
1 1 1 2 77.015 -0.91664 -5.221 5.9436 -0.56456 -3.1121 0.79376 -0.57786 -1.8406 0.73545 -2.5952 0.12349 -0.8254 -3.6067
1 1 1 2 77.045 -1.0736 -6.163 5.327 -0.76312 -4.3038 1.4005 1.623 -4.3374 1.2027 -1.7251 -0.72094 0.42229 -3.4355
1 1 1 2 77.045 -1.0736 -6.163 5.327 -0.76312 -4.3038 1.4005 1.623 -4.3374 1.2027 -1.7251 -0.72094 0.42229 -3.4355
1 1 1 2 76.934 -1.2249 -6.0912 5.4804 -1.3318 -4.4904 1.144 1.8463 -3.7735 2.1557 -2.5818 -0.46192 0.54966 -2.8392
1 1 1 2 76.894 -1.2488 -5.9483 6.1916 -1.8173 -4.049 -0.27518 0.75726 -2.4951 2.1842 -4.2179 -0.5734 0.051654 -2.4605
1 1 1 2 76.943 -1.079 -5.7477 6.3385 -2.4127 -3.4683 -1.8096 -0.26026 -1.4957 1.0513 -4.5501 -0.50447 -0.44509 -2.8901
1 1 1 2 76.943 -1.079 -5.7477 6.3385 -2.4127 -3.4683 -1.8096 -0.26026 -1.4957 1.0513 -4.5501 -0.50447 -0.44509 -2.8901
1 1 1 2 77.002 -0.84423 -5.6499 6.1641 -2.5525 -3.1895 -1.9358 -0.39381 -1.2218 0.47865 -3.8614 -0.029257 -0.60652 -3.095
1 1 1 2 77.069 -0.60529 -5.46 5.9757 -2.5972 -2.8803 -1.5643 -0.38979 -1.2481 0.079265 -2.9456 0.49501 -0.70081 -3.3108
1 1 1 2 77.128 -0.45497 -5.2206 5.8023 -2.4231 -2.507 -1.0301 -0.54817 -1.4233 0.11129 -2.3945 1.0285 -1.012 -3.4314
1 1 1 2 77.151 -0.36847 -4.9644 5.7443 -1.8909 -2.1951 -0.55792 -0.88707 -1.6049 0.48676 -2.3192 1.5541 -1.6265 -3.3472
1 1 1 2 77.365 -0.27776 -4.647 5.7391 0.10485 -1.6282 -1.5022 0.1532 -0.22896 1.7084 -5.0402 0.30308 -2.5644 -2.4559
1 1 1 2 77.365 -0.27776 -4.647 5.7391 0.10485 -1.6282 -1.5022 0.1532 -0.22896 1.7084 -5.0402 0.30308 -2.5644 -2.4559
1 1 1 2 77.354 -0.68777 -4.7436 4.9258 -0.22986 -2.4791 -1.7101 2.3262 1.981 1.1888 -6.6804 0.15182 -1.7226 -1.7202
1 1 1 2 77.292 -0.84758 -4.7752 4.3358 -0.53814 -2.8526 -1.6775 2.7321 2.1772 0.6097 -6.7823 0.29986 -1.1644 -1.4562
1 1 1 2 77.292 -0.84758 -4.7752 4.3358 -0.53814 -2.8526 -1.6775 2.7321 2.1772 0.6097 -6.7823 0.29986 -1.1644 -1.4562
1 1 1 2 77.207 -0.97274 -4.7495 3.8711 -0.79673 -3.1008 -1.6477 3.1456 2.2104 -0.042439 -6.6621 0.065114 -0.4618 -1.2139
1 1 1 2 76.759 -1.4691 -4.3364 5.0017 -0.88851 -2.4168 -0.64244 3.5207 0.91418 -1.7386 -2.7779 -2.0201 1.657 -0.55025
1 1 1 2 76.961 -0.80091 -4.5088 8.4551 -0.050109 -1.9549 -0.91508 -1.9763 0.20253 -2.5219 0.35038 -0.18353 1.6639 -4.8216
1 1 1 2 76.999 -0.56485 -4.5817 8.3086 -0.14119 -2.2064 -1.3925 -2.4428 0.10614 -2.6247 0.57721 0.19036 1.8594 -5.2438
1 1 1 2 76.999 -0.56485 -4.5817 8.3086 -0.14119 -2.2064 -1.3925 -2.4428 0.10614 -2.6247 0.57721 0.19036 1.8594 -5.2438
1 1 1 2 77.034 -0.37334 -4.6281 7.9469 -0.44464 -2.4888 -2.236 -2.7087 -0.062882 -2.4469 0.52058 0.16861 2.0517 -5.1845
1 1 1 2 77.012 -0.12023 -4.7183 7.03 -1.6905 -3.0318 -3.6061 -2.767 -0.11077 -1.9046 -0.21833 -1.1005 1.9359 -4.0871
1 1 1 2 76.957 -0.12757 -4.7919 6.7596 -2.4074 -3.3928 -3.8855 -2.6883 0.24998 -1.2498 -0.8853 -1.7321 1.7211 -3.1646
1 1 1 2 76.866 -2.5167 -4.712 10.985 -4.4324 -4.3325 0.42268 -3.2225 -3.6397 -1.2075 0.64742 -3.1826 -0.98274 -3.9498
1 1 1 2 77.243 -1.7648 -4.573 9.9035 -3.4137 -3.6139 -0.063485 -1.521 -3.3265 -3.5927 -3.5057 -2.5501 -0.033403 -2.8389
1 1 1 2 77.183 -2.1609 -4.6258 9.4307 -1.703 -4.7534 -0.59173 -0.43743 -3.7173 -2.053 -3.1816 -2.4174 -0.65204 -1.6047
1 1 1 2 77.336 -1.2904 -5.7667 6.814 -1.2131 -3.3826 1.3371 -1.6626 -3.7139 1.2068 -0.4026 -1.4483 -0.40807 -1.8077
1 1 1 2 77.552 -0.71263 -6.343 6.6228 -3.2165 -5.6981 -0.23088 -2.0697 -4.2688 0.41996 -0.73455 1.6812 2.3793 1.1907
1 1 1 2 77.83 -0.099736 -6.1141 6.8316 -3.0598 -5.4468 -0.96892 -2.3654 -4.3523 0.15536 -2.3073 1.0913 1.2704 2.6713
1 1 1 2 77.924 0.12617 -6.0276 6.5952 -2.744 -4.8999 -0.73476 -2.63 -4.3062 0.38352 -2.5534 0.77898 0.44441 2.7846
1 1 1 2 77.917 0.25808 -6.0155 6.2265 -2.1637 -4.2885 -0.13878 -2.9241 -4.3033 0.57622 -2.5703 0.44439 -0.29716 2.5853
1 1 1 2 77.814 0.3099 -6.1229 5.8072 -1.4208 -3.7026 0.60469 -3.0876 -4.3148 0.69583 -2.4663 0.1919 -0.99401 2.1892
1 1 1 2 77.143 0.14788 -6.8976 3.6193 0.77286 -2.105 1.6761 -2.6773 -1.982 2.2069 -1.3984 0.33544 -1.6476 0.80414
