0 0 1 1 72.338 -8.794 10.075 -2.3074 0.1087 4.0367 -5.5254 4.6343 -2.7302 -4.2955 -0.98004 -1.1434 -1.4541 0.75342
0 0 1 1 71.866 -8.7929 11.355 2.0394 3.9691 5.1633 -1.4772 3.0821 -2.0108 -3.0945 0.96287 0.2208 -2.6047 -0.080238
0 0 1 1 72.022 -7.4329 8.9189 -0.45496 1.5195 6.4286 -1.4272 10.755 -8.2775 2.1577 -1.4554 3.9169 -2.5719 5.3199
0 0 1 1 71.985 -7.2668 8.8729 -1.1166 3.4431 4.8819 -1.6224 9.8727 -5.8417 3.1793 -2.418 2.5308 -4.1469 4.8138
0 0 1 1 72.185 -8.2044 9.8238 -1.6528 5.2361 3.7914 -1.3689 4.0982 -4.6141 2.7045 0.42957 4.1937 -2.5008 6.8413
0 0 1 1 72.54 -10.684 9.2169 -0.02636 6.2451 3.4227 -2.3222 3.9972 -0.53717 0.58913 -2.346 0.49035 -0.84221 1.3887
0 0 1 1 71.368 -7.6544 10.284 2.0092 3.5326 4.7575 -0.23021 5.2926 -6.5291 0.17111 -5.1247 5.0788 -4.4369 1.2897
0 0 1 1 71.98 -7.7831 8.5371 0.78914 5.633 0.71228 -1.7853 3.213 -3.3401 -0.56616 -5.7311 4.6545 -4.2986 4.0944
0 0 1 1 71.939 -9.0257 7.8936 0.11947 3.5091 5.0223 -2.9433 -0.7321 0.93765 -0.32483 1.7725 3.7721 -1.3699 4.0149
0 0 1 1 72.03 -9.0103 9.4156 1.1929 1.957 9.7191 -4.2585 5.1591 -5.163 1.0372 -0.52558 -2.1124 -0.84659 -0.14123
0 0 1 1 72.414 -8.6778 11.167 -0.59554 2.3746 7.6747 -11.002 8.5224 -8.1259 4.8745 -6.6027 2.4419 -1.3353 3.1315
0 0 1 1 72.876 -8.5743 9.083 -0.65328 3.5601 3.2323 -3.4068 3.4887 -1.8554 -2.1139 -2.5453 -1.6323 -2.5549 0.54863
0 0 1 1 73.152 -8.5175 9.0914 0.25869 2.7012 5.2755 -6.2861 4.5181 -1.904 -2.4519 -1.1791 -1.2039 -2.6621 0.46758
0 0 1 1 72.364 -8.1879 8.1186 -0.83676 4.6098 0.52554 -1.3899 -0.089711 -6.7324 4.2866 -6.0695 3.7796 -5.1053 6.0222
0 0 1 1 73.006 -8.8602 8.1487 0.54618 4.2063 2.7107 -1.4867 0.81217 1.3933 -3.6245 -1.6642 1.7268 -3.382 -0.14452
0 0 1 1 72.675 -10.163 9.8535 0.64087 2.8358 7.6342 -9.8667 0.15424 0.31722 -2.306 -0.51383 -2.2504 0.43588 -0.56109
0 0 1 1 72.999 -10.814 10.333 -0.28288 3.9574 9.249 -6.3147 4.541 -0.82885 0.29463 -2.5446 -3.4691 -0.088543 4.0272
0 0 1 1 73.248 -10.501 9.4765 0.23856 2.6836 9.5275 -6.5526 5.5231 0.51478 0.33795 -1.6655 -2.9528 -0.37319 3.1264
0 0 1 1 72.755 -9.8375 10.264 -0.30808 4.2936 7.5827 -8.053 7.3789 -7.2804 2.6014 -3.8454 3.5393 -0.7292 3.2013
0 0 1 1 73.235 -9.9828 9.3527 -0.29579 3.3917 4.0644 -5.0156 2.7335 2.4888 -0.56153 0.62434 1.5537 -0.2157 2.4515
0 0 1 1 73.171 -10.888 11.119 -1.2423 4.41 7.1148 -6.8524 3.7476 -2.7168 -1.4796 0.45683 -1.3176 -1.1333 4.3729
0 0 1 1 73.09 -9.7178 10.487 2.5402 -0.056049 8.4584 -6.7742 3.321 -1.511 -3.8507 2.505 -1.3899 -2.8578 4.489
0 0 1 1 72.677 -10.068 11.38 1.0123 4.7457 7.745 -5.0023 1.6619 -6.6796 6.3351 -3.7549 4.6632 -2.9342 1.157
0 0 1 1 72.599 -9.7335 10.53 0.6076 5.0942 6.689 -4.1934 -0.69465 -7.7735 5.7824 -6.8598 5.9847 -2.4893 1.737
0 0 1 1 73.796 -10.833 11.383 0.032479 2.8849 10.092 -0.42864 0.44213 1.3205 2.5882 -1.9272 0.18569 0.27172 1.4826
0 0 1 1 73.528 -11.078 12.278 -1.1091 3.231 9.3999 -2.091 -0.43387 0.56134 3.845 1.2818 -1.3583 -1.0464 3.5926
0 0 1 1 73.343 -11.928 14.64 -1.7096 2.9271 7.3834 -6.7393 4.9778 -2.365 -1.4708 1.5532 -0.56245 0.31225 1.9188
0 0 1 1 73.379 -11.936 12.461 -2.6467 3.7079 7.8336 -6.0032 5.3474 -8.3597 6.0639 -6.1224 4.3487 -4.8658 3.0919
0 0 1 1 72.219 -11.214 10.855 -1.595 3.3761 4.2059 -1.8294 4.0508 -4.6012 -1.0322 -3.2497 -0.48954 -2.8075 1.1868
0 0 1 1 73.162 -10.003 9.8316 1.8242 4.0662 6.8661 -2.9294 2.2934 0.12691 0.4369 -0.12968 3.2257 -3.1451 3.8678
0 0 1 1 72.777 -10.055 11.326 -0.97325 0.92683 4.7271 -8.0705 3.9169 -2.3183 -2.2796 -2.4339 0.62107 -0.9059 3.2909
0 0 1 1 72.962 -9.4308 10.467 -0.17361 -0.69601 6.3811 -9.0059 4.1595 -2.6975 -1.3977 0.71466 1.9732 1.4662 4.6319
0 0 1 1 72.229 -8.4554 9.5057 -0.82357 -0.57201 3.3521 -9.2014 1.5054 -6.3449 -1.9537 -1.0252 6.2295 0.23616 4.1424
0 0 1 1 73.686 -9.7529 14.007 0.04093 1.9319 5.4111 -10.236 2.1461 -7.6482 1.8102 -3.9611 6.4326 -3.2069 5.7682
0 0 1 1 73.577 -9.0994 10.72 0.74928 0.27779 5.2338 -1.6341 -4.3895 0.90616 1.9685 -3.5938 0.96399 0.38346 1.1637
0 0 1 1 72.925 -8.7449 9.9199 -0.72365 5.0233 5.4122 -8.8173 -0.10062 -1.5961 -2.4492 -2.7292 -2.5769 0.099231 -0.62051
0 0 1 1 71.728 -6.9804 10.95 -0.12652 2.9947 -0.27191 -5.3293 -1.5168 -7.7872 -2.0156 -7.0639 4.2583 -1.0698 5.059
0 0 1 1 72.866 -9.3679 10.17 0.41188 0.30834 5.4737 -9.418 -0.67929 -1.6215 -5.1436 4.3628 0.73084 1.0391 1.3846
0 0 1 1 73.544 -9.6219 10.214 1.2169 2.933 8.9303 -6.9469 6.5289 -3.9276 -5.7054 2.1053 -1.2116 -0.7254 0.25635
0 0 1 1 73.681 -9.3124 9.8424 2.1111 1.8394 9.6598 -7.7292 7.2553 -3.4945 -5.451 2.4242 -1.2289 0.061453 1.7999
0 0 1 1 72.417 -7.2319 7.8942 2.2677 -3.5988 8.3298 -9.6941 3.7926 2.8022 -5.5872 -1.3248 2.6851 -2.0173 5.7056
0 0 1 1 72.373 -10.944 9.5731 -0.66996 0.50941 12.121 -11.082 7.6338 -6.7983 -0.53782 -0.32114 1.4363 1.0969 4.9898
0 0 1 1 72.48 -8.6033 9.576 3.4783 -1.6614 9.6518 -5.1975 2.609 -3.897 -3.4933 0.87721 -1.3917 -2.0453 -0.51813
0 0 1 1 73.595 -10.96 11.075 0.37248 1.1183 9.2299 -3.625 -1.8782 0.83693 -3.561 0.010307 1.8918 -1.7191 4.4447
0 0 1 1 73.368 -10.419 12.454 -0.98486 2.0234 9.4554 -5.2714 -1.2685 0.29363 -4.0458 3.242 1.9416 -2.1422 4.8876
0 0 1 1 73.382 -11.592 13.397 -1.09 2.5625 8.4652 -7.252 4.7955 -3.6303 -3.0641 1.0046 1.6633 -0.40252 2.6196
0 0 1 1 73.563 -11.666 12.961 -0.27236 2.1212 9.1403 -7.4915 5.0373 -3.3163 -3.6966 -0.13783 1.0682 -0.54447 3.0332
0 0 1 1 73.675 -11.577 12.296 0.48104 1.4429 9.7121 -7.6237 5.2436 -2.7329 -4.2036 -0.89693 0.51704 -0.88642 3.3516
0 0 1 1 72.454 -8.2268 7.3697 4.2278 -3.3703 10.806 -7.9701 2.266 1.9207 -4.4162 2.1951 1.032 -7.292 3.8072
0 0 1 1 74.236 -11.879 13.462 -0.082039 -0.83286 9.6903 -4.1767 6.4859 -9.1778 7.7895 -6.3946 5.5742 -2.9884 3.4317
0 0 1 1 73.975 -11.559 10.693 -1.04 0.85664 7.6416 1.555 -0.32982 -0.97414 0.55688 -0.81906 1.7204 -0.62337 2.4141
