0 1 1 1 74.724 -9.2429 9.3254 -3.8592 4.8985 11.338 -6.8487 -4.5401 -5.3567 -0.8994 1.979 2.4627 -0.64589 -1.6215
0 1 1 1 75.658 -11.371 11.426 -2.5035 5.0748 17.457 -10.123 -4.7574 -4.5491 -5.7359 2.4028 -0.82363 -3.2273 -2.6218
0 1 1 1 73.998 -8.8728 13.158 -3.1729 7.7989 11.783 -11.73 4.2039 -13.882 10.47 -3.7754 8.2223 -4.524 2.9906
0 1 1 1 74.152 -8.9933 13.181 -4.4751 7.6253 11.157 -10.524 3.1514 -14.461 9.546 -3.4869 6.6673 -6.2463 3.6966
0 1 1 1 74.636 -10.108 10.862 -3.2965 5.1631 14.346 -10.805 -3.424 -6.1457 1.6107 -0.73873 1.0446 -5.5097 0.27511
0 1 1 1 72.702 -5.9672 9.2339 -0.62126 7.5564 8.368 -4.8935 0.98461 -12.322 6.4385 -3.8503 2.1885 -3.4441 0.74815
0 1 1 1 73.399 -5.8453 7.0063 -0.061016 5.2176 9.3246 -9.9676 -3.8808 -8.0083 3.8435 -0.079694 -0.0075637 -2.7813 -0.38248
0 1 1 1 73.273 -7.5292 9.0893 -4.6035 8.2402 4.7246 -4.7548 -8.9951 -5.3176 5.2591 -2.1901 1.8332 -7.1247 1.2239
0 1 1 1 72.99 -6.459 6.6207 -2.406 12.053 2.5983 1.7073 -7.2842 -2.6276 0.03753 -4.5815 -1.2673 -1.7219 2.7159
0 1 1 1 73.774 -9.4168 8.7019 4.264 -2.1778 11.356 -6.0766 -2.1163 -0.068559 3.0773 -2.5112 0.77028 -1.1822 -1.004
0 1 1 1 74.882 -11.125 9.8451 4.3952 -2.6986 11.997 -12.118 -5.5051 -0.3743 -0.85377 0.44164 -5.2474 -2.3561 -0.19399
0 1 1 1 75.03 -11.616 10.39 5.4298 -2.0245 10.358 -10.135 -7.4332 0.3362 -1.1789 1.4329 -3.1988 -4.1399 -0.46859
0 1 1 1 74.787 -11.219 10.893 6.3386 -0.58183 7.3604 -7.9353 -9.903 0.62778 -1.6039 2.0288 -1.5172 -5.3149 -0.34792
0 1 1 1 73.132 -7.9858 8.8194 3.265 6.0057 7.84 -11.489 -1.1753 -2.8503 3.1221 -0.80689 0.20161 -3.8304 1.573
0 1 1 1 73.066 -7.9893 8.2184 2.7496 4.1255 7.4198 -10.66 -1.6922 -4.9548 -1.0006 2.0048 -2.2203 -0.99204 0.068237
