0 0 1 1 73.216 -9.4848 11.233 -0.44094 2.9954 4.6763 -7.9696 3.4886 -8.6303 0.21457 -0.72949 3.4912 -0.0684 3.9991
0 0 1 1 73.049 -9.6602 11.319 -0.98947 3.5597 3.0147 -5.2145 3.4606 -8.6933 0.42237 0.092961 3.9576 -1.2925 0.50215
0 0 1 1 73.789 -8.5154 7.8156 0.13321 -1.6963 5.0799 -7.1461 -1.0802 -2.3487 -3.9982 0.044282 1.0169 -0.81612 -0.19219
0 0 1 1 73.688 -9.2151 10.208 -0.32939 2.0302 4.6094 -5.8981 1.3322 -2.4434 -2.275 -0.23533 -1.0702 -1.2386 1.7296
0 0 1 1 72.878 -9.1455 9.9111 -2.6521 -1.733 7.0106 -9.0906 4.7606 -3.4291 -2.1968 4.1691 1.6544 -2.8182 1.7434
0 0 1 1 74.143 -8.6383 7.9236 -5.4992 0.10267 3.7976 -9.8702 4.0667 -5.6319 2.9061 -3.531 3.4988 -0.73029 1.9961
0 0 1 1 73.967 -7.0014 7.2181 -1.617 1.7254 6.0996 -4.3898 -2.2551 -5.4204 -1.6648 1.6683 3.8727 -0.84491 0.34545
0 0 1 1 72.676 -5.6302 7.297 -2.7993 3.3162 1.4903 -6.2756 -1.5653 -9.2248 6.8324 0.25454 3.9357 -5.7418 2.2152
0 0 1 1 72.807 -6.1079 7.3193 -3.6348 2.8923 0.038685 -4.6497 -0.49024 -7.6837 5.0016 0.19065 2.1429 -6.9073 4.6671
0 0 1 1 73.713 -7.053 10.415 -0.34646 1.8716 4.637 -7.0859 -3.1579 -7.208 -2.3173 1.3569 -0.67866 0.36507 1.035
0 0 1 1 73.777 -7.0002 9.6973 -2.8656 0.77135 3.8546 -9.1148 1.6888 -5.7501 -3.6885 1.0366 -0.52882 1.7337 3.3373
0 0 1 1 73.224 -8.0738 9.9011 -0.40095 2.5371 5.444 -8.5609 2.3822 -11.241 4.8182 1.713 -0.54894 -2.7101 -0.082624
0 0 1 1 72.339 -6.4337 8.6655 -0.087039 4.7871 1.7052 -6.6066 -3.2294 -5.539 -3.1603 -1.9117 -0.61394 -4.7049 2.7459
0 0 1 1 73.474 -5.7673 6.5276 -0.23159 4.9679 1.726 -4.4451 -1.6802 -6.5295 -1.05 0.79554 2.7814 -1.1707 3.1367
0 0 1 1 73.208 -6.7211 10.119 -1.5452 -0.19304 3.6815 -10.381 -0.19061 -4.7735 0.22878 -1.2422 0.55305 -0.52859 0.91915
0 0 1 1 73.699 -8.6208 11.677 -0.12475 3.4632 4.4059 -11.907 -3.385 -7.9547 2.8751 4.5334 -1.3255 -2.2263 1.8851
0 0 1 1 73.693 -7.8109 9.1123 -1.2353 4.009 2.1189 -8.3032 -7.1812 -4.1046 2.884 0.77432 0.40856 0.75796 0.64636
0 0 1 1 73.869 -8.209 8.3428 -0.90566 3.0238 3.2549 -8.3381 -5.3609 -3.4016 1.3475 0.95263 -0.55065 -0.044824 2.2167
0 0 1 1 73.81 -5.671 7.7634 -0.93843 3.3178 2.2797 -11.159 -3.0955 -10.089 2.7845 -5.8119 3.0818 -1.5482 -0.83752
0 0 1 1 73.516 -5.5438 7.8739 -0.98732 3.4466 -3.0097 -9.2149 -6.1273 -9.8134 1.7079 -4.0223 4.5543 -3.0588 4.8568
0 0 1 1 74.308 -7.6614 10.768 -2.8429 3.3446 -2.0363 -8.5002 -1.8737 -5.0908 -0.1198 -3.5473 0.54307 -3.2544 2.5333
0 0 1 1 74.709 -8.9473 10.552 -2.3632 2.9456 0.96785 -7.5369 0.73668 -5.5026 1.8379 -6.2585 -1.4772 -3.1803 0.056145
0 0 1 1 74.723 -8.7228 10.482 -0.96573 4.3247 3.497 -10.143 5.1981 -14.668 4.7311 -10.163 5.1171 -4.2508 0.96373
0 0 1 1 74.819 -8.7122 10.274 -1.5657 4.1524 3.005 -9.9559 4.8522 -13.695 5.8802 -9.9426 5.4773 -4.8971 0.2973
0 0 1 1 74.349 -8.1627 6.6427 3.777 -2.7034 6.0503 0.030094 -6.8617 1.9516 -5.5398 -2.6537 -0.8902 0.18173 -3.8982
0 0 1 1 74.667 -10.115 10.17 0.47502 1.9576 6.3161 -1.348 -1.9918 2.0012 -6.8239 -0.75653 -6.031 -0.66745 -0.10796
0 0 1 1 74.495 -10.472 8.6822 -0.23109 2.7815 5.7929 -1.0963 -2.0851 3.4419 -4.1821 2.2044 -5.3079 -2.227 -0.18779
0 0 1 1 74.143 -9.7553 10.808 -1.4298 3.1514 6.2468 -4.478 4.8652 3.1322 1.6478 2.2639 -4.2379 0.30243 -2.4856
0 0 1 1 73.837 -8.502 7.0542 3.6974 -3.0632 10.236 -4.968 4.0914 3.2683 -1.5361 -0.59221 -3.3022 -2.5585 2.7594
0 0 1 1 74.468 -8.4755 6.2313 -1.4723 3.7458 4.7788 -6.5253 7.0057 -2.403 3.9605 -3.5383 -0.44515 -6.0573 2.8285
0 0 1 1 74.585 -7.8942 8.5647 -2.2053 4.1353 2.5098 -3.5092 -0.4152 -3.0957 2.0592 -3.8557 1.5333 -4.837 1.9823
0 0 1 1 75.417 -8.0945 6.9031 -1.9479 2.5978 3.6728 -2.0222 -2.3075 -4.0731 -4.002 0.485 -2.9144 0.25578 -2.4275
0 0 1 1 74.058 -5.5223 7.4163 0.2699 3.7114 1.3469 -3.0198 3.3998 -4.2457 1.837 -1.3071 -3.551 -0.86372 -0.45582
0 0 1 1 73.999 -9.7938 9.8281 -3.029 1.9345 2.6789 -9.5898 1.6529 -3.637 4.6703 2.2021 3.3903 0.064621 1.1123
0 0 1 1 74.811 -9.9264 10.162 -3.8706 2.9223 8.0068 -11.174 3.757 -6.4875 3.1315 2.8828 1.7171 -1.8688 -0.079809
0 0 1 1 74.119 -9.0662 9.2519 -3.0294 2.6834 5.8957 -11.947 8.9743 -11.128 6.7814 -0.78845 6.8552 -0.36705 0.35665
0 0 1 1 73.828 -7.0888 7.6919 0.83103 2.9853 1.8792 -8.8955 1.4688 -4.9787 6.4438 1.5877 0.81103 -0.20738 -2.0136
0 0 1 1 74.359 -9.4494 8.6452 0.79996 1.5742 6.4566 -6.8874 -4.1155 1.5927 -2.1342 1.52 1.9699 0.089267 2.1455
0 0 1 1 74.416 -8.1121 8.9223 -2.0114 1.6784 2.9347 -7.9658 -0.91427 -3.2861 0.075027 0.92361 -1.9069 2.2342 2.4249
0 0 1 1 73.31 -7.3661 7.1276 -1.1079 3.3439 6.3335 -7.2744 -1.0122 -10.115 1.7403 -2.711 0.13919 -2.4714 -0.6312
0 0 1 1 74.834 -7.5339 6.298 -1.4582 5.1339 1.7189 -1.361 -2.7678 -7.9013 0.2385 2.7774 2.4455 1.2831 1.7601
0 0 1 1 74.823 -7.54 5.9051 -2.5895 4.379 4.7975 -4.2795 -3.0267 -4.9413 0.90795 2.8102 -0.84585 2.9328 1.2548
0 0 1 1 74.574 -8.828 6.7327 -4.9215 4.0549 2.7042 -3.0891 -3.777 -1.6369 2.0969 -1.8133 0.82602 -0.76322 3.9621
0 0 1 1 73.961 -9.2851 10.082 -3.2837 7.2518 7.3935 -4.1605 0.27371 -7.2366 2.1694 -6.7678 -1.6204 -2.3145 4.5525
0 0 1 1 73.514 -10.182 9.399 -1.1943 7.5552 5.0888 -10.136 2.0721 -11.032 4.2156 -5.2751 7.7048 -5.128 4.464
