0 1 1 2 72.545 -8.302 9.4367 5.4831 -1.4044 8.0402 -3.2225 -5.5865 -0.87416 -0.38034 -0.25029 -0.74682 -3.1351 1.9517
0 1 1 2 72.582 -7.5338 11.647 -0.27716 2.725 8.4899 -5.4358 -1.9714 -2.5327 -4.2248 1.171 -1.4479 -8.5727 -0.29206
0 1 1 2 72.459 -8.8591 10.661 -1.4783 2.9793 10.167 -6.046 -1.1186 -1.3249 -2.0771 4.7475 -3.5986 -5.2074 0.34606
0 1 1 2 72.603 -8.814 9.703 1.6011 0.31178 15.074 -6.8113 -2.7071 -2.4168 -2.632 4.4105 -1.7709 -7.0936 0.37921
0 1 1 2 72.558 -8.9713 9.3739 -1.7657 3.8602 7.6406 -8.2578 1.0668 -8.7498 6.0253 2.3953 3.4247 -3.1936 -2.0818
0 1 1 2 72.161 -9.3621 10.878 1.8041 3.5678 8.5163 -2.9458 -4.6259 1.6825 -1.6771 4.7488 0.74001 1.9906 -0.18091
0 1 1 2 70.8 -5.9904 10.455 -2.0269 10.047 1.4763 -2.7534 -2.7511 -3.6001 0.41964 3.0905 3.7611 -2.6059 0.085373
0 1 1 2 72.383 -10.094 12.803 3.9823 -1.0587 13.856 -5.3866 -1.8457 0.85624 -4.9574 4.703 -5.7223 1.637 -1.5608
0 1 1 2 71.642 -10.433 12.161 0.38948 1.702 12.516 -8.1697 1.2858 -3.2329 1.312 -1.153 6.1875 -6.8098 1.4885
0 1 1 2 71.645 -10.542 12.952 0.39813 0.3427 9.0629 -7.9551 1.14 1.4176 -4.0092 4.2738 2.2259 -0.081255 -0.88063
0 1 1 2 71.004 -8.7792 12.188 0.78293 3.4237 8.6339 -2.9031 0.89477 3.0438 -6.0641 3.74 -0.13549 -3.3058 -2.1856
0 1 1 2 70.809 -8.1072 9.572 1.7511 1.3413 10.914 -7.7063 3.0655 2.4623 -5.5622 4.7867 -3.4191 -2.7905 1.8933
0 1 1 2 70.653 -7.1494 10.569 0.49995 7.1238 6.2178 -3.0287 3.1389 -7.2694 4.3013 -0.44722 1.9072 -4.8513 -0.016078
0 1 1 2 72.093 -9.6624 11.003 1.0315 2.157 7.3318 -2.9497 -7.2514 10.839 -7.6425 1.3639 -1.4683 -4.9738 2.8462
0 1 1 2 71.738 -9.3876 10.936 -2.1762 5.5186 6.9209 1.9634 -4.2227 4.4207 -7.0308 6.2682 2.4349 0.21353 1.3996
0 1 1 2 71.706 -7.6914 11.84 0.33871 6.3056 8.8794 -1.4619 -3.4022 -1.6406 -3.6663 7.4269 -1.632 -1.8768 -3.251
0 1 1 2 72.088 -10.155 11.234 1.8419 -0.62143 12.425 -7.4798 0.47398 -1.799 -4.0364 5.9647 -2.3329 -0.78182 0.5736
0 1 1 2 71.089 -8.6693 12.977 -1.4475 6.9215 8.9133 -10.447 5.0593 -13.737 7.115 -6.0831 5.1862 -3.4023 2.4722
0 1 1 2 71.075 -9.1665 13.209 -2.9093 6.2665 8.9988 -10.853 3.7247 -13.103 5.8435 -5.5006 3.6506 -4.527 2.157
0 1 1 2 71.251 -8.9814 12.266 0.27779 3.3834 8.4002 -7.0897 6.9818 -3.362 -0.79661 2.2972 1.4968 -3.411 1.252
