1 0 1 1 74.205 1.0246 -0.14464 -0.89783 -1.7885 -4.3845 2.1095 -1.1665 -3.3613 -2.3554 -5.328 -5.2638 1.2963 -0.87228
1 0 1 1 74.526 0.53826 -1.093 0.15021 -4.4646 -2.5871 5.1672 -5.9976 -2.7135 -0.87927 -0.74103 -2.7906 -2.3783 -0.32284
1 0 1 1 74.591 0.71718 -0.98392 -0.030186 -4.3097 -2.6266 4.7504 -6.4707 -3.2089 -0.9649 -0.37711 -2.5776 -2.3235 0.35013
1 0 1 1 74.32 1.8064 -0.2462 -0.83839 -2.1818 -3.1821 2.7417 -5.481 -5.9935 -1.8814 -1.2415 -3.3788 -2.7412 0.65438
1 0 1 1 74.164 2.11 -0.14894 -0.87045 -1.7634 -2.9583 1.9453 -4.3246 -6.1941 -3.3051 -1.4689 -3.5601 -1.6776 -0.47783
1 0 1 1 73.944 1.4905 -2.6021 -1.1228 -1.7088 -2.3008 1.251 -3.2087 -7.9419 -3.8925 -0.38275 -3.309 1.5341 -0.76098
1 0 1 1 73.554 2.7006 -1.8529 1.3775 -0.87892 -2.0106 -0.12727 1.999 -5.994 -5.997 -2.554 -5.5072 -2.4206 -2.9869
1 0 1 1 73.717 0.62196 -0.74822 -0.069975 0.70241 -1.9096 -1.4106 -2.007 -8.1384 -7.8388 -1.162 -2.0235 -0.83282 -3.4007
1 0 1 1 74.463 -1.3577 2.0246 -3.6111 3.1261 -5.8202 1.7982 -5.1428 -8.641 -6.4748 -0.073967 -3.3142 -5.858 -0.067262
1 0 1 1 73.836 2.0417 -0.42326 -1.2827 1.7836 -5.4187 -2.6794 -5.3915 -8.4694 -6.4621 -1.59 -1.289 -3.6855 -3.9621
1 0 1 1 74.048 2.347 -1.7217 -0.65025 -2.6571 -1.9117 0.5426 -2.127 -3.6414 -5.5933 -0.33735 -0.20452 0.17839 -3.1144
1 0 1 1 75.166 1.9787 -1.7136 -1.4642 0.90462 -4.431 1.6482 -2.3564 -2.3964 -4.4534 1.0595 -2.4135 -1.5153 -4.4167
1 0 1 1 75.162 1.7333 -1.6674 -1.5563 1.1608 -4.8256 2.1267 -2.149 -3.0003 -4.4827 1.1364 -2.9144 -1.4218 -4.6588
1 0 1 1 74.954 1.3194 -1.9624 -1.9904 1.0598 -4.9549 2.9729 -1.8896 -4.4409 -4.3709 1.2985 -3.2631 -1.1464 -4.329
1 0 1 1 76.868 -3.2518 -1.6338 -0.76527 0.73805 -7.3507 1.6746 1.3756 -3.0174 -7.9196 2.9336 -2.1433 -6.3767 -0.053677
1 0 1 1 76.932 -3.3483 -1.7404 -0.89524 0.57839 -7.8666 0.77078 0.89143 -2.9605 -7.9283 3.1145 -2.1313 -6.1278 0.21904
1 0 1 1 76.932 -3.3483 -1.7404 -0.89524 0.57839 -7.8666 0.77078 0.89143 -2.9605 -7.9283 3.1145 -2.1313 -6.1278 0.21904
1 0 1 1 76.572 -2.846 -1.8664 -1.4441 0.14315 -8.1615 -1.0198 -0.38091 -2.7004 -7.0032 3.662 -1.7824 -4.8555 0.85332
1 0 1 1 74.418 0.6553 -0.72095 -2.0786 -4.1501 -4.6669 -0.45385 -4.0498 -6.0464 -1.8921 -1.0915 -0.41732 -1.2381 -0.81095
1 0 1 1 74.223 1.0874 -3.3099 -2.1577 -0.4046 -1.9399 4.0256 -2.8808 -5.6007 0.074574 -1.0156 -0.82551 0.23258 -0.42205
1 0 1 1 74.302 1.8944 -0.16429 -2.0485 0.36019 -4.5575 0.28888 -1.3619 -6.2258 -1.6969 -2.2905 -5.1831 2.0752 -0.59382
1 0 1 1 74.516 0.076384 -1.5573 -2.0707 -0.81875 -2.7837 1.7179 -5.9595 -9.8589 0.30206 1.1331 -3.6943 -4.0033 0.75532
1 0 1 1 74.478 1.568 -1.8244 -1.8858 -0.64524 -3.6929 2.1751 -4.156 -7.398 -1.5635 0.15476 -1.3341 -3.2373 -1.8909
1 0 1 1 74.305 2.4463 -2.1138 -0.12958 -0.48557 -5.9457 4.1643 -2.1444 -5.6861 -5.0617 -0.47883 -3.8978 -0.85558 0.018353
1 0 1 1 74.772 1.2383 -1.9738 1.3225 -1.5297 -4.6138 2.7422 -0.08594 -4.1983 -3.52 -1.999 -4.914 -1.1287 -1.84
1 0 1 1 75.403 0.12119 -2.0479 2.0069 -3.2006 -3.2349 2.1901 -1.0259 -2.2345 -2.0599 -4.0401 -4.1828 -1.6869 -3.514
1 0 1 1 75.876 -1.3319 -2.0819 1.5892 -4.6832 -1.472 3.1962 -4.9247 -4.6791 -0.69241 -8.1375 -0.86266 -1.1496 -3.5935
1 0 1 1 75.151 -0.36074 -1.8131 1.6155 -3.0686 -1.1072 4.2616 -2.335 -4.9916 0.7234 -5.4981 0.49626 -0.81346 -3.401
1 0 1 1 74.855 1.0602 -0.90156 -4.0557 0.38915 -1.3796 2.1866 3.5285 -2.0063 -1.0697 -0.44808 -0.86617 -0.8848 -0.8412
1 0 1 1 76.015 -0.074987 -2.0801 -4.8348 1.2489 -0.66901 1.7941 -0.80371 -6.2916 -1.2682 0.77106 -3.0311 1.9532 -0.69255
1 0 1 1 76.015 -0.074987 -2.0801 -4.8348 1.2489 -0.66901 1.7941 -0.80371 -6.2916 -1.2682 0.77106 -3.0311 1.9532 -0.69255
1 0 1 1 75.762 0.66208 -2.0386 -4.693 1.3946 -0.52909 1.0606 -1.9964 -7.9104 -2.1482 0.59872 -2.4777 1.8442 -1.4999
1 0 1 1 74.451 2.8419 -1.7819 -2.8542 1.1417 -0.4157 1.7805 -2.9882 -8.8189 -4.9125 -1.3998 -0.96654 1.7454 -2.113
1 0 1 1 73.857 2.1027 -1.5891 -2.4014 -0.70449 -1.7655 3.0297 -1.5002 -6.8059 -4.9353 -1.3572 -2.4994 0.55918 -3.8938
1 0 1 1 74.596 2.0339 -1.5141 -0.55053 -1.207 -1.4108 -0.14055 -3.2418 -6.6642 -6.4475 -1.0095 -3.8855 -1.8424 -2.5619
1 0 1 1 74.175 2.3215 -0.39555 -3.7415 -1.9163 -1.7261 0.46929 -0.77262 -7.2203 -4.6024 0.0019337 0.86262 -1.4606 -2.9931
1 0 1 1 74.166 2.3759 -0.51712 -3.647 -2.1229 -1.3872 -0.046378 -1.5393 -6.8144 -3.9884 0.20337 1.1946 -1.7303 -2.5258
1 0 1 1 74.162 1.2309 -0.8253 -4.1803 -1.0282 0.44411 -0.79534 -2.3995 -8.193 -1.371 -2.8008 -2.2088 -0.055351 -1.6672
1 0 1 1 73.388 2.4182 -1.1665 -0.43941 -2.5522 -1.3479 1.4269 -3.1014 -6.5996 -1.8239 -2.6253 -3.3333 0.64426 -0.19528
1 0 1 1 73.744 1.6638 -0.99457 0.11311 -2.3671 -1.5744 3.2315 -0.7042 -4.5207 -5.2276 -0.97542 -2.3085 1.7766 0.53428
1 0 1 1 73.864 1.3783 -0.90178 -0.33577 -2.3396 -1.2283 3.2893 -1.4944 -4.7982 -5.7224 -0.64712 -2.4257 0.94674 0.67299
1 0 1 1 73.906 0.75311 0.15593 -1.7253 -1.119 0.54742 3.6252 -4.3434 -5.6105 -4.9568 -0.9145 -1.0435 -2.9284 0.096879
1 0 1 1 73.82 1.4246 -0.62355 -1.7388 -0.84319 -1.323 2.8073 -4.977 -5.033 -4.3995 -2.7348 -0.31753 -0.21934 -0.93054
1 0 1 1 74.208 2.7222 0.57265 -1.3743 -0.69221 -3.6936 1.0673 -5.6916 -6.5483 -3.8352 -1.4974 -6.5694 -0.72634 -0.76118
1 0 1 1 73.969 1.123 -0.76817 -1.1809 -1.5336 -6.121 0.62091 -3.5708 -7.8008 -5.1362 -2.1188 -2.6527 0.814 1.609
1 0 1 1 73.929 2.0988 0.002112 -0.71576 2.0962 -3.6059 2.7736 -2.6766 -8.5947 -4.8624 -2.1499 -3.1748 -2.6614 1.8729
1 0 1 1 73.929 1.4282 -0.078574 -3.4934 -0.45539 -0.51915 0.55999 -1.9713 -3.0546 -0.093418 3.6053 -0.68023 -2.274 -1.7541
1 0 1 1 73.971 3.0712 -0.89527 -3.5483 -0.1275 1.9238 3.123 -1.4815 -4.211 -4.226 -1.4459 -3.2148 -2.1722 -0.63582
1 0 1 1 74.316 3.3169 -0.23359 -4.5627 -2.8602 0.6173 4.1901 -2.2311 -8.6524 -3.8844 -0.29067 -1.2241 -2.078 -1.661
1 0 1 1 74.315 3.0019 0.34815 -4.872 -3.3757 -0.039175 3.027 -1.8512 -10.864 -3.5743 -0.14396 -1.3744 -1.8228 -2.8517
1 0 1 1 74.68 2.1391 0.18212 -3.6204 -2.3556 -1.1433 3.4635 -3.0398 -11.195 -3.9565 -2.203 0.42212 -0.019179 -3.8579
1 0 1 1 74.297 1.9928 0.34788 -4.1595 0.3135 -3.2405 3.0499 -2.1581 -9.0305 -4.5464 -4.3936 -3.768 -2.1816 -3.9676
1 0 1 1 74.224 2.0617 -0.040449 -2.4139 -1.6866 -3.6862 -0.51112 -2.7264 -7.697 -4.913 -3.553 -1.1467 -3.0793 -2.3371
1 0 1 1 74.319 2.28 -0.11864 -2.4244 -1.5914 -3.0271 -0.55735 -1.6849 -7.0701 -4.2513 -3.5232 -1.3979 -4.0645 -2.4655
1 0 1 1 74.254 2.612 -0.40746 -2.5829 -1.3372 -1.9129 -0.84523 -0.45777 -5.9313 -3.2218 -3.8688 -2.0591 -5.3478 -3.211
1 0 1 1 74.17 2.07 -0.36003 -3.2158 -1.9186 -1.5439 -1.4241 -4.0195 -6.1805 -3.5044 -3.1472 -1.6148 -3.249 -3.1201
1 0 1 1 74.154 2.1036 -1.321 -2.5033 -1.1198 -1.3145 -0.2904 -4.9093 -10.145 -4.578 -3.5157 -2.524 -1.0966 -3.8026
1 0 1 1 74.055 2.6789 -1.6533 -2.2978 -1.4446 -2.463 -0.44922 -5.4206 -10.472 -3.409 -2.6009 -3.2016 -0.8167 -3.6575
1 0 1 1 74.278 2.8339 -1.6986 -3.2787 -3.0272 -2.5936 -0.60099 -8.734 -7.5423 -4.1016 -2.4828 -0.39642 -1.9041 -1.384
1 0 1 1 74.109 2.6621 -0.81052 -3.323 -1.956 -1.9668 5.2329 -6.1465 -9.1757 -4.3895 -1.0369 -1.023 -2.5644 -3.5809
1 0 1 1 74.729 1.756 -0.85314 -1.6417 0.33258 -6.2684 0.0431 -3.9593 -7.246 -5.2712 -4.2283 -2.4503 1.1709 -0.31522
1 0 1 1 74.93 2.6076 -2.6171 0.0076821 1.3956 -5.2266 0.77765 -3.2015 -5.361 -3.4354 -0.82599 -0.70292 -1.1398 -2.9626
1 0 1 1 75.17 2.1835 -2.6519 0.068484 1.4068 -5.1683 2.251 -1.2162 -4.0418 -1.6335 -1.1838 -1.8814 -2.3609 -3.1876
1 0 1 1 75.454 0.75656 -1.452 -0.96575 0.02881 -5.4348 3.0203 0.76899 -3.0901 1.6947 -2.3832 -2.4365 -3.2531 -1.6464
1 0 1 1 75.693 0.44811 -1.0109 -2.9794 -2.3889 -6.3277 1.5022 -0.55297 -5.1064 -0.26375 -1.7391 0.3129 -1.2134 -0.048372
1 0 1 1 75.255 3.0881 -2.5115 -3.412 -3.2333 -5.0092 4.2561 -1.1744 -4.5411 -3.2977 -0.17239 2.0646 2.7419 -0.1882
1 0 1 1 75.238 3.6615 -3.0909 -3.2995 -2.2472 -4.0428 3.931 -0.060448 -4.0761 -3.357 0.88552 0.85971 2.7363 -0.79359
1 0 1 1 75.086 3.9528 -2.8183 -3.6951 -0.37331 -3.2457 -0.43706 1.5356 -5.3433 -2.2215 1.4705 -2.7577 2.5453 -2.1846
1 0 1 1 74.963 3.9748 -2.43 -2.4321 -2.6205 -6.2403 0.86058 0.12861 -5.6641 -6.3742 -1.7578 -1.7736 -3.7494 -4.1772
1 0 1 1 74.963 3.9748 -2.43 -2.4321 -2.6205 -6.2403 0.86058 0.12861 -5.6641 -6.3742 -1.7578 -1.7736 -3.7494 -4.1772
1 0 1 1 74.919 4.3545 -2.4151 -2.7989 -3.2617 -8.0671 1.4744 0.098382 -4.5844 -7.0287 -1.6722 -1.105 -4.0414 -3.6161
1 0 1 1 75.16 4.6603 -1.4418 -3.8174 -3.3969 -8.1142 0.52124 -1.8924 -3.427 -4.1008 -1.1951 -2.1171 0.16374 -1.4454
1 0 1 1 75.15 4.6422 -1.5141 -4.236 -3.5185 -7.8023 -0.023973 -2.4989 -3.6737 -3.3409 -1.6019 -2.4171 0.92398 -1.0286
1 0 1 1 74.89 4.4081 -1.2717 -4.3802 -3.1335 -6.6029 -1.6853 -3.6686 -5.2266 -1.9757 -1.4161 -3.8568 1.2389 -2.7711
1 0 1 1 75.174 4.0904 0.30321 -3.0576 -2.0433 -6.1944 -1.6582 -3.3861 -6.593 -5.1957 3.6612 -4.8103 -1.7665 -3.7116
1 0 1 1 75.197 3.9918 0.61729 -3.2642 -2.0963 -6.1712 -2.1423 -2.5974 -6.7296 -5.5835 4.0265 -4.5697 -2.0441 -3.5068
1 0 1 1 75.273 3.1968 -0.058639 -2.7483 -2.69 -4.0242 -4.5846 -2.4989 -10.529 -4.8657 0.7688 -2.8885 -1.6075 -0.67485
1 0 1 1 74.946 3.3318 -1.8731 -1.7258 -1.2906 -6.006 -3.43 -4.7029 -11.002 -4.4141 -2.0129 -3.3352 -1.7506 2.6084
1 0 1 1 74.946 3.3318 -1.8731 -1.7258 -1.2906 -6.006 -3.43 -4.7029 -11.002 -4.4141 -2.0129 -3.3352 -1.7506 2.6084
1 0 1 1 75.433 3.6412 -2.397 -2.2788 -2.0377 -3.7779 -0.95167 -0.57554 -8.7572 -5.8309 -2.4155 -5.607 -2.1934 1.0025
1 0 1 1 75.584 3.3154 -1.8868 -2.142 -2.3648 -3.6635 -0.63204 -0.19923 -6.9636 -6.4332 -1.2998 -7.2893 -1.7234 0.54498
1 0 1 1 76.165 2.0335 -0.54753 -1.9072 -4.0089 -3.3458 -2.4032 0.95026 -4.6399 -5.6752 -0.26639 -8.8484 -0.58701 0.53007
1 0 1 1 76.317 1.6897 -0.36881 -2.0286 -4.4567 -3.2545 -3.1077 0.93583 -4.1182 -5.5733 -0.21511 -8.5809 -0.63464 0.55068
1 0 1 1 76.359 1.4799 -0.33479 -2.285 -4.7232 -3.0301 -3.6352 0.69571 -3.9781 -5.6042 -0.09843 -8.0321 -0.80172 0.42807
1 0 1 1 75.937 1.8656 -0.35777 -2.7761 -4.2327 -2.6675 -4.4087 -0.50656 -3.5596 -4.9705 -0.33444 -5.9105 -1.2511 -0.12928
1 0 1 1 75.551 2.7488 -0.53189 -2.8702 -2.7873 -2.9207 -4.1366 -0.88319 -1.6069 -2.3023 -3.4729 -2.9329 -1.1385 -1.7329
1 0 1 1 75.857 3.515 -0.94634 -3.8952 -5.0861 -5.9472 -2.0099 -0.19275 -3.2861 0.27491 -2.1594 -4.0362 -2.2166 0.91821
1 0 1 1 75.775 4.5171 -1.8293 -3.6934 -5.279 -7.1626 -1.0673 -1.7848 -2.9578 -0.29686 -1.0669 -5.0871 -1.8942 2.603
1 0 1 1 75.775 4.5171 -1.8293 -3.6934 -5.279 -7.1626 -1.0673 -1.7848 -2.9578 -0.29686 -1.0669 -5.0871 -1.8942 2.603
1 0 1 1 75.763 4.7489 -2.1168 -3.5623 -4.8374 -7.5964 -0.84419 -1.8584 -2.3977 -0.65952 -0.90746 -5.3405 -1.8123 2.7837
1 0 1 1 75.583 4.9961 -3.1505 -2.831 -2.8111 -8.4544 -1.5274 -0.4118 -2.0618 -2.6202 -1.0345 -6.6278 -1.9051 1.818
1 0 1 1 75.098 4.7304 -4.3431 -3.1177 -3.2173 -9.1846 -2.2775 1.1419 -2.7427 -2.2898 -0.59405 -3.6156 -0.68852 -1.9239
1 0 1 1 75.435 4.4652 -4.3936 -4.5744 -5.691 -7.3709 -2.8222 0.27027 -0.8517 -0.68079 1.9669 -4.8003 -3.8241 -2.032
1 0 1 1 75.435 4.4652 -4.3936 -4.5744 -5.691 -7.3709 -2.8222 0.27027 -0.8517 -0.68079 1.9669 -4.8003 -3.8241 -2.032
1 0 1 1 75.484 3.9783 -3.2574 -5.3759 -6.3844 -6.6075 -4.246 -1.3994 0.69718 -1.1132 -0.23144 -5.5149 -4.8092 -0.66405
1 0 1 1 74.973 3.4078 -3.1661 -3.7119 -2.4721 -7.1417 -3.9679 -2.3846 -1.4456 3.8868 1.2381 -3.2079 -1.4059 0.46999
1 0 1 1 75.135 3.2761 -3.4574 -3.8479 -2.8718 -7.0456 -5.1692 -1.6837 -2.8261 3.3583 1.2159 -4.6195 -2.0304 -0.40502
1 0 1 1 75.201 3.1349 -3.6285 -4.05 -3.3422 -7.0407 -5.4565 -1.4168 -3.3328 2.7283 0.80565 -5.023 -1.9324 -0.63763
1 0 1 1 75.155 2.9805 -3.7898 -4.3236 -4.2267 -6.8897 -5.5877 -0.88837 -3.4873 0.59592 -0.29773 -5.3969 -1.2072 -0.48507
1 0 1 1 75.481 2.3688 -3.0712 -2.7342 -4.4086 -5.7684 -2.5403 0.54163 -4.0717 -7.3931 -0.9856 -3.9059 -1.3827 -1.0239
1 0 1 1 75.609 2.2181 -2.8788 -2.678 -3.8888 -5.3048 -1.9291 0.73394 -4.0839 -7.5705 -0.99996 -3.302 -1.6989 -1.6782
1 0 1 1 75.047 3.4377 -2.8885 -4.5844 -4.0534 -7.3747 -0.01559 -0.41815 -1.5808 -2.1605 -2.0441 -0.97155 -2.0265 -1.773
1 0 1 1 74.423 4.0971 -2.4702 -4.9344 -4.3577 -7.2124 -1.2471 -1.1446 -1.2683 -1.9285 -1.9051 -1.2473 -2.2193 -0.50041
1 0 1 1 73.249 6.0247 -2.7733 -3.1245 -2.2318 -3.3549 -2.1175 -1.7389 -1.6879 0.84125 -2.912 -8.3918 -2.0336 -1.0471
1 0 1 1 74.01 6.2054 -2.8146 -4.241 -2.29 -3.2197 -2.6211 0.1473 1.2063 0.1354 -3.0275 -7.7806 -2.9245 -2.122
1 0 1 1 75.492 3.9407 -1.8085 -4.8501 -2.816 -3.5376 -2.2835 -0.70255 2.1023 0.78837 -2.4457 -5.6212 -2.8851 -1.4844
1 0 1 1 76.645 1.1715 -1.567 -4.4878 -3.0309 -3.2724 -1.9714 -1.4612 2.0812 2.9871 -0.10645 -4.2497 -2.3879 -0.52957
1 0 1 1 75.639 6.544 -1.2352 -4.118 -7.0152 -9.9663 -2.1427 -2.1828 0.34316 -2.9661 -2.3016 -1.2381 -2.7627 0.11517
1 0 1 1 75.821 -0.82777 -1.1384 -1.8162 2.9611 -6.9576 1.0022 -2.1854 -8.6915 -7.5927 -2.972 -0.10987 -5.9007 3.8528
1 0 1 1 76.02 -1.296 -1.0514 -2.079 3.0745 -7.2496 0.87618 -1.9853 -8.5264 -8.3159 -2.9167 0.46383 -7.0964 3.5451
1 0 1 1 76.02 -1.296 -1.0514 -2.079 3.0745 -7.2496 0.87618 -1.9853 -8.5264 -8.3159 -2.9167 0.46383 -7.0964 3.5451
1 0 1 1 76.02 -1.296 -1.0514 -2.079 3.0745 -7.2496 0.87618 -1.9853 -8.5264 -8.3159 -2.9167 0.46383 -7.0964 3.5451
1 0 1 1 74.496 0.45341 -2.2678 0.12729 -0.39315 -5.0382 -0.64669 -4.7629 -3.2277 -4.1675 -1.7496 -3.388 -0.58581 -1.1632
1 0 1 1 73.665 2.0185 -3.1284 -1.2971 -1.215 -5.6327 -1.8284 -1.819 -3.2256 -3.6837 -0.79919 -0.90375 -0.9351 -3.0248
1 0 1 1 73.654 2.052 -3.0974 -2.1209 -2.0014 -6.031 -1.3877 -0.21783 -4.5882 -3.3258 -2.7019 0.047813 -5.3487 -3.4704
1 0 1 1 73.731 2.2113 -3.294 -2.3995 -2.2188 -6.0653 -0.63616 0.085684 -6.0454 -4.3836 -3.0648 -0.22363 -5.7615 -3.7305
1 0 1 1 73.752 2.4365 -3.8614 -2.1268 -2.2567 -5.9893 1.314 0.11308 -9.2953 -8.1855 -2.6634 -1.3039 -5.711 -3.3623
1 0 1 1 73.752 2.4365 -3.8614 -2.1268 -2.2567 -5.9893 1.314 0.11308 -9.2953 -8.1855 -2.6634 -1.3039 -5.711 -3.3623
1 0 1 1 73.732 2.1897 -3.5678 -1.6015 -2.0495 -6.0075 0.90208 -1.7559 -8.5492 -7.5337 -2.7927 -1.1691 -5.4816 -2.172
1 0 1 1 74.207 1.7949 -3.5313 0.19753 -2.2399 -4.9916 1.9101 -4.6028 -6.0481 -4.1655 -2.753 -2.1347 -3.2598 -0.17545
1 0 1 1 74.589 2.9505 -3.9299 -0.28682 -2.2278 -4.7392 3.8802 0.12871 -7.8591 -3.5103 -2.6351 -1.1734 0.026398 -2.8312
1 0 1 1 74.668 3.0329 -3.9434 -1.7054 -1.5449 -5.8432 3.2888 0.45852 -8.1018 -3.5518 -3.3552 -1.9656 -0.071602 -3.4094
1 0 1 1 74.923 3.0861 -3.0915 -2.6952 -1.1195 -7.1589 2.15 0.14737 -6.6003 -3.5509 -3.3212 -4.2512 -1.7181 -3.8951
1 0 1 1 74.632 3.1723 -2.9113 -3.3489 -1.4669 -8.095 -0.35623 -2.1389 -3.967 -3.3019 -2.8255 -5.1788 -2.806 -5.3996
1 0 1 1 74.632 3.1723 -2.9113 -3.3489 -1.4669 -8.095 -0.35623 -2.1389 -3.967 -3.3019 -2.8255 -5.1788 -2.806 -5.3996
1 0 1 1 74.868 2.865 -4.053 -2.4097 -1.4035 -3.2228 0.6033 -1.5908 -2.1921 -0.84259 -2.0871 -4.1757 -2.6023 -1.9314
1 0 1 1 74.912 2.8111 -4.0992 -2.595 -2.088 -3.4309 -0.47006 -1.1767 -3.0646 -2.7803 -2.8323 -3.3105 -2.398 -1.4426
1 0 1 1 75.637 2.5651 -1.8463 -2.3997 -3.9144 -6.9927 0.94481 -3.3589 -3.6437 -4.194 -5.1016 -5.7106 -2.6318 -4.1123
1 0 1 1 75.637 2.5651 -1.8463 -2.3997 -3.9144 -6.9927 0.94481 -3.3589 -3.6437 -4.194 -5.1016 -5.7106 -2.6318 -4.1123
1 0 1 1 75.558 2.6516 -1.8135 -2.8717 -4.1705 -8.0499 0.74209 -2.2011 -6.3366 -3.7856 -3.6463 -5.4874 -2.8991 -3.9876
1 0 1 1 75.493 2.8035 -1.906 -3.002 -4.0614 -8.4327 0.12873 -1.3412 -7.1104 -3.4732 -2.9996 -5.0197 -3.0492 -4.044
1 0 1 1 75.461 3.6961 -3.8411 -3.6521 -3.6888 -7.3087 -3.7245 -1.586 -4.5403 -5.9437 -3.508 -3.0193 -6.0253 -3.3015
1 0 1 1 75.512 3.5861 -3.7975 -3.7216 -3.9946 -7.2947 -3.7905 -1.7072 -4.3394 -6.387 -3.3562 -3.5667 -6.3122 -2.6769
1 0 1 1 75.607 3.3144 -3.4661 -3.8374 -4.1237 -7.3686 -3.559 -1.6703 -3.7894 -6.8491 -3.3957 -4.5182 -6.2921 -2.2477
1 0 1 1 76.015 1.749 -0.67505 -3.8578 -2.3821 -6.9087 -1.6668 -0.37157 -1.7335 -5.8654 -5.0773 -8.111 -6.0401 -1.1812
1 0 1 1 75.198 3.7445 -2.8881 -0.99969 -1.3696 -5.6586 -1.8248 -3.3309 -10.434 -7.7548 -8.5446 -7.473 -5.3459 -1.9394
1 0 1 1 75.442 3.6093 -3.038 -0.85674 -1.7995 -5.4113 -0.87442 -4.2063 -11.413 -7.9667 -9.1878 -6.4045 -4.6565 -1.9663
1 0 1 1 75.566 3.4228 -2.6556 -0.98467 -2.1151 -4.5742 0.16177 -4.7319 -11.351 -8.4977 -8.817 -5.289 -4.6549 -1.823
1 0 1 1 75.496 3.2621 -1.9912 -1.8265 -2.0795 -3.9246 0.83779 -5.3505 -10.822 -8.8334 -8.4473 -4.1593 -5.1252 -1.7196
1 0 1 1 75.402 3.1206 -1.6122 -2.2426 -1.5971 -3.5936 0.96903 -5.7124 -10.723 -8.9859 -8.1285 -3.7948 -5.4463 -1.6478
1 0 1 1 74.636 3.1151 -1.4816 -1.1476 -0.60534 -1.1038 1.6324 -9.1489 -12.06 -11.223 -3.2815 -4.2569 0.88595 -0.73212
1 0 1 1 74.694 3.1243 -1.4228 -1.4746 -0.73439 -1.4635 1.6135 -9.2212 -11.985 -11.459 -3.7887 -4.2173 0.87379 -0.53912
1 0 1 1 74.753 3.0481 -1.3562 -1.7407 -0.86856 -1.6352 1.392 -9.051 -11.908 -11.78 -4.2624 -4.2753 0.7755 -0.4269
1 0 1 1 74.412 2.2527 -0.35498 -1.4459 0.94849 -2.7074 -0.54683 -2.0321 -6.512 -10.771 -2.3157 -5.7204 -2.8323 -2.3562
1 0 1 1 74.12 2.6607 -1.1749 -1.5309 -2.4423 -1.8795 1.779 -3.5444 -11.258 -5.9354 -1.8567 -4.7676 -0.5066 -1.8071
1 0 1 1 74.425 2.9066 -0.89072 -1.3684 -2.761 -1.5782 2.9982 -4.0995 -10.315 -5.8945 -2.3646 -3.5298 0.45505 -1.9722
1 0 1 1 74.65 2.7586 -0.28827 -1.0646 -2.1091 -2.5319 2.6662 -4.3947 -7.5855 -6.9224 -3.363 -1.7308 0.32882 -2.424
1 0 1 1 75.101 4.4524 0.62548 -0.89 -1.1914 -4.3129 3.0041 -1.4304 -3.9148 -5.2254 -1.9386 -4.4113 -0.83297 -3.3945
1 0 1 1 74.954 4.8015 0.48399 -0.08712 -1.3349 -3.6717 3.8072 -0.279 -5.1775 -6.9378 -2.1442 -3.7433 -1.5995 -4.8675
1 0 1 1 74.824 4.8345 0.36667 0.25633 -1.2418 -3.169 4.0545 -0.11027 -6.2434 -7.6361 -2.367 -3.4776 -1.8822 -5.4486
1 0 1 1 74.308 4.2167 -0.19709 0.46151 -0.74033 -1.7237 4.0406 -0.28906 -9.495 -7.0467 -3.1776 -3.0723 -2.2453 -5.886
1 0 1 1 73.811 2.0734 -2.2169 -1.4047 -1.4982 -3.4433 -1.4915 -1.0686 -4.7897 -2.4607 -4.6331 -3.6494 -0.61642 -0.76439
1 0 1 1 73.646 2.2626 -1.9746 -0.68779 0.26734 -5.1018 -3.9983 -3.6762 -2.6822 -3.771 -1.7055 -2.9524 -3.3121 -1.6467
1 0 1 1 74.334 3.2348 -2.4443 0.72735 -0.99059 -3.6185 1.7293 -3.9596 -5.1479 -3.1577 -4.9277 -8.0425 -3.9655 -0.7266
1 0 1 1 74.218 3.1404 -2.7478 0.43827 -1.6585 -2.8675 1.0231 -6.7463 -5.5777 -2.0267 -5.2972 -8.1075 -3.5372 -0.74271
1 0 1 1 74.087 2.5765 -3.8288 0.96336 -1.6417 -1.911 -0.59342 -7.3437 -6.4119 -1.6128 -5.1331 -7.7159 -1.9013 -0.52134
1 0 1 1 74.407 2.2254 -3.3046 -0.51515 -0.77976 -2.9303 -1.2525 -3.5004 -8.2754 -2.179 -4.2722 -8.6066 -0.21147 0.44428
1 0 1 1 74.716 2.1183 -2.4597 -1.2926 -1.0342 -3.6162 -1.6739 -2.7219 -8.1443 -3.2542 -4.207 -8.9058 -0.072652 0.33189
1 0 1 1 74.957 1.8523 -1.8936 -1.7055 -1.4882 -4.1661 -1.6954 -1.9618 -6.7413 -3.6799 -4.2438 -7.2882 0.048336 -0.57373
1 0 1 1 74.966 1.9163 -0.061025 -1.9441 -0.34865 -2.4316 0.45543 -1.351 -6.1293 -3.764 -2.6527 -1.8507 -0.34269 -2.7719
1 0 1 1 74.7 2.1054 -0.79755 -1.832 -0.70201 -2.4941 0.94951 -2.3664 -7.0898 -3.8526 -3.714 -3.2407 -1.0263 -1.6624
1 0 1 1 73.898 2.5257 -2.0856 -1.3985 -1.0224 -1.4326 2.896 -2.327 -7.8331 -5.9746 -4.6499 -4.5625 -1.2955 -0.63334
1 0 1 1 73.591 2.7786 -2.1454 -1.0608 1.0428 -0.28489 2.1374 -4.223 -6.971 -6.7175 -3.2229 -2.7305 -0.7706 -1.4577
1 0 1 1 73.322 2.8825 -2.3973 -0.98708 0.90295 -0.4284 0.41536 -5.7177 -7.143 -8.1216 -2.3358 -1.3574 -0.66514 -0.099995
1 0 1 1 73.61 2.3973 -2.5524 -1.0015 0.5676 1.0541 2.4275 -4.576 -7.9048 -8.3918 -4.1687 -1.8341 0.50083 0.066697
1 0 1 1 73.91 2.178 -2.2354 -0.66291 1.1379 1.4485 3.4338 -4.5785 -7.3622 -7.216 -3.9448 -2.5014 0.68918 -1.0026
1 0 1 1 74.124 1.8836 -2.0857 -0.44057 1.5834 0.51013 3.6131 -5.9589 -6.7305 -6.6323 -3.3806 -3.6306 1.2785 -1.7009
1 0 1 1 74.148 1.4152 -2.942 -1.6516 1.3041 -1.7767 4.8573 -5.2906 -6.4033 -8.0984 -3.7091 -6.2781 1.846 -1.0234
1 0 1 1 73.89 1.5446 -2.1175 -2.6685 -0.83357 -1.8115 5.2637 -4.0693 -6.7808 -8.71 -5.0787 -5.7944 0.44037 0.039554
1 0 1 1 73.89 1.5446 -2.1175 -2.6685 -0.83357 -1.8115 5.2637 -4.0693 -6.7808 -8.71 -5.0787 -5.7944 0.44037 0.039554
1 0 1 1 73.912 1.7489 -1.2559 0.041883 -2.3958 -1.8463 2.8264 -3.9644 -4.5004 -4.1664 -2.3801 -3.9993 -3.3754 -0.35881
1 0 1 1 74.022 -0.41165 1.011 -0.5562 -3.8039 -0.12181 -4.4638 2.0216 -7.5106 -5.472 2.1835 -5.8208 -3.301 1.2451
1 0 1 1 73.888 0.39291 0.86928 -0.6497 -2.6749 -0.6424 -3.7668 -0.78295 -6.0874 -4.9857 1.3898 -5.3946 -3.5494 0.50058
1 0 1 1 73.875 1.7747 0.088066 -1.2348 -0.50728 -4.2447 0.52817 0.3081 -3.4953 -2.9075 0.025639 -4.3746 0.40109 -0.76032
1 0 1 1 74.148 1.0122 -0.55752 -0.83828 -2.8522 -5.004 -0.068263 -1.8657 -3.7689 -3.6377 -2.964 -7.3698 -0.59965 0.067921
1 0 1 1 74.183 0.9769 -0.82252 -0.80324 -2.9292 -4.6417 0.048646 -2.2238 -3.3745 -3.041 -2.6681 -7.5425 -0.61795 0.11896
1 0 1 1 74.466 0.70039 -1.342 -0.63836 -3.7307 -1.6735 2.4209 -2.7683 -0.95654 -0.38305 -1.9343 -3.5126 -5.8031 -1.9746
1 0 1 1 75.476 -0.99486 -0.7515 0.47309 -6.9759 -1.227 1.9529 -2.4697 -1.1832 -3.173 -3.0005 -0.3257 -4.3664 -1.1775
1 0 1 1 75.861 -1.4945 -1.1254 -0.28119 -7.9849 -0.099023 1.9593 -3.1711 -2.7592 -4.0919 -2.1681 0.6953 -4.3636 -2.0597
1 0 1 1 75.861 -1.4945 -1.1254 -0.28119 -7.9849 -0.099023 1.9593 -3.1711 -2.7592 -4.0919 -2.1681 0.6953 -4.3636 -2.0597
1 0 1 1 75.864 -1.0834 -1.3348 -0.91084 -7.871 0.32384 2.22 -3.3051 -3.6747 -4.3729 -1.7396 0.69543 -5.0434 -3.0916
1 0 1 1 75.606 -0.1049 -0.92088 -1.7296 -5.9671 -0.49992 3.646 -3.6048 -3.1322 -4.1655 -1.7961 -0.77454 -5.3103 -3.1043
1 0 1 1 75.418 0.44389 -0.60575 -2.1898 -4.4166 -1.5041 4.6062 -3.8568 -2.4455 -4.009 -1.768 -1.904 -4.7897 -2.5187
1 0 1 1 74.881 1.4834 -0.63216 -3.2134 -0.089677 -4.6963 5.229 -4.5301 -1.6195 -4.0549 -1.2718 -4.792 -3.5775 -0.78779
1 0 1 1 74.401 2.3322 -3.5447 -1.5281 -2.8854 -2.5609 3.1887 -0.98711 -1.1967 -0.25361 -2.3434 -4.5127 -4.1176 -2.308
1 0 1 1 74.491 2.2228 -3.3286 -1.3299 -3.1669 -2.6421 3.1614 -0.79906 -1.8847 -0.015558 -2.4625 -4.5708 -4.4984 -1.875
1 0 1 1 74.843 1.7739 -1.7599 -0.64582 -2.9254 -6.1201 1.0792 -2.2964 -4.2234 2.1504 -0.46857 -2.8882 -2.9189 -0.20391
1 0 1 1 74.904 1.7088 -1.8521 -0.8193 -3.0648 -6.5006 1.0211 -2.3662 -4.057 1.5547 -0.19124 -2.3651 -2.2849 -0.16286
1 0 1 1 75.058 0.85307 -2.8556 -2.1187 -3.5023 -5.694 -2.2132 -0.61053 -0.7606 -0.87953 -1.0431 -1.255 -2.9693 -0.47303
1 0 1 1 75.246 0.41326 -3.0796 -3.1529 -1.955 -7.1023 -1.4599 0.11785 -3.082 -2.3734 -3.0558 -2.0453 -3.0426 -1.754
1 0 1 1 75.246 0.41326 -3.0796 -3.1529 -1.955 -7.1023 -1.4599 0.11785 -3.082 -2.3734 -3.0558 -2.0453 -3.0426 -1.754
1 0 1 1 74.265 1.1386 -3.398 1.3464 -0.1182 -3.8888 0.37062 -1.1644 -7.9689 -3.8445 -0.21414 0.369 0.95923 -0.84041
1 0 1 1 74.162 1.2321 -3.1361 -0.64332 0.38118 -4.8414 0.39638 0.72252 -6.6101 -4.1006 -1.5116 -0.74279 1.9341 -0.48076
1 0 1 1 73.869 2.0305 -2.0303 -0.92547 -4.305 -3.2886 2.5024 0.98085 -7.6282 -2.4687 -1.5248 -1.8461 -1.3469 -1.979
1 0 1 1 74.349 1.5615 -2.2143 -0.72077 -3.951 -4.8442 1.7815 -0.45868 -10.415 -2.4001 -2.2235 -3.2256 -2.1222 -2.6245
1 0 1 1 74.702 1.1103 -1.6895 -0.61055 -1.1985 -4.8555 3.8057 0.62796 -11.9 -2.6327 -2.5562 -2.7823 -1.704 -1.8587
1 0 1 1 74.794 1.1864 -1.2164 -0.70861 0.019886 -4.674 4.8183 1.1665 -11.742 -3.59 -3.3844 -1.3392 -0.72482 -1.4157
1 0 1 1 74.804 1.3224 -1.0765 -0.65517 0.22966 -4.5515 4.8773 1.3712 -10.761 -4.1513 -3.8245 -0.3385 -0.18922 -1.5775
1 0 1 1 74.73 1.702 -1.032 -0.61793 0.70907 -4.2119 4.9182 0.80172 -8.5082 -5.1679 -4.0387 1.0052 0.9223 -2.2014
1 0 1 1 74.651 2.7493 -1.7649 -1.9383 1.8311 -1.8466 4.909 -3.9921 -6.6442 -4.7906 -0.53152 -1.6086 2.2106 -2.5928
1 0 1 1 74.657 3.4393 -1.923 -2.4692 0.85353 -1.361 4.3379 -3.7643 -5.8727 -3.4974 1.2679 -2.1701 1.8166 -2.3542
1 0 1 1 74.73 2.7477 -1.0801 -1.6567 -1.0207 -4.1934 5.315 -5.4399 -2.4534 -2.1925 0.76945 -3.0942 -2.9119 -4.5834
1 0 1 1 74.937 1.917 -0.3087 -0.95336 -1.2621 -4.3375 5.8047 -6.285 -1.7592 -3.3675 0.66234 -5.5571 -3.2159 -3.8607
1 0 1 1 75.153 1.9951 -1.4879 -1.2245 -1.8212 -3.5079 5.0055 -3.3122 -2.0842 -5.506 0.13467 -5.5418 -0.91061 -0.91731
1 0 1 1 74.201 3.686 -3.9993 -2.492 -4.9534 -2.1252 4.5097 3.6773 -2.6014 -2.4403 1.8504 -1.6745 -0.5305 -2.3212
1 0 1 1 74.783 4.6547 -3.7668 -5.0439 -5.0606 -1.9397 4.7763 1.8328 -4.8765 -9.1668 -3.432 -0.082664 -2.8941 -2.91
1 0 1 1 75.173 3.6369 -2.9927 -5.1899 -4.4031 -1.0683 5.5944 -0.42691 -6.088 -7.3317 0.41011 -1.7475 -2.7672 -2.1148
1 0 1 1 75.312 3.3708 -2.838 -5.1316 -4.2267 -0.48268 5.5478 -0.42775 -6.1742 -6.2162 0.37267 -2.0755 -2.5639 -1.8815
1 0 1 1 75.788 2.9144 -3.8261 -3.941 -4.247 -1.4487 1.8477 0.17803 -7.7316 -6.6565 -2.0145 -1.2257 -1.7454 0.55418
1 0 1 1 75.727 2.8646 -3.8275 -3.8417 -4.1532 -2.1101 1.6394 -0.51157 -8.3662 -6.5575 -2.2647 -0.93853 -1.2245 0.56413
1 0 1 1 75.727 2.8646 -3.8275 -3.8417 -4.1532 -2.1101 1.6394 -0.51157 -8.3662 -6.5575 -2.2647 -0.93853 -1.2245 0.56413
1 0 1 1 75.327 1.3866 -3.5977 -3.3131 -3.2157 -4.1454 5.3259 -1.1015 -7.3063 -11.037 -1.4251 -1.8774 -0.46644 -1.2769
1 0 1 1 75.37 1.3542 -3.6407 -3.6893 -3.6838 -5.141 4.5771 -2.0253 -7.2331 -11.623 -1.6497 -2.4058 -0.26866 -1.6165
1 0 1 1 75.162 2.7129 -3.2243 -2.0606 -2.9017 -5.5707 3.2648 -2.2473 -8.8574 -11.671 -2.0883 -2.2426 -0.76385 -1.689
1 0 1 1 75.025 2.7744 -3.0224 -1.4329 -2.8426 -5.078 3.485 -1.0984 -9.8234 -11.231 -2.5083 -1.7547 -1.3404 -1.5271
1 0 1 1 74.766 2.3372 -3.1315 -1.3321 -3.7112 -1.9326 5.6847 4.8672 -5.5449 -5.5834 -0.20693 1.3454 -2.5665 -2.4219
1 0 1 1 74.756 2.281 -3.2781 -1.0971 -3.5624 -1.7269 5.9194 4.617 -5.4199 -5.0853 -0.048121 1.5907 -2.125 -2.4192
1 0 1 1 74.756 2.281 -3.2781 -1.0971 -3.5624 -1.7269 5.9194 4.617 -5.4199 -5.0853 -0.048121 1.5907 -2.125 -2.4192
1 0 1 1 75.139 2.1541 -1.9939 -3.5864 -4.5303 -1.3736 4.9361 -2.584 -8.3644 -6.8168 -4.6557 1.8454 -0.42273 -1.3743
1 0 1 1 75.307 2.0755 -1.7758 -3.6726 -4.0606 -1.4498 4.8914 -3.0816 -7.5756 -6.9459 -4.8202 1.2383 0.12347 -1.1514
1 0 1 1 74.412 1.7446 -1.8583 -1.9394 -1.652 -3.5586 3.4508 -1.8595 -6.0721 -6.1033 -1.6312 -0.048654 -0.95078 -2.1759
1 0 1 1 74.288 1.9311 -1.8206 -1.8711 -2.4666 -3.3553 3.8815 -1.0685 -6.8496 -5.6956 -1.857 -0.56045 -1.3268 -2.6659
1 0 1 1 74.407 0.8124 -0.19335 -4.2724 -1.885 -4.2231 3.9603 -0.92834 -4.5396 -4.0391 -4.494 -2.4073 -1.2528 -2.7835
1 0 1 1 75.385 -0.16925 0.48964 -4.2954 -2.5596 -2.4701 5.9702 -0.92564 -3.7425 -5.8803 -4.8246 0.57815 -0.34904 0.45046
1 0 1 1 74.894 1.7589 -1.4735 -2.6177 -2.9378 -2.72 4.4375 -1.26 -5.8664 -5.4162 -5.7712 -3.3483 -1.4878 0.62161
1 0 1 1 74.561 3.1708 -2.1456 -3.0921 -2.3816 -2.8174 4.7264 0.41096 -5.1054 -4.9707 -4.1372 -1.3752 -2.2338 1.2652
1 0 1 1 73.78 2.7716 -0.80686 -1.5108 -5.14 -1.9317 1.5398 -1.0485 -2.5902 -5.505 -5.914 -4.5633 -1.5723 -2.7829
1 0 1 1 73.852 2.5891 -1.1734 -1.7401 -4.9043 -2.5607 1.1492 -1.8183 -2.4642 -4.9144 -6.8012 -5.3267 -1.1352 -2.6643
1 0 1 1 75.731 -1.0437 -1.4501 1.5918 1.6395 -2.7352 3.7691 -7.4317 1.7846 -4.4763 -7.7153 -1.794 -0.30148 -0.74222
1 0 1 1 75.731 -1.0437 -1.4501 1.5918 1.6395 -2.7352 3.7691 -7.4317 1.7846 -4.4763 -7.7153 -1.794 -0.30148 -0.74222
1 0 1 1 75.7 -0.8726 -1.3466 1.6854 2.0178 -2.3381 4.321 -7.0224 1.5914 -4.7593 -7.0439 -1.1781 0.016748 -0.46628
1 0 1 1 74.396 2.0115 -1.2948 -0.77927 0.7828 -2.5856 3.5504 -2.5761 -3.4244 -7.6629 -3.4407 -1.4569 4.4824 1.1758
1 0 1 1 73.929 2.558 -1.7084 -0.9525 -1.0776 -3.5916 0.19126 -3.6183 -4.7078 -10.162 -3.8485 -2.5049 4.0914 -0.34353
1 0 1 1 73.513 2.8378 -2.0422 -1.2265 -1.3111 -2.9115 -1.356 -3.9186 -4.7682 -9.6758 -5.0183 -2.5961 3.2469 -1.1915
1 0 1 1 73.844 1.9417 -0.92428 -1.7301 -1.2613 0.2643 1.0242 -2.6556 -6.6459 -7.2538 -2.3058 0.62096 4.4205 -2.6043
1 0 1 1 73.695 2.0965 -0.43279 -1.4844 -1.4381 0.13214 1.9365 -2.4107 -6.7896 -7.1836 -3.0589 1.9209 5.0865 -2.6204
1 0 1 1 74.346 0.87677 0.052079 -1.7907 -2.1688 -3.3288 1.658 0.37297 -5.4041 -4.222 -6.7631 -0.13313 0.56209 0.20732
1 0 1 1 76.026 -4.7367 4.9307 -7.1298 -0.42154 -1.9605 4.1302 2.9211 -3.5292 -3.2178 -3.2271 -1.4345 2.0477 -2.0746
1 0 1 1 75.101 -1.3475 2.856 -3.9626 0.47137 -4.8935 3.0597 3.1243 -3.3981 -5.9902 -3.9365 -2.8843 -0.64848 0.91785
1 0 1 1 73.714 2.1979 -2.417 -1.4557 -0.89641 -2.0038 4.4926 3.7316 -2.5642 -7.3825 -2.2692 -1.573 -0.4714 2.175
1 0 1 1 74.007 1.2998 -0.86568 -0.81219 -2.042 -4.2783 0.92882 -1.7933 -2.158 -2.891 -2.6297 -2.3749 -1.0802 0.83337
1 0 1 1 74.244 0.16227 -0.08947 -1.8742 -3.0068 -4.0451 -1.6802 -0.6492 -2.1118 -1.6824 -1.5359 -2.9176 -1.1339 -1.54
1 0 1 1 73.65 0.58826 -1.6986 -0.93832 -1.4327 0.56099 0.17145 0.77349 -3.5713 -2.6715 -0.12811 -0.29065 0.6754 0.94092
1 0 1 1 73.284 2.8359 -1.5685 -1.3015 -1.2496 -1.5651 0.16229 -3.3912 -4.5949 -4.9373 -3.716 -4.8585 -1.7504 -0.77121
1 0 1 1 72.919 3.3123 -2.5795 -2.6371 -1.5195 -0.47328 1.8536 0.11975 -3.2178 0.48319 -1.2656 -0.0029282 1.6073 1.722
1 0 1 1 73.91 1.3733 -2.245 -2.5185 -1.8136 -0.42008 1.3802 1.6031 -1.1909 -6.2484 -1.244 -3.9564 1.184 -3.3711
1 0 1 1 74.051 1.5469 -2.6987 -1.2661 -1.8638 -1.0053 3.6584 -0.46591 -2.4946 -2.9073 -1.3514 -5.0481 -2.6104 -2.3001
1 0 1 1 75.683 -2.9008 1.6569 -1.6409 -3.2882 0.17548 1.295 -3.1168 -5.6175 0.26818 -3.7306 -5.5078 -2.9075 0.44311
1 0 1 1 75.683 -2.9008 1.6569 -1.6409 -3.2882 0.17548 1.295 -3.1168 -5.6175 0.26818 -3.7306 -5.5078 -2.9075 0.44311
1 0 1 1 75.683 -2.9008 1.6569 -1.6409 -3.2882 0.17548 1.295 -3.1168 -5.6175 0.26818 -3.7306 -5.5078 -2.9075 0.44311
1 0 1 1 75.088 0.072225 -2.7392 -0.79286 -0.00324 6.1024 -5.3891 -2.326 -2.4055 -2.7428 -0.12316 -5.6745 0.96651 0.98984
1 0 1 1 75.088 0.072225 -2.7392 -0.79286 -0.00324 6.1024 -5.3891 -2.326 -2.4055 -2.7428 -0.12316 -5.6745 0.96651 0.98984
1 0 1 1 74.998 -0.38585 -0.72056 -1.4151 -3.1493 0.085037 0.29548 -6.4698 -8.2154 -2.7665 -5.5675 -4.6322 2.2779 -2.8828
1 0 1 1 75.094 -0.47392 -0.77009 -1.4774 -3.0122 0.41082 0.69145 -6.1986 -7.6135 -2.3852 -6.2733 -4.3245 3.2168 -2.8099
1 0 1 1 74.757 0.46325 -1.1601 -1.2457 -2.1733 1.4318 0.029125 -1.9591 -4.4706 -3.2403 -3.4739 -1.3887 5.0299 -2.633
1 0 1 1 74.677 0.30811 0.15253 -2.4138 -1.1584 -2.8149 1.9903 -1.1206 1.7303 -3.5605 -0.42938 -4.2635 1.226 -1.9882
1 0 1 1 74.547 0.77561 0.43391 -3.0414 -2.3192 -2.2458 3.3622 -1.9321 -0.081689 -4.3418 1.1557 -2.4919 2.2981 -2.9319
