1 1 1 1 73.187 -7.7785 8.7353 -0.41076 3.462 2.3216 -5.8191 -2.0043 -7.6765 -3.5238 -1.2615 -0.3769 -0.81934 -2.692
1 1 1 1 73.922 -6.9632 9.3581 -0.41152 0.69873 4.4647 -9.6529 0.97962 -5.1603 -3.9429 1.9847 -2.6378 0.14016 2.2543
1 1 1 1 73.891 -7.6268 8.2907 -0.3454 4.3028 6.589 -7.2475 4.2948 -6.4063 4.392 -6.9102 1.6814 0.65326 -0.35539
1 1 1 1 74.626 -9.6186 9.404 -0.72847 3.466 3.7607 -9.4338 -0.50248 2.9007 0.098883 3.9194 -0.19356 0.67984 0.10104
1 1 1 1 74.646 -9.2378 10.865 -0.90711 3.7117 4.5718 -7.6712 1.9115 -5.1315 0.501 2.8949 0.029819 2.077 2.6345
1 1 1 1 73.555 -7.7823 8.4317 -0.17154 2.1565 4.5489 -8.4121 4.4355 -10.513 3.711 -4.2285 3.6286 -0.54767 1.4222
1 1 1 1 73.324 -8.0021 9.3722 -1.741 4.3932 2.0327 -2.3596 -1.5005 -4.9023 7.3829 -1.6056 9.0577 1.8004 6.3606
1 1 1 1 73.895 -8.4047 9.6975 1.2875 4.403 2.3734 -6.3897 -1.3188 -4.6888 -0.88632 4.2467 0.24551 0.90253 2.4706
1 1 1 1 74.477 -8.4266 9.3308 -2.9109 3.843 0.76254 -7.3051 -2.6878 -1.7954 0.33353 0.90472 2.4157 0.12489 0.03254
1 1 1 1 74.833 -7.7783 10.326 -1.9354 4.9408 1.9635 -8.2989 -0.67876 -4.3719 2.0889 -2.4891 2.0647 0.94107 1.8195
1 1 1 1 74.102 -5.7498 6.6971 -0.014997 1.698 7.1339 -8.6908 0.84451 -6.1747 0.8622 -1.6748 -0.40269 -2.0381 1.2875
1 1 1 1 74.674 -8.3622 11.692 -1.2071 4.3345 2.5452 -11.937 2.6694 -10.108 6.016 -7.1207 7.7696 -5.4179 6.2628
1 1 1 1 74.265 -6.2617 7.7707 -0.0016722 5.8667 -1.6671 -8.7805 -4.4157 -7.469 2.2935 -3.827 4.3237 -1.6074 4.7469
1 1 1 1 74.093 -9.0658 9.4218 2.3267 1.2235 6.4439 -3.9597 -4.0848 -0.44572 -6.7867 0.12803 -5.049 1.0219 -1.0073
1 1 1 1 73.654 -9.93 11.248 -0.81724 3.97 6.276 -5.9382 0.5965 -1.3276 -4.902 0.17496 -3.0161 -0.041857 0.07323
1 1 1 1 73.496 -9.8198 10.075 1.1847 2.6686 7.7369 -6.4199 1.9631 -2.6319 -5.6269 1.4464 -1.367 0.29162 0.16647
1 1 1 1 73.158 -7.5229 7.3085 3.3565 -1.4718 9.5769 -8.2432 -1.5094 -4.5544 -7.6049 -0.0090943 -0.61147 0.58373 3.147
1 1 1 1 73.367 -7.5764 8.9453 -2.3322 3.95 5.0504 -11.321 5.3784 -6.464 0.96156 -5.1712 0.89054 -4.6977 0.36533
1 1 1 1 73.618 -7.6721 9.7075 0.17415 5.3385 3.8417 -9.6984 1.6152 -2.7804 1.2431 -2.6368 1.2673 -7.4991 3.6123
1 1 1 1 74.105 -8.6302 9.9328 0.035386 4.6754 7.5024 -9.7579 1.2962 -2.0571 -4.1265 -0.28641 -3.4751 -1.5143 3.2479
1 1 1 1 73.805 -8.6698 7.7615 -0.96866 2.7958 5.3728 -7.6199 -2.0199 -1.2296 -4.5646 -0.089783 -2.8012 1.9586 1.908
1 1 1 1 73.646 -8.9745 10.047 -0.19402 2.5374 2.0709 -6.4138 1.899 -2.1544 -1.569 -1.2052 -2.7693 -0.76724 0.37259
1 1 1 1 73.954 -9.1789 9.9326 -0.23418 2.514 4.394 -9.7787 2.5538 -8.1995 -1.1824 -1.5478 -1.6091 1.6901 -0.61018
1 1 1 1 73.392 -9.4645 10.379 -1.1248 2.483 7.5605 -15.252 7.111 -13.129 9.8299 -4.636 3.4601 0.099003 1.9115
1 1 1 1 73.166 -8.4833 9.1898 0.19453 4.099 3.9971 -7.6388 4.9907 -2.1237 5.3783 -2.6266 -2.3361 -0.052684 -2.1426
1 1 1 1 73.603 -9.0895 8.5864 0.88966 2.1929 6.2728 -8.8498 -0.72867 -0.49264 -2.1483 2.4735 -2.0882 2.281 0.14009
1 1 1 1 73.832 -9.6147 9.2349 -0.94607 1.8519 7.8986 -5.7776 -0.60348 -5.3496 -0.83003 -1.5013 -2.8575 0.27431 1.8368
1 1 1 1 74.627 -10.976 11.718 1.0151 3.7974 5.6754 -5.8967 -2.131 1.0481 -1.1205 -1.0771 -0.099519 -1.1657 2.1994
1 1 1 1 74.418 -11.936 13.099 -1.8421 1.4826 5.988 -12.345 0.50217 -4.2326 -5.6864 1.8474 -2.0309 -0.57528 3.9469
1 1 1 1 74.506 -11.908 12.542 -1.5069 1.0686 6.276 -12.543 0.51988 -4.664 -5.1481 2.6423 -2.4551 -1.5487 3.769
1 1 1 1 74.097 -10.058 9.0378 1.098 0.23424 6.6558 -11.29 -4.3224 -0.70235 -6.6717 0.70081 -1.4801 -2.8641 3.8645
1 1 1 1 74.389 -9.0957 9.6516 0.75623 3.5507 4.4605 -10.5 0.27389 -0.88605 -4.2898 0.57348 -0.96109 -4.0435 1.1744
1 1 1 1 75.24 -9.3734 10.914 0.77048 -0.033804 11.149 -12.224 7.2597 -6.8149 -0.69367 -1.4935 -0.60191 -1.8822 3.0253
1 1 1 1 74.457 -9.8045 12.158 -0.30137 3.3988 9.5028 -8.679 8.6281 -10.492 3.3873 -3.2614 2.2091 -5.712 2.8792
1 1 1 1 73.991 -9.5295 11.707 -0.80784 4.8254 4.3685 -5.561 2.0453 -2.866 -3.0116 1.5531 2.9897 -0.14829 4.3271
1 1 1 1 72.685 -6.981 7.9481 -0.78309 4.31 2.3727 -1.5628 3.2711 -6.0242 4.5085 -4.572 3.202 -1.1477 1.5402
1 1 1 1 74.62 -8.8203 8.9964 -0.74535 3.8163 4.2544 -5.9139 -1.7238 -1.4114 -0.32408 4.0914 -0.19806 -0.13913 1.9114
1 1 1 1 74.513 -8.838 9.2069 -0.49179 3.9898 4.6558 -6.5434 -1.6728 -0.99993 -1.0286 4.3401 0.59501 0.051246 2.1893
1 1 1 1 73.818 -8.829 11.028 0.89783 3.3439 5.2058 -8.6621 1.0914 1.28 -1.1588 2.2764 0.58493 -1.8574 5.7023
1 1 1 1 73.874 -8.5108 10.266 0.76824 3.8463 7.085 -9.0683 0.84067 -1.4568 -1.5279 4.1438 0.69999 -2.0564 5.0525
1 1 1 1 72.981 -7.2698 8.464 -1.3714 1.0568 5.3911 -8.4917 1.9299 -3.9811 1.5887 -5.2529 3.2026 -1.8335 3.8419
1 1 1 1 72.763 -7.2402 9.521 -1.023 4.279 4.1183 -9.9367 1.5973 -6.3713 2.1579 -0.1378 3.7381 -1.6351 4.5422
1 1 1 1 73.024 -9.8755 11.075 -1.0398 5.0577 2.3208 -5.7077 2.2331 -7.6075 -0.88314 -2.7735 1.8935 -0.7073 5.3666
1 1 1 1 74.164 -10.006 10.467 -1.546 1.054 4.2022 -5.3499 -3.209 -0.68328 -0.72066 1.1708 1.8536 0.46004 1.5751
1 1 1 1 74.015 -10.865 9.6973 -0.4064 2.5853 8.7 -9.4243 -0.41679 -1.9125 -3.046 5.2231 3.7238 -0.16773 3.1979
1 1 1 1 74.087 -10.583 9.5302 0.26468 1.3795 9.0176 -9.344 0.28257 -2.4984 -1.885 6.7138 2.4949 -0.28135 3.1511
1 1 1 1 73.24 -8.4046 6.1694 1.2158 -1.3432 8.7012 -6.9979 -0.2761 -3.1654 -0.27337 -0.8252 0.70887 -5.6722 4.4951
1 1 1 1 73.183 -8.4317 6.1839 0.48549 -0.57736 8.1813 -7.3227 0.18829 -3.6064 -0.71007 -2.1088 1.4896 -5.2943 3.4019
1 1 1 1 74.186 -11.074 10.447 -3.0379 1.8166 7.7364 -12.335 7.522 -6.4181 0.25415 0.72263 4.1504 -4.745 2.2256
1 1 1 1 73.247 -10.289 10.342 -0.86572 3.0382 6.9434 -4.2727 0.49612 -2.7074 -2.0957 1.5556 -2.9823 -4.726 -0.022507
1 1 1 1 72.423 -6.3835 6.5963 0.92413 6.1423 8.0132 -3.1869 5.1075 -8.6399 1.6376 -2.8436 1.7847 -1.0621 0.43418
1 1 1 1 73.813 -10.055 9.4667 -1.5172 0.81617 7.9096 -6.8756 3.0259 -3.3018 -3.9085 -0.76328 -1.924 -0.58813 1.109
1 1 1 1 73.52 -11.209 10.746 0.3089 4.0546 8.4664 -10.205 5.2226 -4.8132 -0.93145 -0.16436 -2.6073 0.85129 1.9762
1 1 1 1 73.611 -11.024 10.357 0.95023 1.8945 8.2755 -10.157 6.3374 -4.134 -0.99652 1.241 -2.0159 0.41308 0.73812
1 1 1 1 73.323 -10.431 11.665 -1.6819 -0.55307 7.6689 -10.754 3.5481 -9.1538 5.7028 -3.281 1.0479 -3.803 2.7708
1 1 1 1 72.243 -9.6783 8.681 -3.1961 2.5205 2.6292 -7.5958 -1.6687 -1.669 -7.6454 2.0309 -1.1568 0.63677 1.0115
1 1 1 1 72.443 -8.9184 6.7148 -0.15915 -1.0862 6.9731 -10.177 -2.4301 -0.46144 -6.5484 1.6371 1.9143 -0.73792 4.133
1 1 1 1 71.861 -6.9544 8.114 -0.60377 2.3403 2.9993 -7.8597 4.6888 -4.8722 3.2751 -2.6452 4.2388 -3.9287 1.9946
1 1 1 1 72.493 -9.0633 8.2632 -0.1688 3.4914 4.5916 -2.9914 4.1246 0.4063 1.1214 -1.1622 3.154 -1.3587 2.3018
1 1 1 1 72.854 -7.9404 9.127 -1.1205 3.0033 3.6903 -3.4727 4.0489 -3.2861 1.2848 0.77051 1.2574 -1.2527 3.4145
1 1 1 1 72.871 -7.6099 8.9824 -2.3182 3.4285 5.8581 -7.7122 4.6073 -4.8957 3.6139 -2.7341 7.1459 -3.1224 2.2095
1 1 1 1 72.871 -7.2849 8.5737 -3.5232 3.6199 4.5226 -8.0709 2.2183 -4.5749 6.0863 -3.5448 6.837 -5.0522 1.6602
1 1 1 1 71.537 -6.4483 9.1472 0.28124 4.4675 3.0129 -8.1118 7.1358 -8.2349 3.7275 -2.2228 2.8716 1.235 1.7126
1 1 1 1 72.552 -9.2406 9.3506 -2.326 3.5746 6.8288 -7.7849 3.3223 -3.6732 2.4542 -0.42175 3.5272 -2.9273 1.6682
1 1 1 1 72.11 -8.0856 7.2777 1.4144 1.8854 8.4652 -7.7016 -1.1737 -9.3579 0.42625 -1.6 2.2233 -1.548 0.52274
1 1 1 1 72.674 -8.1233 9.4848 -2.8011 5.9043 4.8829 -4.7477 5.4544 -7.1453 4.5076 -4.3099 2.0409 -6.9191 1.2828
