1 1 1 2 52.947 -9.0521 1.1337 -1.6857 1.5012 -1.6505 1.0007 -1.5923 2.0118 -2.3417 1.192 -2.0282 1.2546 -2.224
1 1 1 2 56.949 -7.7736 1.9256 -2.1705 0.85992 -1.0207 1.1557 -2.1321 1.8303 -1.283 0.83651 -2.3253 3.2877 -2.7768
1 1 1 2 55.715 -9.8619 1.3574 -1.9208 1.7256 -2.8588 3.9571 -4.0777 2.7889 -0.29018 -1.6829 -1.9512 3.8015 -2.3571
1 1 1 2 57.218 -8.5537 1.521 -1.8529 1.932 -3.3748 4.1743 -3.9915 2.4146 -1.3731 0.12582 -0.97476 1.9482 -1.5541
1 1 1 2 57.218 -8.5537 1.521 -1.8529 1.932 -3.3748 4.1743 -3.9915 2.4146 -1.3731 0.12582 -0.97476 1.9482 -1.5541
1 1 1 2 55.62 -10.949 -0.0014951 -1.8131 2.9326 -3.2133 3.9258 -2.8226 2.5474 -3.1613 0.62903 -1.1129 2.5675 -1.0352
1 1 1 2 54.876 -12.88 -1.7073 -2.8456 2.552 -2.5251 3.736 -0.64612 2.8648 -3.3661 1.7324 -2.4412 3.8802 0.48839
1 1 1 2 58.627 -7.5797 1.3709 -2.2602 2.1218 -3.5156 2.8481 -1.7792 1.0193 -0.93981 1.453 -3.7637 1.6139 0.16338
1 1 1 2 58.627 -7.5797 1.3709 -2.2602 2.1218 -3.5156 2.8481 -1.7792 1.0193 -0.93981 1.453 -3.7637 1.6139 0.16338
1 1 1 2 60.137 -6.6194 1.3694 -2.458 1.984 -2.9449 2.4806 -1.4835 0.4737 -1.0283 1.5824 -2.1971 1.2913 0.12478
1 1 1 2 58.793 -8.37 1.228 -3.2728 2.7404 -1.816 1.7316 -1.2836 0.55349 -2.1042 1.5777 -1.3645 0.49021 -0.66709
1 1 1 2 57.757 -9.4181 0.92521 -3.8659 2.7256 -1.1175 3.134 -2.5075 0.16359 -2.312 1.7454 -0.69792 1.1782 -1.6691
1 1 1 2 57.757 -9.4181 0.92521 -3.8659 2.7256 -1.1175 3.134 -2.5075 0.16359 -2.312 1.7454 -0.69792 1.1782 -1.6691
1 1 1 2 58.745 -8.4133 1.6138 -3.8967 2.7976 -1.2901 3.1188 -2.6484 0.30499 -2.1868 2.1912 -0.25854 1.5353 0.54454
1 1 1 2 58.745 -8.4133 1.6138 -3.8967 2.7976 -1.2901 3.1188 -2.6484 0.30499 -2.1868 2.1912 -0.25854 1.5353 0.54454
1 1 1 2 54.975 -14.949 -3.3285 -7.345 2.4078 2.0874 5.4297 -2.9587 1.7043 0.66968 -0.21877 -2.2042 1.0707 1.8279
1 1 1 2 54.975 -14.949 -3.3285 -7.345 2.4078 2.0874 5.4297 -2.9587 1.7043 0.66968 -0.21877 -2.2042 1.0707 1.8279
1 1 1 2 54.7 -15.622 -4.1827 -8.031 1.6201 1.6346 5.7814 -2.9439 2.3837 -0.14044 -0.4015 -2.7694 0.94914 1.7547
1 1 1 2 58.563 -8.3442 1.7286 -3.8041 3.086 -2.4699 2.1704 -3.2448 3.8049 -2.065 0.21251 -2.8389 2.8101 -0.41877
1 1 1 2 60.328 -6.4771 1.4844 -2.8544 2.3063 -1.8047 1.3094 -3.1227 2.7558 -1.1671 1.0214 -2.6317 2.4819 -0.69266
1 1 1 2 55.817 -10.319 -0.2417 -2.7049 2.9306 -1.7603 1.8962 -3.7575 4.5147 -1.0336 -0.23296 -4.8633 2.4323 0.25078
1 1 1 2 57.823 -6.8299 1.5892 -3.2076 2.5164 -2.2475 2.2996 -3.358 2.1722 -1.5559 1.7677 -2.0914 0.89181 -0.95487
1 1 1 2 57.823 -6.8299 1.5892 -3.2076 2.5164 -2.2475 2.2996 -3.358 2.1722 -1.5559 1.7677 -2.0914 0.89181 -0.95487
1 1 1 2 54.481 -7.6907 1.8402 -3.3856 3.9511 -3.3832 2.892 -3.7002 3.8035 -2.509 -0.039057 0.83157 -0.55844 -0.38575
1 1 1 2 59.586 -5.4348 1.1438 -2.493 1.7987 -2.2856 1.5363 -2.1477 2.0976 -2.071 1.4985 -2.054 0.71514 -1.6008
1 1 1 2 54.308 -12.161 0.16791 -5.5333 7.5277 -2.4444 2.2327 -2.0407 6.9032 -4.7931 -2.0143 -2.3582 3.8564 0.4355
1 1 1 2 54.308 -12.161 0.16791 -5.5333 7.5277 -2.4444 2.2327 -2.0407 6.9032 -4.7931 -2.0143 -2.3582 3.8564 0.4355
1 1 1 2 58.794 -14.099 -4.3462 -7.925 4.551 -4.8434 8.2741 -0.35118 4.56 -1.9394 -3.9693 1.0425 -0.91819 1.7048
1 1 1 2 62.082 -8.5987 1.6139 -4.3981 3.892 -4.4958 5.2521 -2.8689 1.8938 -1.526 -1.1788 0.51584 -1.3717 1.7793
1 1 1 2 62.082 -8.5987 1.6139 -4.3981 3.892 -4.4958 5.2521 -2.8689 1.8938 -1.526 -1.1788 0.51584 -1.3717 1.7793
1 1 1 2 63.078 -7.5592 2.2661 -3.9488 3.4063 -4.2532 4.1353 -2.798 1.723 -1.798 0.72015 -0.123 -1.3191 1.6235
1 1 1 2 63.078 -7.5592 2.2661 -3.9488 3.4063 -4.2532 4.1353 -2.798 1.723 -1.798 0.72015 -0.123 -1.3191 1.6235
1 1 1 2 59.945 -10.33 1.7266 -4.088 3.2191 -4.39 5.1135 -1.9614 1.8207 -2.0096 1.2942 -1.9293 -2.0046 2.3669
1 1 1 2 59.945 -10.33 1.7266 -4.088 3.2191 -4.39 5.1135 -1.9614 1.8207 -2.0096 1.2942 -1.9293 -2.0046 2.3669
1 1 1 2 59.945 -10.33 1.7266 -4.088 3.2191 -4.39 5.1135 -1.9614 1.8207 -2.0096 1.2942 -1.9293 -2.0046 2.3669
1 1 1 2 58.724 -11.805 0.5244 -4.1083 1.0735 -1.4082 4.4715 -0.57191 -0.22921 -1.2752 0.81448 -3.1458 -1.02 0.78369
1 1 1 2 58.724 -11.805 0.5244 -4.1083 1.0735 -1.4082 4.4715 -0.57191 -0.22921 -1.2752 0.81448 -3.1458 -1.02 0.78369
1 1 1 2 59.731 -9.9953 1.8399 -3.6115 1.2956 -0.90049 3.1118 -1.0152 -0.625 -1.047 1.4729 -2.0617 0.55991 0.4268
1 1 1 2 59.731 -9.9953 1.8399 -3.6115 1.2956 -0.90049 3.1118 -1.0152 -0.625 -1.047 1.4729 -2.0617 0.55991 0.4268
1 1 1 2 57.301 -15.003 -2.8295 -7.9785 0.35854 0.81059 5.676 2.4687 1.9015 -1.8469 1.0014 -3.727 0.69355 0.34115
1 1 1 2 57.355 -15.271 -3.0779 -8.4049 -0.073662 0.63656 5.0201 2.0282 1.9229 -2.5738 1.2471 -3.6547 0.63547 -0.34408
1 1 1 2 61.086 -7.5297 1.5474 -2.7793 1.6133 -1.7159 1.9581 -1.9368 2.2439 -2.8088 1.6044 -2.1664 2.0258 -0.52571
1 1 1 2 63.318 -5.6466 1.269 -2.4219 1.4514 -1.8614 1.5459 -1.5455 1.0747 -1.2654 0.5718 -0.83007 1.375 -1.1603
1 1 1 2 59.404 -7.5033 1.428 -2.9559 2.1114 -2.0478 1.7183 -1.6792 2.5489 -2.7295 0.32819 -1.2955 1.9306 -1.3409
1 1 1 2 59.404 -7.5033 1.428 -2.9559 2.1114 -2.0478 1.7183 -1.6792 2.5489 -2.7295 0.32819 -1.2955 1.9306 -1.3409
1 1 1 2 58.549 -7.9273 1.125 -2.8514 2.8478 -1.7889 0.9899 -2.1375 2.9815 -2.9046 1.3419 -1.1443 1.1657 -1.1506
1 1 1 2 63.932 -5.0323 0.7918 -1.8987 1.0181 -1.519 1.2524 -1.3769 0.86341 -1.0893 0.86551 -0.52052 0.68777 -0.23654
1 1 1 2 60.354 -6.9969 1.5264 -2.0479 1.0877 -0.91672 0.21621 -1.4054 2.5014 -2.9735 2.351 -1.7523 0.7736 -1.0286
1 1 1 2 60.354 -6.9969 1.5264 -2.0479 1.0877 -0.91672 0.21621 -1.4054 2.5014 -2.9735 2.351 -1.7523 0.7736 -1.0286
1 1 1 2 58.891 -5.8817 1.0985 -2.2359 1.7727 -2.2493 0.94511 -0.91417 0.68738 -1.0704 1.1688 -1.651 -0.42057 -0.71625
1 1 1 2 52.037 -13.527 -2.5683 -5.619 3.9998 -1.9156 1.8203 2.3001 2.1375 -3.7805 2.371 -1.5014 -1.5542 -0.51881
1 1 1 2 55.023 -8.5749 0.84784 -3.5361 3.894 -2.291 0.44614 0.1864 1.364 -3.785 2.6473 -1.1843 0.8923 -0.49456
1 1 1 2 57.86 -7.0266 1.4988 -2.4862 2.0652 -2.0463 1.2015 -2.0458 1.523 -0.16507 0.00068541 -1.2263 0.80566 -0.014852
1 1 1 2 58.735 -7.2798 1.3304 -2.1101 1.68 -2.2531 1.4775 -1.8849 1.3347 -0.10279 -0.29562 -2.0292 0.29902 -0.65554
1 1 1 2 56.207 -10.184 0.80229 -1.2393 0.70684 -0.69293 1.6222 -1.5213 0.37295 -0.023256 -0.089405 -0.42986 0.46924 -0.32728
1 1 1 2 60.706 -6.2772 1.3116 -1.5148 0.22935 -0.78809 0.97636 -1.1323 0.15628 0.0035718 -0.34482 0.38086 0.5893 -0.40236
1 1 1 2 64.25 -5.1316 0.77223 -1.4944 0.38728 -0.85348 0.79072 -1.0111 0.45255 -0.43319 0.20338 -0.032602 0.75091 -0.082019
1 1 1 2 56.692 -11.568 0.40756 -4.1607 2.1431 1.3635 2.4273 -2.3965 0.51834 0.030464 -1.1444 -1.8969 3.2634 0.93064
1 1 1 2 60.544 -6.8602 1.5475 -2.8202 1.7797 -1.2292 0.97286 -1.9105 1.5356 -1.0935 0.77633 -1.9399 1.6662 -0.6851
1 1 1 2 59.395 -7.3761 1.3955 -2.8788 2.1839 -0.92752 0.8206 -2.5574 2.1577 -1.4749 0.98403 -1.3467 1.2188 -0.91109
1 1 1 2 54.082 -16.076 -4.8077 -6.1123 3.7456 1.0071 3.403 0.49422 0.86444 -2.9419 0.12427 -0.93157 1.7981 -0.8922
1 1 1 2 54.012 -14.714 -1.859 -5.3969 4.4635 -3.332 3.5244 2.7542 2.2547 -1.6481 0.72889 -3.1217 1.3618 -0.26881
1 1 1 2 56.723 -7.1356 1.4012 -2.3506 2.0305 -2.4278 1.9949 -2.6089 1.9103 -0.93864 0.53702 -1.0502 1.0483 0.12571
1 1 1 2 56.723 -7.1356 1.4012 -2.3506 2.0305 -2.4278 1.9949 -2.6089 1.9103 -0.93864 0.53702 -1.0502 1.0483 0.12571
1 1 1 2 57.031 -6.7185 1.253 -2.4138 2.1874 -2.1114 0.97941 -0.98789 0.20016 0.21265 -0.11484 -0.27643 0.38496 0.57515
1 1 1 2 53.926 -10.802 -0.45857 -4.4722 3.3946 -0.014371 1.4349 0.66709 -3.1 -0.051736 0.69106 0.6018 1.2285 -0.28858
1 1 1 2 64.289 -5.1252 0.86446 -2.0278 1.2642 -1.3889 1.0766 -1.0533 1.0077 -1.513 1.0811 -0.26598 1.7429 -0.42071
1 1 1 2 64.289 -5.1252 0.86446 -2.0278 1.2642 -1.3889 1.0766 -1.0533 1.0077 -1.513 1.0811 -0.26598 1.7429 -0.42071
1 1 1 2 58.647 -7.5786 2.1476 -4.0684 3.6725 -4.0714 2.5745 -1.7638 2.492 -3.6421 2.2391 -2.4101 1.0262 -2.1445
1 1 1 2 58.647 -7.5786 2.1476 -4.0684 3.6725 -4.0714 2.5745 -1.7638 2.492 -3.6421 2.2391 -2.4101 1.0262 -2.1445
1 1 1 2 58.464 -6.7181 0.65194 -1.6777 1.5683 -1.1323 0.68608 -1.4055 1.1559 -1.036 -0.050561 1.2071 0.66783 0.18188
1 1 1 2 58.464 -6.7181 0.65194 -1.6777 1.5683 -1.1323 0.68608 -1.4055 1.1559 -1.036 -0.050561 1.2071 0.66783 0.18188
1 1 1 2 62 -5.4 0.51873 -1.5431 0.84852 -0.94221 1.0195 -1.0501 0.33135 -0.6618 0.5411 0.34762 1.0767 0.23873
1 1 1 2 62 -5.4 0.51873 -1.5431 0.84852 -0.94221 1.0195 -1.0501 0.33135 -0.6618 0.5411 0.34762 1.0767 0.23873
1 1 1 2 62 -5.4 0.51873 -1.5431 0.84852 -0.94221 1.0195 -1.0501 0.33135 -0.6618 0.5411 0.34762 1.0767 0.23873
1 1 1 2 55.019 -11.715 -3.3177 -3.3827 2.0459 0.88742 -0.15388 -3.2635 5.3455 -2.304 0.69724 -3.7144 3.3499 1.7157
1 1 1 2 57.392 -8.1968 -0.50415 -2.2754 3.1109 -1.8476 0.27814 -1.8311 3.5921 -2.5538 -0.39098 -2.9645 2.9728 -1.0087
1 1 1 2 57.392 -8.1968 -0.50415 -2.2754 3.1109 -1.8476 0.27814 -1.8311 3.5921 -2.5538 -0.39098 -2.9645 2.9728 -1.0087
1 1 1 2 60.881 -5.4583 0.64172 -2.1639 1.9597 -1.8424 0.64561 -1.5124 1.8017 -1.3967 0.68339 -1.7271 2.2024 -1.301
1 1 1 2 60.881 -5.4583 0.64172 -2.1639 1.9597 -1.8424 0.64561 -1.5124 1.8017 -1.3967 0.68339 -1.7271 2.2024 -1.301
1 1 1 2 56.618 -7.7711 0.15486 -3.2966 3.7005 -1.5248 1.7088 -2.021 1.8569 -3.2563 1.5111 -0.52815 4.1028 -2.2172
1 1 1 2 56.618 -7.7711 0.15486 -3.2966 3.7005 -1.5248 1.7088 -2.021 1.8569 -3.2563 1.5111 -0.52815 4.1028 -2.2172
1 1 1 2 58.549 -6.3907 0.56802 -2.4853 2.3811 -2.3123 1.3841 -1.5833 1.4302 -1.9223 0.85977 -1.5204 1.3096 -2.2164
1 1 1 2 57.859 -6.8988 0.81597 -2.3744 2.2811 -1.9995 1.2598 -0.551 0.32797 -2.0824 1.2585 -0.057766 1.5398 -0.83646
1 1 1 2 57.859 -6.8988 0.81597 -2.3744 2.2811 -1.9995 1.2598 -0.551 0.32797 -2.0824 1.2585 -0.057766 1.5398 -0.83646
1 1 1 2 57.21 -7.6004 0.77984 -3.2915 3.2617 -2.6313 1.4866 -0.25332 0.44234 -2.7557 2.2153 -1.7081 1.0281 -1.2762
1 1 1 2 64.167 -5.2801 0.80451 -2.131 1.3172 -1.8423 0.977 -1.2213 0.96923 -1.371 1.1228 -2.1639 0.3964 -1.5873
1 1 1 2 57.425 -10.297 0.40997 -4.2581 5.0375 -3.0054 2.7167 -1.9107 2.0753 -2.3621 0.74266 -0.69117 3.7137 -2.7221
1 1 1 2 57.301 -10.619 -0.0073674 -4.4722 5.098 -2.9463 2.7786 -2.4173 2.3523 -2.116 0.29089 -0.99187 2.9353 -4.0126
1 1 1 2 65.397 -5.2022 0.76425 -2.1341 1.3383 -1.8303 1.274 -1.7647 1.4175 -1.1652 0.3243 -1.5583 0.49153 -1.2768
1 1 1 2 58.183 -10.362 -0.42023 -4.8595 4.1767 -1.0829 3.4992 -2.5286 1.7921 -0.9312 -3.506 -0.027962 3.5452 -0.86426
1 1 1 2 58.183 -10.362 -0.42023 -4.8595 4.1767 -1.0829 3.4992 -2.5286 1.7921 -0.9312 -3.506 -0.027962 3.5452 -0.86426
1 1 1 2 57.859 -11.214 -1.4099 -5.3222 5.1291 -0.9651 2.0727 -1.3418 2.3894 -0.15628 -4.2593 -0.60782 2.5061 0.053494
1 1 1 2 57.541 -11.75 -2.3744 -5.4665 5.8463 -0.061836 0.8916 -0.91289 2.6506 -0.12705 -3.6812 -0.64027 1.8785 1.1587
1 1 1 2 57.541 -11.75 -2.3744 -5.4665 5.8463 -0.061836 0.8916 -0.91289 2.6506 -0.12705 -3.6812 -0.64027 1.8785 1.1587
1 1 1 2 57.541 -11.75 -2.3744 -5.4665 5.8463 -0.061836 0.8916 -0.91289 2.6506 -0.12705 -3.6812 -0.64027 1.8785 1.1587
1 1 1 2 57.541 -11.75 -2.3744 -5.4665 5.8463 -0.061836 0.8916 -0.91289 2.6506 -0.12705 -3.6812 -0.64027 1.8785 1.1587
1 1 1 2 60.695 -6.8906 1.3524 -2.5637 1.5784 -1.5063 1.7083 -3.4135 3.5937 -2.8233 0.87803 -1.6518 0.34808 -1.5515
1 1 1 2 60.695 -6.8906 1.3524 -2.5637 1.5784 -1.5063 1.7083 -3.4135 3.5937 -2.8233 0.87803 -1.6518 0.34808 -1.5515
1 1 1 2 60.695 -6.8906 1.3524 -2.5637 1.5784 -1.5063 1.7083 -3.4135 3.5937 -2.8233 0.87803 -1.6518 0.34808 -1.5515
1 1 1 2 60.695 -6.8906 1.3524 -2.5637 1.5784 -1.5063 1.7083 -3.4135 3.5937 -2.8233 0.87803 -1.6518 0.34808 -1.5515
1 1 1 2 62.978 -5.9296 1.4271 -2.4054 2.0073 -2.544 2.8152 -3.2275 2.6389 -2.3699 1.776 -0.78934 2.1669 -0.62817
1 1 1 2 62.978 -5.9296 1.4271 -2.4054 2.0073 -2.544 2.8152 -3.2275 2.6389 -2.3699 1.776 -0.78934 2.1669 -0.62817
1 1 1 2 62.978 -5.9296 1.4271 -2.4054 2.0073 -2.544 2.8152 -3.2275 2.6389 -2.3699 1.776 -0.78934 2.1669 -0.62817
1 1 1 2 62.332 -6.0561 1.5414 -2.6248 2.2654 -3.4293 2.958 -3.2515 2.6144 -2.3521 2.0804 -2.5961 1.4294 -1.8422
1 1 1 2 59.775 -7.6972 1.4852 -2.4632 2.6283 -3.2009 3.4811 -4.6967 3.3738 -2.0267 1.9196 -2.4593 1.5256 -1.744
1 1 1 2 56.309 -13.196 -3.3283 -3.4941 2.269 -0.54292 4.8394 -3.7052 2.5636 -2.3367 3.4018 -1.7034 0.29147 0.50106
1 1 1 2 56.309 -13.196 -3.3283 -3.4941 2.269 -0.54292 4.8394 -3.7052 2.5636 -2.3367 3.4018 -1.7034 0.29147 0.50106
1 1 1 2 62.189 -6.3236 0.90607 -2.4672 2.5019 -2.3907 2.2714 -2.2688 1.8053 -2.7941 2.567 -1.2929 2.0342 0.072514
1 1 1 2 62.189 -6.3236 0.90607 -2.4672 2.5019 -2.3907 2.2714 -2.2688 1.8053 -2.7941 2.567 -1.2929 2.0342 0.072514
1 1 1 2 62.189 -6.3236 0.90607 -2.4672 2.5019 -2.3907 2.2714 -2.2688 1.8053 -2.7941 2.567 -1.2929 2.0342 0.072514
1 1 1 2 62.189 -6.3236 0.90607 -2.4672 2.5019 -2.3907 2.2714 -2.2688 1.8053 -2.7941 2.567 -1.2929 2.0342 0.072514
1 1 1 2 61.646 -6.4593 1.3964 -3.1949 3.5832 -3.8996 2.5592 -2.7724 2.7857 -2.7374 2.4125 -3.2554 2.7645 -1.4196
1 1 1 2 58.905 -7.7947 1.0114 -3.2149 4.8806 -4.4772 2.1403 -3.0452 3.5552 -2.3673 2.484 -4.1542 2.8263 -1.058
1 1 1 2 58.905 -7.7947 1.0114 -3.2149 4.8806 -4.4772 2.1403 -3.0452 3.5552 -2.3673 2.484 -4.1542 2.8263 -1.058
1 1 1 2 55.906 -10.252 -1.115 -3.9108 4.3388 -2.6448 1.8068 -2.1465 3.2244 -0.045293 0.19579 -4.1982 1.7111 -1.5797
1 1 1 2 53.762 -14.06 -5.0362 -7.2292 3.216 -1.5867 3.7614 0.0088973 5.0914 0.90581 -0.30196 -5.4637 1.2147 -1.5478
1 1 1 2 55.194 -10.847 -1.159 -4.3671 4.9651 -2.0196 1.4628 -2.0472 2.7936 -0.89085 1.4649 -4.4279 2.9898 -0.92679
1 1 1 2 60.533 -6.0418 1.3325 -2.7988 2.3604 -2.4371 1.8237 -1.8429 1.4604 -1.637 1.6328 -1.865 2.1029 -0.95894
1 1 1 2 55.451 -9.3442 0.086515 -2.0826 1.7639 -1.7118 2.0735 -0.18715 1.3237 -3.7836 0.89995 0.16648 1.8286 -1.7557
1 1 1 2 58.356 -6.6705 1.1672 -1.8223 0.9435 -1.7558 1.3773 -1.0634 1.3549 -1.948 0.2549 -0.30248 1.1513 -1.7146
1 1 1 2 58.965 -6.5225 1.5728 -2.624 1.8313 -1.8792 1.1867 -1.5953 1.6482 -1.3274 0.64715 -0.95397 1.7902 -1.2289
1 1 1 2 64.142 -4.9579 0.69832 -1.6533 0.58545 -1.1245 0.5171 -0.83274 0.59914 -0.78552 0.43174 -0.77097 0.048743 -0.52637
1 1 1 2 61.837 -5.3096 0.8871 -1.8041 1.1621 -1.4045 0.85763 -0.80997 0.58593 -1.0785 0.83471 0.31827 0.69105 0.083556
1 1 1 2 61.837 -5.3096 0.8871 -1.8041 1.1621 -1.4045 0.85763 -0.80997 0.58593 -1.0785 0.83471 0.31827 0.69105 0.083556
1 1 1 2 63.064 -4.8864 0.53128 -1.5448 0.6854 -1.3445 0.67842 -0.99625 0.74474 -0.85774 0.57422 -1.0953 0.39147 -0.8645
1 1 1 2 59.481 -7.6628 0.6226 -2.3 3.0938 -2.6245 0.69637 -2.1809 3.6755 -3.1624 1.7586 -2.1253 1.9233 -2.4577
1 1 1 2 61.772 -8.6756 1.7626 -2.6851 3.1822 -2.9996 1.3157 -0.13842 0.65464 -2.6431 3.2808 -2.133 2.5482 -0.6454
1 1 1 2 61.772 -8.6756 1.7626 -2.6851 3.1822 -2.9996 1.3157 -0.13842 0.65464 -2.6431 3.2808 -2.133 2.5482 -0.6454
1 1 1 2 60.68 -9.6701 1.0939 -2.6619 2.9036 -2.5832 1.5266 -1.1552 1.2592 -2.7019 3.4092 -3.1684 1.5711 -1.0963
1 1 1 2 57.652 -15.836 -6.3457 -5.7773 1.399 1.6552 5.8901 -3.1094 2.1963 1.3169 4.7223 -1.4952 2.0711 -0.72654
1 1 1 2 58.735 -13.835 -4.5962 -2.5303 2.2293 0.4331 4.5887 -3.6433 1.0958 -0.31273 2.2369 -1.9821 1.6147 -0.25836
1 1 1 2 58.735 -13.835 -4.5962 -2.5303 2.2293 0.4331 4.5887 -3.6433 1.0958 -0.31273 2.2369 -1.9821 1.6147 -0.25836
1 1 1 2 63.041 -7.419 -0.21107 -0.091343 1.6516 -3.3397 2.3506 -2.0617 1.6503 -1.7901 0.84396 -0.33764 0.91799 -1.5117
1 1 1 2 62.845 -7.3339 -0.46167 -0.302 2.3173 -4.0159 2.1336 -1.41 2.4073 -2.3209 -0.22816 0.30564 1.3723 -2.2198
1 1 1 2 62.845 -7.3339 -0.46167 -0.302 2.3173 -4.0159 2.1336 -1.41 2.4073 -2.3209 -0.22816 0.30564 1.3723 -2.2198
1 1 1 2 59.988 -9.9575 -2.6708 -0.70511 5.7712 -4.7354 1.454 -1.8845 3.231 -3.1918 -0.54823 1.7826 0.93021 -3.2452
1 1 1 2 55.256 -10.061 -0.50886 -4.2704 3.6556 -1.4473 4.5414 -3.4684 1.3767 -3.3476 3.6732 -3.8052 2.1965 1.1143
1 1 1 2 55.256 -10.061 -0.50886 -4.2704 3.6556 -1.4473 4.5414 -3.4684 1.3767 -3.3476 3.6732 -3.8052 2.1965 1.1143
1 1 1 2 59.075 -6.8547 1.3221 -2.6303 1.9089 -2.0806 2.1061 -2.614 1.7103 -1.5238 0.65906 -0.29392 0.85778 -1.475
1 1 1 2 55.516 -11.452 -0.51839 -4.8364 3.45 -2.7058 3.4997 -2.8895 4.1112 -3.1499 0.23052 -1.0689 1.3464 -4.0224
1 1 1 2 61.573 -6.3235 1.8534 -3.6483 3.5185 -3.5365 2.4025 -2.1318 2.3645 -3.6461 2.8286 -1.4457 2.2823 -2.0578
1 1 1 2 61.573 -6.3235 1.8534 -3.6483 3.5185 -3.5365 2.4025 -2.1318 2.3645 -3.6461 2.8286 -1.4457 2.2823 -2.0578
1 1 1 2 62.938 -5.3763 1.2282 -2.4549 1.765 -2.2102 1.5833 -1.5465 1.1961 -1.3648 1.0872 -0.72114 1.013 -0.60569
1 1 1 2 57.033 -8.6938 1.5303 -4.0453 4.2337 -3.2888 1.7469 -1.0619 1.0967 -2.0449 2.0433 -2.244 1.4542 -1.3974
1 1 1 2 55.837 -10.517 0.33693 -4.3176 4.4436 -2.4901 2.2349 -1.9757 2.065 -2.7191 2.1103 -3.1455 2.0964 -0.67768
1 1 1 2 57.944 -7.748 1.7977 -3.7857 3.6498 -3.4832 2.5279 -2.5059 2.8618 -2.5709 1.5321 -2.5736 1.7755 -0.95478
1 1 1 2 61.914 -6.1097 1.5313 -2.9311 2.5074 -3.1363 2.1253 -1.8838 1.8635 -2.2781 1.8712 -2.1261 1.4734 -1.1861
1 1 1 2 63.206 -5.6718 1.3144 -2.309 1.7531 -2.56 1.6681 -1.1664 0.82581 -1.593 1.4676 -1.0191 0.62241 -0.48763
1 1 1 2 62.864 -5.7058 1.0849 -2.2435 1.5469 -2.0431 1.3406 -1.3371 0.8215 -1.1089 0.96778 -0.98571 -0.010879 -0.23668
1 1 1 2 57.691 -9.8516 0.86269 -3.8885 3.0923 -1.9785 3.3705 -2.6941 1.3269 -2.3325 1.4619 -0.94783 -0.60824 1.4895
1 1 1 2 57.691 -9.8516 0.86269 -3.8885 3.0923 -1.9785 3.3705 -2.6941 1.3269 -2.3325 1.4619 -0.94783 -0.60824 1.4895
1 1 1 2 57.182 -11.061 0.15364 -5.0708 2.8358 -0.28354 4.7049 -5.783 4.1506 -3.4504 1.6073 -1.9117 -0.12076 0.40024
1 1 1 2 57.182 -11.061 0.15364 -5.0708 2.8358 -0.28354 4.7049 -5.783 4.1506 -3.4504 1.6073 -1.9117 -0.12076 0.40024
1 1 1 2 55.603 -14.278 -3.4838 -7.7151 1.6692 0.58448 6.0215 -3.6608 6.209 -2.9961 2.3253 -1.0525 0.7252 -0.64378
1 1 1 2 54.886 -15.702 -5.4747 -9.1459 0.58214 0.43467 6.7995 -1.6379 7.2372 -1.5516 3.7152 -0.12856 1.6299 -0.42101
1 1 1 2 56.37 -11.496 -1.0443 -4.5787 2.343 -0.24423 4.4455 -3.1857 2.5981 -4.0402 2.0215 -0.98587 1.4807 -0.8342
1 1 1 2 56.752 -9.7172 0.43138 -3.4249 2.1957 -0.92824 3.3159 -2.9797 1.7348 -2.796 2.5825 -0.55515 1.5955 -0.49197
1 1 1 2 56.085 -6.4783 1.9591 -3.3897 2.5677 -2.7499 2.2617 -1.9093 1.8429 -2.9642 2.0615 -1.2086 1.3008 -1.3978
1 1 1 2 61.228 -6.3339 2.0903 -3.2137 2.7019 -3.2535 3.0992 -2.9461 2.3806 -2.8808 2.8287 -2.241 3.2315 -1.9616
1 1 1 2 61.228 -6.3339 2.0903 -3.2137 2.7019 -3.2535 3.0992 -2.9461 2.3806 -2.8808 2.8287 -2.241 3.2315 -1.9616
1 1 1 2 60.46 -6.4684 1.927 -3.0446 2.2477 -3.018 3.1781 -3.2691 2.6776 -3.4018 3.3273 -2.9291 2.6627 -2.5671
1 1 1 2 58.642 -7.266 2.0955 -3.15 2.3582 -2.7616 3.1813 -3.5126 2.8742 -3.7552 4.1281 -3.5348 2.7648 -2.4692
1 1 1 2 58.642 -7.266 2.0955 -3.15 2.3582 -2.7616 3.1813 -3.5126 2.8742 -3.7552 4.1281 -3.5348 2.7648 -2.4692
1 1 1 2 58.673 -6.8989 1.7452 -2.79 1.924 -2.5578 2.6305 -2.9477 2.551 -3.1934 3.2989 -3.5062 2.3713 -2.2338
1 1 1 2 58.673 -6.8989 1.7452 -2.79 1.924 -2.5578 2.6305 -2.9477 2.551 -3.1934 3.2989 -3.5062 2.3713 -2.2338
1 1 1 2 60.179 -5.8483 1.2994 -2.6095 1.8661 -1.7596 1.062 -1.85 1.4377 -1.5051 1.7899 -2.2232 1.5687 -1.6722
1 1 1 2 60.793 -8.1539 2.0622 -3.7019 3.419 -2.6648 1.9884 -1.8823 1.2864 -2.0874 1.4926 -1.4262 2.7907 -2.5673
1 1 1 2 61.145 -8.3628 2.0127 -3.3016 2.6347 -1.9565 1.4578 -1.8593 1.7434 -2.2769 1.2958 -2.2979 3.3703 -2.8381
1 1 1 2 60.291 -9.2606 1.5166 -2.8739 2.1569 -1.3064 1.2854 -1.2666 1.5343 -2.2651 1.4338 -2.4005 3.728 -2.1892
1 1 1 2 61.342 -7.968 1.9976 -3.411 1.9183 -2.2409 3.8445 -3.5803 1.5152 -2.2958 1.7064 -0.38104 0.1506 -0.056651
1 1 1 2 60.829 -8.4491 2.3742 -3.6938 2.6347 -3.3758 5.0006 -3.8834 1.681 -3.1062 1.8701 0.99391 -1.0619 -0.16362
1 1 1 2 60.829 -8.4491 2.3742 -3.6938 2.6347 -3.3758 5.0006 -3.8834 1.681 -3.1062 1.8701 0.99391 -1.0619 -0.16362
1 1 1 2 57.918 -8.5559 1.0272 -4.4051 3.5004 -1.9328 3.8958 -3.2541 0.63736 -0.76437 -0.67651 -0.55679 2.0553 0.59012
1 1 1 2 57.918 -8.5559 1.0272 -4.4051 3.5004 -1.9328 3.8958 -3.2541 0.63736 -0.76437 -0.67651 -0.55679 2.0553 0.59012
1 1 1 2 57.918 -8.5559 1.0272 -4.4051 3.5004 -1.9328 3.8958 -3.2541 0.63736 -0.76437 -0.67651 -0.55679 2.0553 0.59012
1 1 1 2 57.671 -8.597 1.1068 -4.2154 3.8985 -2.9621 3.8155 -2.8892 0.88967 -1.1927 -0.19263 -1.5048 2.2087 -0.39304
1 1 1 2 57.671 -8.597 1.1068 -4.2154 3.8985 -2.9621 3.8155 -2.8892 0.88967 -1.1927 -0.19263 -1.5048 2.2087 -0.39304
1 1 1 2 53.057 -15.148 -4.5256 -6.5225 3.4494 -2.9016 4.6716 -0.13295 3.2348 -1.8352 1.3916 -1.2136 3.83 -1.5939
1 1 1 2 56.241 -8.7214 1.1902 -1.9679 3.0947 -4.0888 3.2062 -3.632 3.0443 -2.1776 0.99661 -1.2615 2.3834 -2.4105
1 1 1 2 56.241 -8.7214 1.1902 -1.9679 3.0947 -4.0888 3.2062 -3.632 3.0443 -2.1776 0.99661 -1.2615 2.3834 -2.4105
1 1 1 2 58.018 -7.3999 1.3641 -2.0761 2.2252 -3.5017 3.1364 -3.2529 2.6202 -2.1958 1.3818 -1.7203 1.9061 -1.5726
1 1 1 2 65.069 -4.9191 0.64787 -1.7217 0.98008 -1.394 1.1648 -1.2084 0.84732 -1.2248 0.95343 -0.30007 1.0853 -0.035026
1 1 1 2 65.069 -4.9191 0.64787 -1.7217 0.98008 -1.394 1.1648 -1.2084 0.84732 -1.2248 0.95343 -0.30007 1.0853 -0.035026
1 1 1 2 58.515 -7.6903 1.2138 -3.5043 3.912 -2.7885 2.1125 -3.8421 4.12 -3.1045 1.5989 -2.4067 2.4199 -0.60046
1 1 1 2 59.726 -6.6498 1.2265 -1.8353 1.4367 -2.57 1.7501 -1.4199 2.0711 -3.1777 2.3998 -1.3662 1.2447 -0.94653
1 1 1 2 59.726 -6.6498 1.2265 -1.8353 1.4367 -2.57 1.7501 -1.4199 2.0711 -3.1777 2.3998 -1.3662 1.2447 -0.94653
1 1 1 2 64.955 -5.0933 0.77546 -1.7772 0.85877 -1.5442 0.71901 -1.0713 0.90342 -1.2412 1.0095 -1.7446 0.11643 -1.3597
1 1 1 2 62.009 -5.8037 0.77396 -1.3466 0.021031 -0.94383 1.1549 -2.159 1.4404 -0.81949 0.48002 -1.8776 -0.18154 -1.5112
1 1 1 2 62.009 -5.8037 0.77396 -1.3466 0.021031 -0.94383 1.1549 -2.159 1.4404 -0.81949 0.48002 -1.8776 -0.18154 -1.5112
1 1 1 2 56.784 -9.722 -0.15232 -3.5812 2.7213 1.0815 1.4686 -4.6401 2.9021 -0.56204 1.3694 -2.5382 1.6589 -0.97644
1 1 1 2 56.784 -9.722 -0.15232 -3.5812 2.7213 1.0815 1.4686 -4.6401 2.9021 -0.56204 1.3694 -2.5382 1.6589 -0.97644
1 1 1 2 56.784 -9.722 -0.15232 -3.5812 2.7213 1.0815 1.4686 -4.6401 2.9021 -0.56204 1.3694 -2.5382 1.6589 -0.97644
1 1 1 2 56.784 -9.722 -0.15232 -3.5812 2.7213 1.0815 1.4686 -4.6401 2.9021 -0.56204 1.3694 -2.5382 1.6589 -0.97644
1 1 1 2 60.243 -6.3855 1.4895 -3.3583 2.5997 -1.7958 1.6409 -3.1441 2.0693 -1.7285 1.9671 -1.8271 1.0567 -1.8536
1 1 1 2 53.159 -15.923 -5.1694 -8.6129 5.1881 -0.36595 2.3833 -4.3993 3.878 1.5093 6.4165 0.25299 0.69715 -1.7837
1 1 1 2 58.446 -7.0944 1.7899 -3.1702 2.4446 -2.2764 2.3344 -3.4004 2.784 -2.3197 1.5247 -1.3536 0.52116 -1.3159
1 1 1 2 56.029 -9.6604 1.3128 -3.1944 2.6668 -0.82668 0.96987 -3.0493 3.0248 -1.6417 -0.27122 0.40555 -1.4038 -0.90665
1 1 1 2 56.029 -9.6604 1.3128 -3.1944 2.6668 -0.82668 0.96987 -3.0493 3.0248 -1.6417 -0.27122 0.40555 -1.4038 -0.90665
1 1 1 2 57.264 -6.9573 1.9065 -3.4581 3.3808 -3.0801 2.3978 -3.634 2.9654 -1.7583 1.4742 -1.5068 0.87037 0.0040197
1 1 1 2 57.264 -6.9573 1.9065 -3.4581 3.3808 -3.0801 2.3978 -3.634 2.9654 -1.7583 1.4742 -1.5068 0.87037 0.0040197
1 1 1 2 51.466 -12.523 -1.5355 -4.0279 4.541 -3.3922 4.659 -2.3171 0.96129 -2.0898 3.8139 -2.9629 1.9118 0.062923
1 1 1 2 61.516 -5.0959 0.82501 -1.8512 0.89875 -1.7004 1.0025 -1.3053 0.98776 -1.027 0.68516 -1.8639 -0.12706 -1.216
1 1 1 2 59.41 -6.8133 1.9608 -3.8023 4.1808 -4.1011 2.4944 -3.2989 3.5417 -2.9256 1.7727 -2.0658 2.0659 -2.823
1 1 1 2 61.584 -6.2344 1.7017 -3.0405 2.8537 -3.2331 2.25 -2.468 2.4911 -2.5926 1.9161 -1.9834 2.6483 -2.1992
1 1 1 2 61.584 -6.2344 1.7017 -3.0405 2.8537 -3.2331 2.25 -2.468 2.4911 -2.5926 1.9161 -1.9834 2.6483 -2.1992
1 1 1 2 59.463 -7.6643 2.0135 -3.3203 3.8305 -3.6634 2.0256 -2.3521 2.5821 -2.1895 1.6447 -2.554 3.472 -2.3248
1 1 1 2 59.463 -7.6643 2.0135 -3.3203 3.8305 -3.6634 2.0256 -2.3521 2.5821 -2.1895 1.6447 -2.554 3.472 -2.3248
1 1 1 2 58.104 -9.4784 1.6304 -4.2611 4.9188 -3.5179 2.2695 -2.2366 1.2365 -2.5716 2.5848 -2.2524 2.2284 -2.8394
1 1 1 2 58.104 -9.4784 1.6304 -4.2611 4.9188 -3.5179 2.2695 -2.2366 1.2365 -2.5716 2.5848 -2.2524 2.2284 -2.8394
1 1 1 2 57.685 -10.505 1.5597 -4.6661 5.2328 -3.5889 3.2461 -2.3398 0.55365 -2.1547 3.3946 -2.7905 1.3571 -1.6667
1 1 1 2 57.685 -10.505 1.5597 -4.6661 5.2328 -3.5889 3.2461 -2.3398 0.55365 -2.1547 3.3946 -2.7905 1.3571 -1.6667
1 1 1 2 59.866 -8.3576 2.5758 -4.2298 4.1428 -3.9184 2.8978 -2.1199 0.9646 -2.7151 3.5051 -2.4068 1.3904 -1.7751
1 1 1 2 59.866 -8.3576 2.5758 -4.2298 4.1428 -3.9184 2.8978 -2.1199 0.9646 -2.7151 3.5051 -2.4068 1.3904 -1.7751
1 1 1 2 59.866 -8.3576 2.5758 -4.2298 4.1428 -3.9184 2.8978 -2.1199 0.9646 -2.7151 3.5051 -2.4068 1.3904 -1.7751
1 1 1 2 58.933 -9.1586 2.0352 -3.9068 3.9364 -3.7503 2.6149 -0.63692 1.4447 -4.0827 4.236 -2.7506 0.7678 -0.92703
1 1 1 2 58.933 -9.1586 2.0352 -3.9068 3.9364 -3.7503 2.6149 -0.63692 1.4447 -4.0827 4.236 -2.7506 0.7678 -0.92703
1 1 1 2 58.933 -9.1586 2.0352 -3.9068 3.9364 -3.7503 2.6149 -0.63692 1.4447 -4.0827 4.236 -2.7506 0.7678 -0.92703
1 1 1 2 57.464 -8.3806 1.6231 -4.1753 3.4419 -3.197 3.731 -2.3491 2.6065 -3.985 2.9817 -2.1357 4.065 -2.7402
1 1 1 2 57.464 -8.3806 1.6231 -4.1753 3.4419 -3.197 3.731 -2.3491 2.6065 -3.985 2.9817 -2.1357 4.065 -2.7402
1 1 1 2 55.551 -10.619 0.45404 -6.4772 5.1897 -2.9534 4.932 -2.3795 3.579 -3.6974 3.7682 -3.7152 3.2036 -1.628
1 1 1 2 60.867 -5.9771 1.397 -3.2 1.4488 -1.2114 2.221 -1.0977 0.93006 -2.5655 1.6755 -1.5266 2.6923 -0.41171
1 1 1 2 60.867 -5.9771 1.397 -3.2 1.4488 -1.2114 2.221 -1.0977 0.93006 -2.5655 1.6755 -1.5266 2.6923 -0.41171
1 1 1 2 60.867 -5.9771 1.397 -3.2 1.4488 -1.2114 2.221 -1.0977 0.93006 -2.5655 1.6755 -1.5266 2.6923 -0.41171
1 1 1 2 57.138 -9.2382 0.97497 -5.2118 1.8006 0.8781 4.6545 1.2738 1.503 -4.5385 -0.13238 -2.7277 4.2414 -1.4232
1 1 1 2 57.138 -9.2382 0.97497 -5.2118 1.8006 0.8781 4.6545 1.2738 1.503 -4.5385 -0.13238 -2.7277 4.2414 -1.4232
1 1 1 2 59.428 -9.3874 2.8583 -3.3536 1.4991 -2.2608 3.7852 -2.5872 2.9747 -3.3052 0.80595 -2.1467 3.4812 -1.3054
1 1 1 2 59.428 -9.3874 2.8583 -3.3536 1.4991 -2.2608 3.7852 -2.5872 2.9747 -3.3052 0.80595 -2.1467 3.4812 -1.3054
1 1 1 2 59.444 -8.2049 2.5364 -4.0219 1.5691 -2.0221 2.6327 -1.6541 2.8864 -2.8681 0.25201 -2.4914 3.08 -1.8609
1 1 1 2 59.444 -8.2049 2.5364 -4.0219 1.5691 -2.0221 2.6327 -1.6541 2.8864 -2.8681 0.25201 -2.4914 3.08 -1.8609
1 1 1 2 58.057 -8.4194 2.3649 -4.6602 1.7139 -2.0838 2.9504 -0.75944 3.1443 -3.1132 -0.77344 -3.1248 3.993 -1.1627
1 1 1 2 58.057 -8.4194 2.3649 -4.6602 1.7139 -2.0838 2.9504 -0.75944 3.1443 -3.1132 -0.77344 -3.1248 3.993 -1.1627
1 1 1 2 54.58 -14.062 -3.7064 -8.2894 2.5498 2.5587 1.0413 2.7745 3.962 -1.5788 1.0041 -4.1298 0.51134 -3.8381
1 1 1 2 53.269 -15.134 -6.0252 -9.6945 1.9818 1.6144 1.0553 4.1821 6.7291 1.3377 1.6635 -2.2417 2.3294 -2.1618
1 1 1 2 53.075 -13.879 -3.9114 -8.6408 2.6306 -0.62888 5.1845 0.18347 5.2434 -5.1339 2.5711 -1.1384 4.1184 -1.8479
1 1 1 2 55.913 -8.0193 1.7989 -4.1938 2.7926 -2.2799 2.8676 -2.2389 1.4833 -2.1823 2.5287 -3.2041 1.6603 -0.38342
1 1 1 2 54.932 -7.3039 1.1808 -2.7686 1.3193 -0.31141 0.73793 -1.6908 0.049791 0.23606 1.5729 -2.6942 0.079292 0.41467
1 1 1 2 57.586 -5.6587 0.84429 -1.6493 0.74099 -1.0597 0.63627 -0.66671 0.34757 -0.87236 0.92827 -0.83441 0.48798 0.36868
1 1 1 2 56.339 -11.625 -0.70963 -3.6761 3.2357 -1.7014 2.1313 -3.0432 4.0185 -1.9749 -1.6603 -1.2571 1.5919 -1.6425
1 1 1 2 57.473 -9.4369 0.38364 -2.6974 3.0072 -2.288 1.64 -3.1133 3.7419 -1.6183 -1.4523 -1.3311 1.7174 -1.2971
1 1 1 2 59.646 -7.0383 1.0296 -2.4218 1.786 -1.5311 1.1232 -1.9983 1.5927 -0.45466 -1.0115 -0.5973 0.9301 -0.82807
1 1 1 2 63.585 -5.2639 0.62183 -1.4854 0.63296 -0.90838 0.83725 -1.0056 0.39953 -0.29604 -0.033897 0.37463 0.61889 0.41073
1 1 1 2 63.585 -5.2639 0.62183 -1.4854 0.63296 -0.90838 0.83725 -1.0056 0.39953 -0.29604 -0.033897 0.37463 0.61889 0.41073
1 1 1 2 58.959 -7.7295 0.70163 -2.1213 1.4534 -0.84319 1.2854 -1.9927 0.57359 0.59483 -0.031492 -0.73378 -0.592 1.1856
1 1 1 2 65.298 -5.0489 0.68783 -1.5141 0.50045 -0.84101 0.62205 -1.0628 0.89548 -1.0733 0.66378 -0.023118 0.3306 0.46535
1 1 1 2 65.298 -5.0489 0.68783 -1.5141 0.50045 -0.84101 0.62205 -1.0628 0.89548 -1.0733 0.66378 -0.023118 0.3306 0.46535
1 1 1 2 56.845 -11.552 -0.87747 -3.2868 2.0796 0.0087127 3.8866 -3.959 5.0555 -4.5156 1.6478 -1.4318 -1.0461 2.6533
1 1 1 2 56.383 -12.471 -0.92319 -3.7893 2.0194 -0.59761 4.4495 -3.9363 3.8294 -4.2113 2.494 -2.0721 -1.5703 2.4081
1 1 1 2 59.337 -6.6439 0.46788 -2.3327 2.6943 -1.7533 -0.49429 0.44907 1.1843 -2.2522 0.080958 0.61681 0.78951 -0.92803
1 1 1 2 59.337 -6.6439 0.46788 -2.3327 2.6943 -1.7533 -0.49429 0.44907 1.1843 -2.2522 0.080958 0.61681 0.78951 -0.92803
1 1 1 2 59.578 -6.3037 0.83499 -2.4868 2.6198 -2.0146 0.3702 -0.83725 1.4428 -1.8516 0.5195 -0.063094 1.2905 -1.3312
1 1 1 2 58.821 -6.39 1.347 -3.0957 3.0867 -2.9607 1.6349 -1.559 1.6028 -1.9825 0.69048 -0.23243 1.2581 -0.96243
1 1 1 2 54.946 -9.7617 0.94219 -3.4585 4.8865 -3.478 0.83913 -2.2165 3.9923 -1.8458 -0.59766 -1.7371 1.9744 -1.5446
1 1 1 2 54.946 -9.7617 0.94219 -3.4585 4.8865 -3.478 0.83913 -2.2165 3.9923 -1.8458 -0.59766 -1.7371 1.9744 -1.5446
1 1 1 2 56.35 -7.6976 1.2449 -2.7875 3.4451 -2.9928 0.87813 -2.1596 3.6432 -2.5522 -0.44263 -0.88392 2.1233 -2.6303
1 1 1 2 57.631 -6.6052 1.1542 -2.4174 2.0051 -1.5956 0.11898 -1.0357 2.2996 -2.2883 0.52116 -0.56206 1.403 -1.2674
1 1 1 2 52.669 -15.203 -4.8453 -6.5959 1.9245 -1.4224 2.1095 2.9781 4.2993 -2.6618 -0.74088 -1.6125 1.5708 -0.18857
1 1 1 2 59.532 -8.3887 0.8993 -3.5829 4.4612 -3.5961 2.4512 -2.0604 1.6947 -2.6106 1.1804 0.16329 0.89161 -0.84048
1 1 1 2 59.035 -10.403 0.64773 -4.8575 5.2972 -2.6752 2.9757 -2.9773 0.38084 -0.9549 3.4704 -3.1828 1.9751 -0.69411
1 1 1 2 58.564 -10.428 0.74954 -3.7689 4.5374 -2.8191 2.3599 -2.2126 0.30756 0.53107 0.974 -5.1412 2.9807 -0.80706
1 1 1 2 58.669 -9.7973 1.444 -3.1329 4.174 -3.5081 1.7467 -2.3378 1.4658 0.7258 0.22694 -3.9172 3.2543 -0.71925
1 1 1 2 57.469 -10.07 0.43073 -3.9623 3.0487 -2.7319 5.1195 -4.46 2.4438 -1.8011 1.1592 -1.3398 2.5256 -1.6483
1 1 1 2 57.469 -10.07 0.43073 -3.9623 3.0487 -2.7319 5.1195 -4.46 2.4438 -1.8011 1.1592 -1.3398 2.5256 -1.6483
1 1 1 2 59.694 -7.6423 1.6292 -3.598 2.9145 -2.8055 3.6566 -3.5806 1.9207 -2.2417 2.4467 -2.2705 2.5138 -1.8628
1 1 1 2 59.694 -7.6423 1.6292 -3.598 2.9145 -2.8055 3.6566 -3.5806 1.9207 -2.2417 2.4467 -2.2705 2.5138 -1.8628
1 1 1 2 56.722 -11.337 -0.78354 -4.8497 4.6769 -0.93786 3.521 -4.757 2.6167 -0.65993 0.67033 -1.565 0.69408 -0.73479
1 1 1 2 56.722 -11.337 -0.78354 -4.8497 4.6769 -0.93786 3.521 -4.757 2.6167 -0.65993 0.67033 -1.565 0.69408 -0.73479
1 1 1 2 59.034 -7.2589 1.4723 -3.3191 2.8814 -1.9917 2.1638 -4.3691 4.2057 -2.6027 0.56626 -0.2489 0.089972 -0.73776
1 1 1 2 59.034 -7.2589 1.4723 -3.3191 2.8814 -1.9917 2.1638 -4.3691 4.2057 -2.6027 0.56626 -0.2489 0.089972 -0.73776
1 1 1 2 59.034 -7.2589 1.4723 -3.3191 2.8814 -1.9917 2.1638 -4.3691 4.2057 -2.6027 0.56626 -0.2489 0.089972 -0.73776
1 1 1 2 58.739 -7.042 1.6788 -3.3135 2.532 -1.7674 1.6363 -3.6694 4.1551 -3.2399 0.9395 -0.85993 0.846 -1.7518
1 1 1 2 58.739 -7.042 1.6788 -3.3135 2.532 -1.7674 1.6363 -3.6694 4.1551 -3.2399 0.9395 -0.85993 0.846 -1.7518
1 1 1 2 58.841 -6.6449 1.5906 -2.9675 2.4558 -2.0814 1.2194 -2.3666 2.7057 -2.437 1.2894 -0.86118 0.89086 -1.5521
1 1 1 2 53.844 -12.304 -1.9257 -4.8165 4.9519 0.086841 2.2944 -1.4922 2.0048 -2.3184 0.46589 0.16492 0.88082 -3.0544
1 1 1 2 53.694 -12.129 -2.0879 -4.9949 4.3026 -1.3051 3.4813 -2.2297 1.7109 -1.0127 0.45167 -0.69651 1.0647 -2.0728
1 1 1 2 55.983 -8.0016 1.2996 -3.7883 3.4619 -2.5142 2.9762 -3.2207 2.6905 -1.2442 0.48754 -1.0498 1.7486 0.053593
1 1 1 2 55.983 -8.0016 1.2996 -3.7883 3.4619 -2.5142 2.9762 -3.2207 2.6905 -1.2442 0.48754 -1.0498 1.7486 0.053593
1 1 1 2 55.983 -8.0016 1.2996 -3.7883 3.4619 -2.5142 2.9762 -3.2207 2.6905 -1.2442 0.48754 -1.0498 1.7486 0.053593
1 1 1 2 60.495 -5.0561 0.79711 -2.0069 1.2388 -1.5433 1.2395 -1.6248 1.4107 -1.2346 0.56202 -0.45543 1.1172 -0.15383
1 1 1 2 55.375 -8.9429 0.65057 -3.7374 4.0509 -2.7218 2.7043 -3.2008 1.9282 -0.40201 0.26849 -2.0813 2.3101 -1.4842
1 1 1 2 63.438 -5.495 0.62953 -1.9293 1.2166 -1.4798 1.0323 -2.0735 1.2036 -0.23715 0.27329 -2.2684 0.042604 -1.0307
1 1 1 2 63.438 -5.495 0.62953 -1.9293 1.2166 -1.4798 1.0323 -2.0735 1.2036 -0.23715 0.27329 -2.2684 0.042604 -1.0307
1 1 1 2 63.438 -5.495 0.62953 -1.9293 1.2166 -1.4798 1.0323 -2.0735 1.2036 -0.23715 0.27329 -2.2684 0.042604 -1.0307
1 1 1 2 63.438 -5.495 0.62953 -1.9293 1.2166 -1.4798 1.0323 -2.0735 1.2036 -0.23715 0.27329 -2.2684 0.042604 -1.0307
1 1 1 2 57.472 -10.064 0.067747 -3.6469 3.6506 -1.2779 2.2144 -4.3442 3.7657 -0.4345 -0.94588 -2.3045 1.86 0.72305
1 1 1 2 57.472 -10.064 0.067747 -3.6469 3.6506 -1.2779 2.2144 -4.3442 3.7657 -0.4345 -0.94588 -2.3045 1.86 0.72305
1 1 1 2 55.46 -11.78 -1.6363 -3.4871 3.4998 -1.6462 4.3032 -2.3275 0.57694 -0.16265 1.8458 -2.7293 2.4419 1.0473
1 1 1 2 54.328 -14.709 -4.5686 -4.5757 4.2988 -0.90028 4.9603 -3.672 1.4148 -0.68885 4.2229 -2.4585 1.7587 -0.99297
1 1 1 2 62.181 -5.6972 1.2259 -2.5359 1.9784 -2.5392 1.9819 -2.3869 1.8899 -2.2597 2.1571 -2.0424 0.36512 -0.9864
1 1 1 2 58.77 -7.3616 1.8478 -3.5855 3.5827 -2.6286 1.2394 -1.5152 1.434 -2.3217 1.484 -0.0023064 0.24517 -0.41859
1 1 1 2 60.096 -6.2406 1.5721 -2.8781 2.305 -2.1094 0.81577 -1.2793 1.116 -0.86317 0.15529 -0.50163 0.39587 -1.2446
1 1 1 2 55.712 -10.281 0.31429 -3.3667 4.4181 -1.3269 0.33443 -2.8051 2.0648 -0.0021054 -0.32464 -1.0857 0.49896 -2.0558
1 1 1 2 57.09 -8.2776 1.4921 -2.9584 3.2397 -1.924 0.29928 -2.5366 3.0149 -1.1218 -0.13498 -1.3052 1.5254 -1.8495
1 1 1 2 59.381 -6.4313 1.5314 -2.6539 2.2545 -2.1106 0.91072 -1.6109 1.9822 -1.6648 0.38974 -0.010143 0.96682 -0.92281
1 1 1 2 63.808 -5.3536 0.85648 -2.0202 1.6424 -1.7938 0.77363 -0.95122 1.3354 -1.4677 0.39939 0.26641 1.3533 -0.54049
1 1 1 2 63.808 -5.3536 0.85648 -2.0202 1.6424 -1.7938 0.77363 -0.95122 1.3354 -1.4677 0.39939 0.26641 1.3533 -0.54049
1 1 1 2 63.808 -5.3536 0.85648 -2.0202 1.6424 -1.7938 0.77363 -0.95122 1.3354 -1.4677 0.39939 0.26641 1.3533 -0.54049
1 1 1 2 59.99 -8.0812 0.026212 -2.5217 3.9322 -2.8269 -0.51415 -0.29685 2.8881 -3.0896 -0.20469 0.27531 0.2126 -2.5828
1 1 1 2 57.986 -11 -2.6625 -3.133 4.3472 -1.6769 0.3665 0.87533 2.4297 -4.0557 -0.23044 1.4702 0.31889 -0.81848
1 1 1 2 61.394 -6.7011 0.67298 -2.5886 2.5607 -2.1204 0.82189 -1.2166 2.1291 -1.836 0.22947 -0.30651 0.14628 -0.13621
1 1 1 2 61.394 -6.7011 0.67298 -2.5886 2.5607 -2.1204 0.82189 -1.2166 2.1291 -1.836 0.22947 -0.30651 0.14628 -0.13621
1 1 1 2 62.781 -5.9653 0.82933 -2.0097 2.016 -2.8985 1.7434 -1.0757 1.1209 -1.8965 1.3228 -1.0794 1.0421 -0.86785
1 1 1 2 55.737 -16.023 -7.6385 -5.6603 1.731 -2.6048 7.1099 3.7036 7.1155 -0.60115 2.8094 0.20952 1.1954 0.6409
1 1 1 2 55.639 -16.209 -7.2851 -4.7947 0.77516 -3.1927 7.3506 3.1025 7.08 -0.67211 2.0072 0.81878 -0.9011 -0.77356
1 1 1 2 55.697 -16.059 -6.3348 -4.3549 0.64318 -2.1309 6.8536 1.0708 7.2306 -1.5554 0.23346 0.78534 -1.463 -1.0295
1 1 1 2 54.751 -15.568 -6.9846 -7.5243 1.6993 -0.38744 6.185 -2.4539 5.8309 -0.51667 5.655 -3.798 -0.5275 -0.59206
1 1 1 2 54.721 -15.503 -7.1183 -7.2758 1.4914 -0.32627 6.082 -2.0516 5.3407 -0.78528 5.8008 -4.3479 -1.3613 -1.1611
1 1 1 2 54.228 -16.524 -8.1997 -7.9054 1.2265 0.84656 5.8591 1.1108 5.8541 0.56458 6.5126 -3.7107 -0.55922 -1.4167
1 1 1 2 54.228 -16.524 -8.1997 -7.9054 1.2265 0.84656 5.8591 1.1108 5.8541 0.56458 6.5126 -3.7107 -0.55922 -1.4167
1 1 1 2 58.115 -8.4658 1.2943 -2.1646 1.8307 -0.44938 -0.29179 -1.0826 0.95395 -1.2716 1.9753 -2.6529 2.066 -1.0627
1 1 1 2 55.141 -9.8304 0.38295 -4.3003 4.1462 -0.505 1.4632 -3.8355 2.5378 -1.4389 2.1602 -3.5021 3.2967 -1.2067
1 1 1 2 55.141 -9.8304 0.38295 -4.3003 4.1462 -0.505 1.4632 -3.8355 2.5378 -1.4389 2.1602 -3.5021 3.2967 -1.2067
1 1 1 2 54.628 -9.7499 -0.21773 -5.4653 3.9931 -0.45479 2.683 -4.3264 3.004 -2.1661 2.4646 -3.0829 3.2097 -1.6592
1 1 1 2 62.704 -5.4543 1.031 -2.038 1.0627 -1.2358 0.96805 -1.5198 1.034 -0.89743 0.86863 -0.89312 1.0674 -0.43631
1 1 1 2 56.472 -12.178 -1.7221 -4.3098 2.909 -0.69136 4.7846 -2.2448 -0.62667 -0.55931 2.9115 -5.0535 1.2416 -0.037614
1 1 1 2 56.472 -12.178 -1.7221 -4.3098 2.909 -0.69136 4.7846 -2.2448 -0.62667 -0.55931 2.9115 -5.0535 1.2416 -0.037614
1 1 1 2 55.864 -13.483 -3.6015 -6.4905 2.9812 0.067771 6.843 0.65729 -0.57279 -2.2895 3.1142 -4.9031 2.0901 -0.39661
1 1 1 2 60.745 -6.2141 1.4286 -3.2405 2.284 -1.7756 2.007 -2.8919 2.073 -2.4223 2.4688 -1.6492 1.0285 -0.76667
1 1 1 2 56.69 -7.5797 -0.20333 -3.0422 3.1775 -0.12925 0.25471 -4.0267 4.155 -2.4466 0.90974 -1.3643 0.036539 -0.63911
1 1 1 2 58.818 -6.116 1.0826 -2.6132 1.4486 -1.4497 1.5306 -2.4246 2.5404 -2.3411 1.5446 -1.6245 0.39509 1.0598
1 1 1 2 58.818 -6.116 1.0826 -2.6132 1.4486 -1.4497 1.5306 -2.4246 2.5404 -2.3411 1.5446 -1.6245 0.39509 1.0598
1 1 1 2 58.818 -6.116 1.0826 -2.6132 1.4486 -1.4497 1.5306 -2.4246 2.5404 -2.3411 1.5446 -1.6245 0.39509 1.0598
1 1 1 2 58.591 -5.6757 0.5055 -2.5318 1.6332 -1.0629 1.1404 -2.2426 1.6153 -1.016 0.8297 -1.5204 0.38822 0.33392
1 1 1 2 58.591 -5.6757 0.5055 -2.5318 1.6332 -1.0629 1.1404 -2.2426 1.6153 -1.016 0.8297 -1.5204 0.38822 0.33392
1 1 1 2 58.876 -5.8948 0.29241 -2.4665 1.9841 -0.95398 0.38316 -2.0893 0.95718 -0.3882 0.94545 -2.0364 -0.53026 -0.79593
1 1 1 2 58.876 -5.8948 0.29241 -2.4665 1.9841 -0.95398 0.38316 -2.0893 0.95718 -0.3882 0.94545 -2.0364 -0.53026 -0.79593
1 1 1 2 62.151 -4.969 0.24724 -1.5867 0.92499 -1.0328 0.1647 -0.69198 0.028451 0.02667 0.14915 -0.76558 -0.64132 -0.11682
1 1 1 2 55.323 -9.457 -2.5066 -3.1954 2.7532 -1.0039 2.4302 -0.96664 -0.57189 0.56237 -0.0070263 -0.30763 0.8171 -1.5156
1 1 1 2 52.676 -8.4746 -1.5351 -4.139 0.7064 0.27189 3.6199 -0.89844 2.5451 -3.2935 -1.7301 1.4977 0.77123 0.44183
1 1 1 2 49.189 -9.1338 -0.84257 -1.2555 1.5943 1.846 -2.3761 -1.0765 1.8723 0.081409 -1.3605 -1.4714 1.58 0.46113
