1 1 1 1 54.779 -4.4513 0.5846 -0.9632 0.36336 -0.42657 0.26667 -0.36907 -0.024727 -0.45983 0.19015 0.51972 0.84956 0.79133
1 1 1 1 56.638 -4.7615 0.51538 -1.2005 0.32286 -0.6621 0.1433 -0.44357 0.081422 0.012651 0.011826 -0.57756 -0.44688 -0.61932
1 1 1 1 56.638 -4.7615 0.51538 -1.2005 0.32286 -0.6621 0.1433 -0.44357 0.081422 0.012651 0.011826 -0.57756 -0.44688 -0.61932
1 1 1 1 61.278 -4.5377 0.27139 -1.1603 0.1539 -0.66149 0.050067 -0.34513 0.16503 -0.19497 0.014202 -0.58042 -0.31499 -0.27912
1 1 1 1 58.538 -4.4255 0.28935 -1.0782 0.18191 -0.59898 0.07065 -0.32162 0.17248 -0.10496 0.062508 -0.44065 -0.22094 -0.23724
1 1 1 1 60.496 -4.4067 0.19758 -1.0945 0.1556 -0.62577 0.016402 -0.32708 0.14742 -0.12058 -0.021138 -0.7752 -0.5186 -0.44595
1 1 1 1 62.078 -4.445 0.21227 -1.1152 0.15811 -0.67239 -0.01907 -0.36274 0.17108 -0.049977 -0.050923 -0.99177 -0.74332 -0.64285
1 1 1 1 62.078 -4.445 0.21227 -1.1152 0.15811 -0.67239 -0.01907 -0.36274 0.17108 -0.049977 -0.050923 -0.99177 -0.74332 -0.64285
1 1 1 1 61.776 -4.4648 0.17758 -1.1373 0.14295 -0.69924 -0.045414 -0.40102 0.12331 -0.10225 -0.14739 -1.1179 -0.85077 -0.7388
1 1 1 1 61.776 -4.4648 0.17758 -1.1373 0.14295 -0.69924 -0.045414 -0.40102 0.12331 -0.10225 -0.14739 -1.1179 -0.85077 -0.7388
1 1 1 1 55.32 -4.3258 0.34616 -0.97865 0.22543 -0.4607 0.14912 -0.36136 0.03225 -0.25013 0.15613 0.24825 0.45279 0.32372
1 1 1 1 56.836 -4.5953 0.50147 -1.0829 0.28462 -0.44689 0.28128 -0.32299 0.061355 -0.32778 0.17688 0.48477 0.6597 0.42636
1 1 1 1 61.728 -4.4012 0.2337 -1.0831 0.1297 -0.44518 0.22212 -0.28651 0.040551 -0.32591 0.13818 0.49729 0.61534 0.37207
1 1 1 1 61.728 -4.4012 0.2337 -1.0831 0.1297 -0.44518 0.22212 -0.28651 0.040551 -0.32591 0.13818 0.49729 0.61534 0.37207
1 1 1 1 59.876 -4.5033 0.29265 -1.1387 0.14353 -0.56078 0.14507 -0.37495 0.039915 -0.34713 0.063699 0.09913 0.32397 0.14468
1 1 1 1 61.799 -4.3804 0.26011 -1.0634 0.12339 -0.4508 0.19988 -0.35961 -0.059561 -0.5002 0.11356 0.72634 0.82895 0.57003
1 1 1 1 61.799 -4.3804 0.26011 -1.0634 0.12339 -0.4508 0.19988 -0.35961 -0.059561 -0.5002 0.11356 0.72634 0.82895 0.57003
1 1 1 1 56.591 -4.2992 0.48156 -0.91537 0.23822 -0.42649 0.1351 -0.52772 -0.27316 -0.69196 0.013077 0.76475 0.98113 0.85509
1 1 1 1 59.912 -4.4457 0.31161 -1.0779 0.17115 -0.50608 0.13728 -0.4045 -0.052088 -0.22937 0.091747 0.30052 0.3976 0.16688
1 1 1 1 63.51 -4.4165 0.22118 -1.1089 0.10232 -0.54103 0.12392 -0.3427 0.014832 -0.32504 0.071334 0.13287 0.3185 0.16802
1 1 1 1 62.517 -4.447 0.19878 -1.1235 0.14037 -0.67319 -0.026678 -0.37554 0.1363 -0.10723 -0.063314 -0.92104 -0.65739 -0.58848
1 1 1 1 61.101 -4.542 0.20853 -1.1934 0.13312 -0.73565 -0.041515 -0.43122 0.11459 -0.12437 -0.16222 -1.1668 -0.94504 -0.79938
1 1 1 1 61.101 -4.542 0.20853 -1.1934 0.13312 -0.73565 -0.041515 -0.43122 0.11459 -0.12437 -0.16222 -1.1668 -0.94504 -0.79938
1 1 1 1 54.824 -4.3791 0.41431 -0.96752 0.29763 -0.40079 0.26009 -0.22352 0.18194 -0.11715 0.25784 0.33205 0.51491 0.34548
1 1 1 1 55.952 -5.3824 1.0456 -1.2524 0.49832 -0.6433 0.2739 -0.5004 0.042955 -0.58342 0.19375 0.37487 0.87285 0.75426
1 1 1 1 58.138 -4.4283 0.31613 -1.0824 0.1573 -0.5446 0.11099 -0.39741 -0.025609 -0.33653 0.058528 0.16035 0.35331 0.22508
1 1 1 1 55.204 -4.2934 0.27368 -1.0149 0.12531 -0.53413 0.044277 -0.45136 -0.12408 -0.37995 0.071345 0.231 0.45854 0.31734
1 1 1 1 54.633 -4.2698 0.3388 -0.91578 0.20532 -0.47055 0.13712 -0.4613 -0.091525 -0.3324 0.07414 0.30486 0.57838 0.37514
1 1 1 1 62.37 -4.4651 0.16023 -1.1591 0.099685 -0.71062 -0.074648 -0.41487 0.10442 -0.019543 -0.12826 -1.1208 -0.93522 -0.85608
1 1 1 1 62.37 -4.4651 0.16023 -1.1591 0.099685 -0.71062 -0.074648 -0.41487 0.10442 -0.019543 -0.12826 -1.1208 -0.93522 -0.85608
1 1 1 1 57.822 -4.5259 0.29971 -1.143 0.19268 -0.67018 0.030839 -0.34817 0.19632 -0.084711 0.043099 -0.76498 -0.46783 -0.40924
1 1 1 1 61.939 -4.4171 0.1826 -1.0892 0.16802 -0.66028 -0.032837 -0.36861 0.17177 -0.030452 -0.072931 -1.0995 -0.82829 -0.72129
1 1 1 1 61.939 -4.4171 0.1826 -1.0892 0.16802 -0.66028 -0.032837 -0.36861 0.17177 -0.030452 -0.072931 -1.0995 -0.82829 -0.72129
1 1 1 1 61.655 -4.3861 0.25704 -1.0584 0.12648 -0.42056 0.2157 -0.38443 -0.09634 -0.49809 0.095689 0.7139 0.83004 0.57314
1 1 1 1 59.039 -4.4141 0.25142 -1.0765 0.17535 -0.58257 0.087715 -0.29795 0.16998 -0.088032 0.07109 -0.4193 -0.19327 -0.23561
1 1 1 1 55.954 -4.69 0.55826 -1.1106 0.33945 -0.57501 0.16143 -0.34925 0.15611 -0.078039 0.1429 -0.24139 -0.054816 -0.12162
1 1 1 1 58.586 -4.3612 0.30317 -1.0299 0.1291 -0.47186 0.13761 -0.49303 -0.21852 -0.51087 0.044261 0.74015 0.86416 0.5886
