0 1 1 1 65.487 -5.0225 -0.057286 -1.6135 -1.1925 -1.1865 0.41974 0.16226 0.42913 -0.23422 0.46958 -0.70768 0.033045 -1.0041
0 1 1 1 64.985 -5.2444 0.09765 -1.64 -1.3076 -0.67584 0.33389 -0.29311 0.43128 -0.65928 0.39519 -0.18236 1.0012 -1.527
0 1 1 1 65.536 -5.3384 0.40365 -1.7542 -0.6587 -2.1381 0.29241 -0.12999 -0.79922 0.55147 1.0919 0.32452 -1.2874 -0.39389
0 1 1 1 60.841 -8.4403 -2.7756 -6.2109 -6.9701 -9.3403 -4.7949 -2.2742 -6.1603 2.6972 1.4635 -1.0155 -7.0413 -3.6132
0 1 1 1 64.856 -5.4295 0.37485 -1.2403 -0.44164 -0.86812 0.16367 0.73915 -0.38071 0.1968 -0.59478 -0.048852 -0.14337 -0.063921
0 1 1 1 65.103 -5.3964 0.40873 -0.79493 -0.60908 -1.9493 -0.86802 0.29334 -0.94736 0.43335 1.0115 -0.57549 0.42001 0.08665
0 1 1 1 65.42 -5.0771 0.16839 -1.4294 -0.47229 -1.4041 -0.88901 0.13062 0.16462 0.43762 0.76822 -0.23782 -0.47932 -0.94054
0 1 1 1 65.49 -5.4779 0.27746 -0.96 -1.1445 -2.5793 0.52704 -0.994 -0.28678 0.31444 1.0072 0.23227 -0.65813 0.51001
0 1 1 1 65.928 -5.279 -0.10173 -1.1245 -0.47142 -3.3007 1.4358 0.16241 -0.52394 0.54754 0.9542 -0.66504 -0.69254 0.12384
0 1 1 1 65.107 -5.1091 -0.10659 -1.8408 0.32647 -0.85173 -1.1248 -0.4368 -0.089093 0.70462 -0.068367 -0.018596 0.35819 -0.30546
0 1 1 1 65.619 -5.0821 0.0033833 -1.5946 -1.2266 -1.108 0.43413 -0.33103 0.5051 -0.2329 0.12737 -0.19101 0.84775 -0.80944
0 1 1 1 65.007 -5.2853 0.0021003 -1.7095 -1.1946 -1.1709 0.6822 -0.20233 0.87665 -0.67837 0.43564 -0.28505 0.71133 -1.2131
0 1 1 1 65.315 -5.3984 0.49971 -2.0317 -0.33136 -2.4973 -0.084717 0.054599 -0.52661 0.79189 0.45356 0.27876 -1.4391 -0.35555
0 1 1 1 66.054 -5.1921 0.43077 -1.9717 -0.18763 -2.2177 -0.23136 0.16056 -0.36941 1.3787 0.52269 0.28662 -1.2756 -0.55208
0 1 1 1 65.577 -5.3459 0.45091 -1.6029 -0.68411 -1.226 -0.14178 1.0704 0.21752 0.3087 -0.77272 -0.27633 -0.37 -0.47616
0 1 1 1 65.337 -5.3411 0.20872 -2.1475 0.057751 -1.3271 0.2716 0.49322 -0.1717 0.44223 -0.86296 -0.21685 -0.11126 0.37884
0 1 1 1 65.338 -5.2272 0.03453 -1.6334 -0.77693 -1.1306 0.64885 -0.67058 0.72708 -0.32923 0.35634 -0.87846 0.91202 -1.0162
0 1 1 1 64.813 -5.1717 0.091852 -1.1117 -1.1567 -1.8298 -1.1578 0.31422 -0.15658 0.33805 1.0941 -0.73527 -0.36471 0.022963
0 1 1 1 65.224 -5.2134 0.10076 -1.2338 0.57025 -1.1412 -0.60099 0.61076 -0.36552 -0.55202 -0.068179 -0.046431 -0.41497 -0.28461
0 1 1 1 64.632 -5.2983 0.42162 -1.5761 0.62008 -1.3357 -0.37673 0.53726 -0.080321 -0.48441 -0.219 0.092469 -0.7588 -0.19356
0 1 1 1 65.477 -5.6745 -0.6244 -0.027191 -0.17934 -2.1731 1.2775 -2.2502 0.18288 0.57598 0.36233 -0.09251 0.19848 0.02139
0 1 1 1 63.017 -5.6681 -1.1074 -3.9928 -0.80831 -5.4276 -3.5836 0.48453 0.40399 2.1408 1.8712 0.66343 -2.783 0.32583
0 1 1 1 61.459 -7.9958 -4.738 -8.9913 -5.1745 -10.476 -7.0764 -2.492 -2.8449 1.0994 -0.6257 -1.7949 -3.7658 -0.45402
0 1 1 1 64.884 -5.28 0.12197 -2.2496 -0.17726 -0.3357 -0.077685 -0.14235 1.2197 -1.4327 -0.2996 -0.97612 0.28822 -0.070776
0 1 1 1 65.178 -5.848 -0.26222 -1.6155 -0.42577 -3.3789 -0.11517 0.3334 1.738 0.48204 1.4801 -0.63483 0.13276 -1.346
0 1 1 1 65.845 -5.8308 -0.046527 -1.3271 -0.27416 -4.1464 1.4744 0.41608 1.015 0.5692 -0.12399 -1.1367 0.27927 -0.80085
0 1 1 1 66.19 -8.2929 0.51089 -2.6579 2.0598 -3.6284 -0.35722 -1.3946 3.6762 0.33284 -0.17648 -1.7255 1.0998 -0.18113
0 1 1 1 67.031 -7.6928 0.51045 -2.2971 2.6833 -3.423 0.033476 -0.97288 2.4517 -0.36347 0.42371 -1.6373 1.1209 -0.57944
0 1 1 1 64.069 -11.597 -4.4286 -4.8893 -5.1513 -10.732 -4.5922 -2.2546 -2.7382 -4.895 0.30941 -3.3943 -2.7255 -4.0189
0 1 1 1 64.373 -10.893 -3.5253 -3.5893 -3.5646 -8.584 -3.5634 -1.2394 -1.5444 -2.6428 1.9162 -2.874 -2.4071 -3.9114
0 1 1 1 64.069 -11.092 -3.526 -2.8643 -1.2671 -7.1488 -5.6785 -3.9199 -0.60584 0.86502 0.96502 -4.3903 -4.388 -5.3744
0 1 1 1 65.496 -7.2192 0.47293 -1.4613 1.4001 -2.8972 -0.24058 -0.02538 1.2159 -1.6532 0.49081 -0.66737 0.45822 -1.3476
0 1 1 1 65.466 -7.078 0.79768 -1.9854 1.0023 -2.7064 -0.57416 1.0426 0.46895 -1.6307 1.1869 -0.91089 0.60016 -1.3478
