0 1 1 1 61.182 -7.3918 10.226 8.0365 15.166 4.6915 3.6518 3.2021 0.58194 5.493 -1.5413 3.11 2.4726 0.33092
0 1 1 1 62.49 -8.2694 14.41 7.3106 12.707 3.1379 1.6753 4.8271 -0.8497 4.0461 -1.6424 4.6513 -3.6365 -0.76325
0 1 1 1 62.392 -8.903 13.961 2.5934 11.01 5.2688 3.6222 8.9435 -0.33883 6.7493 4.0047 4.8909 -0.95174 -3.0492
0 1 1 1 64.945 -6.2587 10.241 10.033 15.132 5.5141 4.6292 10.855 2.9531 9.6591 -0.64825 2.7549 -3.7848 -2.2175
0 1 1 1 61.7 -8.9153 9.667 4.7735 8.9367 9.2854 8.5109 3.1875 6.0769 3.0479 -0.67728 2.008 -5.6502 1.5887
0 1 1 1 62.123 -8.5144 12.409 2.0021 12.718 7.633 5.7544 8.1924 0.71142 3.997 -0.12356 3.1533 -2.3788 -0.36811
0 1 1 1 63.744 -7.0851 8.577 3.9002 7.8567 2.3045 3.5345 5.8426 -0.46713 7.7502 1.7914 3.6567 -1.0293 -1.9829
0 1 1 1 63.646 -7.777 8.6247 4.9823 7.7418 4.5703 2.4537 6.2378 1.7185 9.3967 4.6017 4.8131 -0.94372 -1.0077
0 1 1 1 63.831 -6.9874 7.1691 3.5138 6.214 3.564 6.1488 7.9045 2.991 12.644 0.80862 2.5316 -1.4137 2.1234
0 1 1 1 64.324 -6.3617 7.0382 3.2575 3.1214 2.1226 5.9571 7.3778 1.605 13.962 2.3207 2.817 0.45844 1.7515
0 1 1 1 63.787 -7.6826 7.0714 8.5399 5.2487 1.0398 4.3822 5.2189 -2.0804 11.691 2.2994 0.9835 -2.4997 -3.6968
0 1 1 1 64.05 -6.4845 7.3941 7.3043 4.3668 -0.27169 6.2786 6.5291 -1.6858 10.621 0.0302 -0.015645 -2.3198 -1.9925
0 1 1 1 64.456 -6.3213 7.0383 6.2987 6.3334 1.2528 7.6196 5.7644 1.3816 10.103 -1.6004 0.97197 2.121 2.2933
0 1 1 1 64.349 -6.5875 9.0092 6.2275 7.6699 3.0913 7.8141 8.7459 -0.84017 13.572 5.4299 0.17025 -1.8455 0.10076
0 1 1 1 64.391 -5.9763 11.641 9.9608 9.1779 6.1011 7.6552 9.5977 1.7688 12.123 3.2831 0.68096 -2.9906 -1.3972
0 1 1 1 64.469 -5.0212 18.341 5.7208 10.08 9.1907 2.5421 3.6132 -7.0184 4.4392 -1.8408 3.4001 -1.8755 0.96092
0 1 1 1 62.024 -7.4201 11.171 -0.34689 8.1052 10.802 6.9286 3.8735 1.0464 3.7883 0.69208 5.1587 -1.2379 -2.4704
0 1 1 1 61.715 -7.3761 11.862 0.39401 8.0467 10.516 7.1434 3.7069 2.0908 5.3993 1.9071 6.4159 -2.2422 -2.5879
0 1 1 1 62.875 -8.5147 12.99 2.3067 4.2906 11.173 5.5962 6.0285 0.0061463 6.8655 -0.94194 2.9682 -0.3697 -0.14101
0 1 1 1 63.63 -8.1705 13.15 0.86965 7.8748 6.6796 2.3387 4.4084 1.324 1.2985 -1.626 3.6477 -3.4398 -0.51278
0 1 1 1 63.155 -5.5829 12.03 1.3597 7.0964 6.1422 3.875 6.7727 -1.3892 2.4289 -0.81888 -0.018886 -2.1062 -1.3863
0 1 1 1 64.694 -6.8108 10.502 1.0124 4.8581 6.7701 4.7329 9.8065 -1.9756 7.4635 -0.86024 1.6802 -1.7843 -2.1558
0 1 1 1 63.67 -8.2214 13.262 2.395 6.1425 7.0846 6.9773 7.9575 -1.9784 6.4193 0.88222 0.36546 -4.2874 -1.787
0 1 1 1 64.32 -6.5193 13.313 -1.0522 9.4331 7.3722 6.3951 8.6676 -0.57848 4.7428 0.48629 1.1361 -0.4556 -0.70214
0 1 1 1 63.426 -7.0336 13.65 0.94158 7.57 5.9695 7.7254 3.3626 -4.1968 5.8312 -0.1711 3.4738 -1.464 -2.7656
0 1 1 1 63.696 -5.0949 10.466 4.6997 8.4117 8.0169 6.9697 6.2441 0.29591 4.8539 2.6911 5.1506 -0.59659 -1.3905
0 1 1 1 64.081 -5.254 8.8294 3.1232 8.352 7.3967 4.3687 4.3469 -2.2158 4.5803 1.732 2.3156 -0.21228 -0.74115
0 1 1 1 63.706 -5.176 10.146 3.2648 7.7034 7.321 6.0586 5.5011 -1.9095 4.5367 2.4224 2.5745 0.33102 -0.89826
0 1 1 1 63.126 -6.1142 11.87 2.9723 8.081 7.5128 5.0226 4.2638 -0.31676 -0.096516 2.9703 5.6912 -3.3197 -1.608
0 1 1 1 64.341 -7.2504 13.688 -2.6316 5.1052 8.7014 4.9783 8.6677 -2.4299 5.508 3.6681 4.0917 -2.5095 -2.5752
0 1 1 1 63.025 -7.3289 11.497 2.2779 7.0141 7.7068 8.5747 3.8896 -4.1362 4.4176 1.5555 2.764 -0.6816 -3.4031
0 1 1 1 63.755 -8.0028 12.597 1.0617 5.5283 10.003 6.492 10.797 -0.86529 1.3086 3.3298 5.3421 -5.6884 -1.7038
0 1 1 1 63.556 -7.0923 10.462 0.63336 7.446 5.9303 8.0775 4.536 -2.2768 0.097698 2.1904 3.3068 -4.4773 -3.17
0 1 1 1 64.3 -7.1586 13.311 0.99359 8.7038 10.109 3.5589 9.5278 -1.0506 6.7747 6.1023 4.2533 -2.0593 -3.571
0 1 1 1 63.755 -6.5755 8.9114 2.1074 8.8296 9.7309 7.8506 10.492 -2.7027 6.9507 6.334 5.1411 -2.6737 -0.67112
0 1 1 1 64.17 -7.6862 10.823 2.3795 8.8395 8.6416 5.3989 8.4247 -4.4404 5.5896 8.2826 6.0259 -3.4866 2.4495
0 1 1 1 63.671 -6.0682 7.8693 5.0445 6.8043 8.5601 8.5912 7.6056 -2.1703 7.9545 2.692 3.501 -3.3355 -5.7674
0 1 1 1 64.801 -7.8356 9.8229 3.619 7.5947 12.515 5.1873 7.1648 -5.4772 4.6805 4.9607 2.4208 -4.5185 -0.77507
0 1 1 1 64.586 -7.3193 9.7536 3.281 7.8349 13.089 4.3245 6.7148 -2.8063 4.0665 4.2394 1.4556 -3.2326 0.69839
0 1 1 1 63.816 -7.5269 10.479 -0.69768 9.3205 6.2526 6.7333 6.7378 -2.0452 4.4092 2.8623 3.8619 -3.5622 -0.54407
0 1 1 1 65.687 -4.2961 11.548 5.7768 6.2432 6.2533 4.3797 6.4 -4.1249 4.1272 7.6699 5.0888 -2.6535 1.1852
0 1 1 1 64.705 -5.2798 12.218 6.2973 9.694 9.4812 5.3204 4.8134 -5.5436 2.4557 4.9551 5.7421 -3.0489 -0.71311
0 1 1 1 64.487 -6.4229 9.7213 3.684 8.2884 4.8787 3.917 4.6215 -5.6491 1.463 4.206 6.2778 -5.057 -0.70975
0 1 1 1 64.48 -7.5314 9.8769 2.1587 11.544 4.519 7.2446 4.29 -5.9033 9.2757 4.8856 6.0734 -1.3978 -1.0897
0 1 1 1 64.538 -4.6203 10.351 4.7235 6.1377 5.4423 3.9475 6.8083 -8.0392 4.9952 5.3965 6.6414 -5.9018 -2.9891
0 1 1 1 64.958 -6.7948 10.873 1.5864 7.8813 6.2361 2.4203 5.3842 -6.1772 5.5964 5.1287 3.6673 -2.9703 -1.4852
0 1 1 1 65.717 -5.3905 10.308 0.68902 10.895 3.8704 6.5638 2.8621 -4.8446 2.268 1.6388 2.7231 -2.8696 -1.8534
0 1 1 1 63.851 -4.9418 9.0965 3.2599 11.039 5.5296 3.8268 7.5914 -5.3452 6.3142 4.2026 3.3376 -0.62152 0.65305
0 1 1 1 64.671 -5.6383 10.961 2.7497 10.148 10.02 2.8367 7.3188 -5.32 4.912 5.408 3.3405 -2.3333 -1.3773
0 1 1 1 64.764 -6.2255 10.191 2.3418 10.862 9.1574 3.1658 7.3473 -1.8659 4.0372 4.7571 4.9575 -1.9922 -1.1234
0 1 1 1 64.729 -6.3037 10.404 1.7308 9.9082 7.386 5.4204 6.2185 -4.2914 6.7689 3.7262 4.6082 -3.2589 -1.4371
0 1 1 1 64.475 -6.5219 10.569 2.9024 10.361 8.8027 5.7273 5.9461 -2.8343 7.4776 3.4367 5.1706 -5.0334 -1.5585
0 1 1 1 63.665 -5.3895 11.878 0.57806 10.396 10.996 4.5563 9.1129 -4.1828 1.9186 4.5113 2.8709 -2.4402 -0.66788
0 1 1 1 63.954 -5.3945 11.636 0.60677 10.627 10.089 4.4802 8.2919 -3.565 1.9915 3.9382 2.4064 -1.5798 -0.13798
0 1 1 1 65.107 -0.60673 14.184 4.884 13.21 8.3533 4.1443 1.1896 -4.55 1.0028 1.9876 3.337 -2.1759 0.34224
0 1 1 1 65.181 -8.5146 7.0183 2.6999 6.6891 8.6767 14.044 5.8426 0.82885 4.0021 0.38498 4.315 -1.5109 -0.20687
0 1 1 1 70.914 -8.9577 0.32203 3.7565 6.1593 1.2546 8.5088 5.0539 5.7912 2.2614 2.3054 0.50563 0.6957 -0.75489
0 1 1 1 70.914 -8.9577 0.32203 3.7565 6.1593 1.2546 8.5088 5.0539 5.7912 2.2614 2.3054 0.50563 0.6957 -0.75489
0 1 1 1 63.878 -5.8415 7.804 4.329 9.5601 8.9241 10.451 4.4917 -0.7671 2.3573 4.3811 4.0539 -2.7947 1.8232
0 1 1 1 64.329 -7.342 6.6468 2.3964 7.5595 7.8898 8.3232 7.7817 3.3574 2.4292 6.625 5.9171 -2.7501 0.51601
0 1 1 1 65.304 -4.4966 9.8664 4.4077 10.263 8.9621 5.6885 5.8823 -1.7379 0.013623 0.87234 3.4959 -1.529 -1.5075
0 1 1 1 66.752 -6.3139 4.3351 5.9841 7.7645 4.2863 6.9448 4.3732 1.4776 1.7553 -1.531 5.4746 0.87133 -0.83446
0 1 1 1 68.794 -8.7158 8.4184 5.3074 11.317 7.9876 2.9683 11.517 6.8076 1.5324 4.831 0.47238 -4.0071 0.6618
0 1 1 1 62.953 -5.9299 11.033 3.1348 8.4741 11.823 6.7613 5.6403 4.6987 3.432 4.0406 7.4564 -1.8971 1.3123
0 1 1 1 62.142 -5.3555 9.6103 2.1764 9.1494 10.855 7.1899 4.8188 -3.0223 6.036 2.5475 5.8518 -1.2314 0.49715
0 1 1 1 62.176 -5.5889 7.5546 1.2412 6.5824 6.6772 5.5839 6.0096 -1.6531 4.1605 4.3884 5.5451 -4.2154 -2.3127
0 1 1 1 66.086 -7.4006 6.0057 7.4611 7.3998 4.6919 3.9118 5.6233 5.1308 2.2214 2.658 2.5073 -0.73354 -0.12529
0 1 1 1 66.016 -7.308 5.7617 7.2863 7.3658 4.9096 3.5617 5.897 5.7077 2.5757 3.2044 2.1239 -0.86278 0.10116
0 1 1 1 65.555 -2.0651 13.787 7.344 7.9421 5.6459 5.5128 8.5857 0.23287 1.3647 3.309 1.4449 -2.2896 -4.3293
0 1 1 1 64.626 -2.8506 13.812 6.1075 6.9934 8.4778 4.9781 6.9551 -0.38848 3.067 2.753 0.52743 -2.6056 -4.8289
