1 0 1 1 61.969 -17.174 3.5235 -0.93847 -5.3849 5.2224 1.599 -2.6463 8.0299 -2.0071 2.474 3.5499 -0.48056 1.2265
1 0 1 1 63.141 -18.78 5.9411 0.83074 -6.3336 2.9646 4.2163 -0.62118 2.0123 1.816 0.31142 0.0068905 2.3897 1.6074
1 0 1 1 62.782 -17.564 3.7827 1.7808 -7.9667 5.297 5.1314 -2.0654 4.2104 1.7667 -2.06 -0.27285 3.0349 -1.697
1 0 1 1 62.066 -19.675 5.2488 -0.25468 -1.1789 7.2893 0.91075 -4.9084 6.7485 -2.8287 5.2194 2.5538 -1.7868 0.80751
1 0 1 1 63.053 -19.759 6.7484 0.10671 -6.1348 7.2298 0.13428 -5.0223 5.3081 -1.8052 1.968 0.82755 2.0418 2.3574
1 0 1 1 62.499 -17.647 4.1452 2.6661 -1.4217 0.50575 1.1923 2.4966 -0.49894 1.1489 1.5269 2.5299 2.2269 -1.141
1 0 1 1 62.761 -18.554 2.6319 3.1172 -2.3825 -0.50726 2.0486 1.1219 -0.37316 1.6916 5.172 1.3852 1.5918 -0.42452
1 0 1 1 61.651 -17.713 5.3833 1.1573 -4.617 2.2092 0.9661 -1.1547 6.2746 -3.2674 2.6206 3.9956 0.53562 1.0711
1 0 1 1 62.191 -18.526 5.3437 1.7254 -5.9957 3.5964 1.8178 -3.8092 3.4666 -0.97852 1.9088 3.0097 -1.0543 0.22136
1 0 1 1 62.127 -18.06 6.3231 1.4369 -4.1871 3.0654 0.66064 -0.87762 3.8143 1.0177 0.73173 2.5425 1.6095 -1.7266
1 0 1 1 62.098 -18.973 4.1911 -0.43985 -3.0783 2.0074 0.65909 1.3318 5.9654 2.7936 3.0639 4.0372 1.6272 -1.7739
1 0 1 1 62.611 -18.855 6.4793 0.10826 -5.8013 3.9623 0.65049 -4.7795 6.2469 -0.70749 0.93857 1.9394 1.8483 -1.5293
1 0 1 1 62.137 -19.385 6.2936 0.7775 -4.4981 7.4313 4.0081 -5.2882 4.6104 -1.5292 4.4235 3.1283 0.052354 -1.0633
1 0 1 1 62.061 -18.152 5.2068 0.75258 -6.3238 3.9383 6.2211 -1.6265 7.4628 -6.3181 -0.65726 6.3251 -0.068704 1.6071
1 0 1 1 61.957 -17.164 3.7083 -1.2749 -5.4437 5.1252 2.0744 -2.8991 8.3302 -1.8815 2.7109 3.3957 -0.92669 1.2546
1 0 1 1 63.122 -18.753 6.0435 0.84744 -6.5269 2.8325 4.038 -0.69146 2.2559 2.1646 0.44791 0.018057 2.3387 1.4639
1 0 1 1 62.745 -17.583 3.7666 1.8538 -7.9706 5.3441 5.1771 -2.0434 4.2571 1.7824 -1.9783 -0.085508 3.2716 -1.5613
1 0 1 1 62.111 -19.619 5.2835 -0.24182 -1.2208 7.2542 1.0813 -4.8096 6.7556 -2.8457 5.1792 2.4685 -1.7897 0.83914
1 0 1 1 63.027 -19.793 6.7495 0.13652 -6.1409 7.2301 0.098615 -5.1389 5.2111 -1.7645 1.9366 0.72456 2.0872 2.6028
1 0 1 1 62.219 -17.792 4.4668 2.4947 -1.9319 0.93248 1.2206 2.672 0.089451 1.2023 0.65474 2.3033 2.053 -1.3606
1 0 1 1 63.035 -18.039 2.9976 3.2525 -2.3619 -0.53004 1.7008 0.50823 -0.81481 1.4965 5.2602 1.5582 1.7683 -0.21015
1 0 1 1 61.632 -17.735 5.4508 1.2861 -4.6701 2.2132 1.1615 -1.1305 6.2648 -3.1489 2.7893 4.0769 0.54516 0.97972
1 0 1 1 62.216 -18.473 5.3661 1.6736 -5.967 3.6779 1.8104 -3.9064 3.3301 -1.0911 1.8576 2.9894 -1.0567 0.14469
1 0 1 1 62.09 -18.164 6.1074 1.1805 -4.3145 3.2253 1.1454 -0.42595 4.0439 1.2538 0.9792 2.6844 1.6842 -1.8477
1 0 1 1 62.082 -19.012 4.2489 -0.33569 -2.9367 2.2398 0.94467 1.6301 6.2591 2.9154 2.9925 3.7588 1.1687 -2.3608
1 0 1 1 62.612 -18.858 6.5008 0.14912 -5.8363 3.8561 0.6607 -4.8048 6.2181 -0.7494 0.98631 1.9671 1.9237 -1.4082
1 0 1 1 62.122 -19.387 6.3524 0.78565 -4.5995 7.2205 3.7501 -5.6848 4.4067 -1.3566 4.9258 3.8156 0.70931 -0.40126
1 0 1 1 62.102 -18.054 5.3022 0.8017 -6.4973 3.6132 5.8804 -1.6682 7.458 -6.2929 -0.4644 6.6021 0.27862 1.677
1 0 1 1 61.797 -17.114 5.8366 -0.36039 -3.8871 4.1274 2.2732 -5.4832 5.1038 -5.5196 4.9393 4.2329 0.061815 2.3599
1 0 1 1 62.79 -18.242 4.5135 0.19905 -5.0009 5.3377 2.2594 -2.1803 4.6544 -1.0582 -1.3652 1.2278 0.49197 -1.0448
1 0 1 1 62.217 -18.326 4.1225 0.37621 -6.673 3.6654 0.22434 -0.11557 6.7308 3.581 0.78281 4.237 1.3663 -1.6553
1 0 1 1 63.268 -20.296 4.3669 0.81612 -3.058 2.4604 1.0188 -1.9206 7.6063 -5.5234 3.0851 4.4441 0.55267 2.7354
1 0 1 1 63.427 -19.557 2.4154 2.4266 -2.8976 0.95839 0.64155 4.6697 2.356 -1.8183 2.0635 5.4675 -0.43423 -0.27616
1 0 1 1 62.738 -20.414 5.2784 2.965 -4.866 2.1395 3.9745 -0.6087 2.9189 2.8104 2.2869 2.7685 -2.0787 1.8002
1 0 1 1 62.892 -19.919 4.5509 3.1422 -4.5679 2.3587 1.9787 -0.43171 3.8581 1.5424 2.4385 3.772 -1.6681 -1.1839
1 0 1 1 61.624 -17.068 6.2951 -0.56499 -5.2192 4.9862 3.4702 -3.9056 8.3989 -6.0868 2.0344 1.6358 -0.7516 0.095567
1 0 1 1 61.732 -17.912 5.7028 0.60023 -4.7898 5.1377 1.8953 -6.8083 7.5885 -1.2528 0.94501 2.4599 -1.2349 1.5759
1 0 1 1 62.595 -19.038 6.4638 0.81244 -4.676 3.7233 0.275 0.46842 2.603 0.79571 1.1669 2.4944 1.4809 -1.9813
1 0 1 1 62.697 -18.981 6.5389 0.98808 -4.1579 3.5492 -0.012124 -0.3779 1.8993 0.40098 0.83255 2.6989 1.7496 -2.4384
1 0 1 1 62.085 -20.292 6.5913 2.0043 -1.777 4.5939 0.4611 -2.2714 3.3453 3.929 0.36061 0.80895 1.9465 0.55503
1 0 1 1 63.63 -20.268 7.2848 2.7375 -5.7544 2.228 0.37829 -3.1714 1.7213 0.22481 0.9829 2.3876 1.3502 -0.54791
1 0 1 1 65.01 -22.092 8.6265 3.3768 -7.8828 1.8663 3.7069 -5.7526 3.8738 0.99152 -0.71559 2.4911 2.5086 -0.064027
1 0 1 1 64.929 -22.002 8.3781 3.3115 -8.1993 1.8016 3.2174 -5.3082 4.6145 0.76507 -0.68771 2.3017 2.3638 -0.46939
1 0 1 1 64.483 -21.47 8.0169 3.6823 -7.9138 4.0161 2.9928 -4.9217 4.3516 0.50238 -0.15174 2.8482 1.3058 0.49911
1 0 1 1 62.603 -19.29 4.9556 2.8215 -7.2623 4.4037 2.6133 -3.694 7.1236 -0.55714 -2.3725 6.3167 1.3587 2.1642
1 0 1 1 62.635 -19.373 4.3757 3.702 -7.6316 4.377 1.7961 -4.0165 8.5385 1.8626 -1.7393 4.8766 -0.14205 1.4291
1 0 1 1 62.649 -18.504 4.259 -0.46793 2.4348 -0.19008 2.5172 3.6366 5.5431 -5.6186 5.2501 -1.0453 1.2507 -2.094
1 0 1 1 64.478 -22.195 5.8178 1.4697 -4.4683 4.9249 1.6704 -2.4366 4.3695 3.379 -0.46717 1.1343 1.4386 0.69988
1 0 1 1 62.342 -17.644 1.5226 -0.14119 -8.517 5.5986 3.0235 2.054 8.1959 1.0203 -0.25885 8.0428 -2.9971 1.7605
1 0 1 1 62.369 -17.643 1.3661 -0.25907 -8.6685 5.5398 3.58 1.9208 8.4758 1.6956 0.10355 7.7691 -3.9446 1.3554
1 0 1 1 62.157 -18.094 5.356 0.43844 -7.7543 2.5587 2.835 -5.6735 8.457 -0.35525 -1.1307 6.0402 -1.5167 3.3516
1 0 1 1 63.492 -19.4 5.8605 -0.61195 -8.6288 2.64 2.745 -1.1743 6.2088 1.9293 0.57417 5.1419 -0.99027 0.70068
1 0 1 1 64.575 -19.919 5.75 0.61365 -10.528 1.1729 2.9191 -3.9782 3.7178 3.2817 0.18946 1.2567 1.6676 0.0030448
1 0 1 1 63.596 -22.235 7.3693 2.0461 -6.2164 4.0128 4.3147 -1.265 2.9579 1.0542 0.35739 0.33791 0.66158 -2.0263
1 0 1 1 64.096 -22.605 6.8344 2.8555 -5.0544 3.9136 5.4468 -2.8826 3.5256 1.5439 -0.99015 0.55372 0.5623 -1.1276
1 0 1 1 69.672 -11.291 7.3684 -5.9297 -20.808 -13.568 -12.612 -13.408 -4.8225 -5.3285 -2.5763 5.8176 9.8731 12.538
1 0 1 1 69.319 -12.232 8.3324 -4.4864 -20.654 -14.047 -11.701 -12.085 -3.5574 -3.5215 -2.5206 7.9851 9.0726 10.283
1 0 1 1 69.319 -12.232 8.3324 -4.4864 -20.654 -14.047 -11.701 -12.085 -3.5574 -3.5215 -2.5206 7.9851 9.0726 10.283
1 0 1 1 63.719 -21.321 6.2633 1.2243 -6.179 2.1079 2.344 -0.62546 4.7223 0.93019 -0.49822 3.6187 1.9571 -0.33578
1 0 1 1 63.727 -20.646 5.3715 4.0009 -5.9994 4.0183 1.1971 -4.673 2.6331 1.679 -0.94705 4.7059 0.55379 -2.626
1 0 1 1 63.824 -21.987 5.7923 0.79226 -6.8326 5.2602 5.567 -2.7668 1.5119 4.2991 1.3445 4.335 2.2327 -2.0985
1 0 1 1 63.674 -21.23 5.4571 2.534 -7.2454 5.5719 5.0178 -3.6698 1.4657 2.6628 0.86426 4.9368 2.2295 -3.1738
1 0 1 1 63.181 -19.975 7.5066 1.3198 -5.481 3.1118 -0.057415 -1.4226 3.4351 2.2849 2.921 -0.63905 2.879 -1.6896
1 0 1 1 63.417 -21.775 5.6341 4.0705 -4.7056 3.9745 4.9538 -2.6799 1.5955 4.0888 1.6893 5.3863 2.0504 -0.8918
1 0 1 1 63.417 -21.775 5.6341 4.0705 -4.7056 3.9745 4.9538 -2.6799 1.5955 4.0888 1.6893 5.3863 2.0504 -0.8918
1 0 1 1 63.586 -20.649 5.6315 3.3869 -5.9386 3.8748 5.8841 -4.1179 2.0092 4.3729 -0.62361 2.7115 1.3776 -2.2619
1 0 1 1 62.286 -19.63 6.4666 1.254 -6.3947 4.7577 2.0764 1.7803 3.7443 2.4053 1.4605 2.5033 1.9874 -0.50379
1 0 1 1 63.775 -20.649 2.7888 3.0338 -6.3445 4.9846 3.97 -1.6881 5.5345 0.8677 -2.2341 3.962 3.4191 0.23667
1 0 1 1 63.522 -19.867 7.3149 -0.41856 -6.3788 2.2893 3.2182 0.17644 3.6169 -0.31852 0.53123 1.186 3.6143 -0.30564
1 0 1 1 63.431 -20.093 7.1883 -0.69046 -6.6584 2.502 3.4971 -0.55613 3.6155 -0.091596 0.46737 1.0873 4.0449 -0.1266
1 0 1 1 62.109 -18.622 5.5411 0.10318 -3.977 4.2348 1.9748 -2.6762 3.6912 2.0868 4.0047 4.1291 1.4841 -1.0209
1 0 1 1 61.978 -19.206 3.4297 0.56479 -3.3387 4.6679 3.2797 2.9117 3.495 0.5365 0.44164 2.0173 1.0125 0.37065
1 0 1 1 62.529 -19.042 5.1373 -0.21265 -2.9745 3.4855 2.4242 -2.1334 5.0425 -0.71536 1.6992 0.34062 -0.085168 -1.5046
1 0 1 1 62.271 -18.719 3.9199 1.8733 -5.5136 4.1027 2.4244 -3.6864 5.1079 2.8827 -1.524 2.9995 2.4396 -1.0361
1 0 1 1 62.271 -18.719 3.9199 1.8733 -5.5136 4.1027 2.4244 -3.6864 5.1079 2.8827 -1.524 2.9995 2.4396 -1.0361
1 0 1 1 61.364 -18.159 5.4617 0.066913 -3.4296 1.7925 1.9943 -1.4532 3.0914 2.4179 0.84018 4.7651 1.03 1.0766
1 0 1 1 61.2 -17.398 4.672 2.904 -1.7029 3.4116 0.90334 0.58038 4.7901 1.9326 -1.1297 2.5969 -2.7154 3.0225
1 0 1 1 61.968 -17.897 4.2343 1.3196 -2.592 4.2027 4.3519 -1.7007 2.0642 3.9413 1.4436 2.1917 -1.7892 2.4912
1 0 1 1 62.95 -20.653 5.8287 2.3842 -7.1565 4.0006 1.8553 -2.5608 6.0096 3.0931 -1.4632 6.7404 0.99597 1.6516
1 0 1 1 63.014 -20.657 5.0512 2.394 -6.714 5.3144 3.1788 -2.4962 5.6015 2.2902 -1.7365 6.9085 0.59675 0.60475
1 0 1 1 62.297 -18.248 5.1587 0.84114 -5.2851 3.184 2.7871 -2.027 2.1598 2.4918 -1.2713 6.7693 -1.8196 1.2317
1 0 1 1 62.179 -19.044 4.5089 3.8294 -6.0491 4.4877 3.1878 -4.4753 6.5061 3.9015 -4.2238 2.643 -1.2957 1.0324
1 0 1 1 63.402 -20.92 3.9208 2.3918 -3.8487 2.9193 4.5279 -0.28632 3.2581 1.2725 -2.9299 7.1614 -0.61235 0.5889
1 0 1 1 63.597 -20.218 3.5739 3.9995 -4.2042 2.7853 1.4778 -3.0253 2.0329 0.62454 -3.3396 8.7377 0.45395 1.171
1 0 1 1 63.427 -20.126 3.6579 4.1229 -5.2181 3.3215 0.61166 -3.8023 2.8971 1.147 -3.5069 6.5059 -0.36831 0.26526
1 0 1 1 62.29 -15.972 2.1542 -0.28932 -4.3564 5.7449 -4.1876 3.2445 4.0928 1.3586 2.8295 3.1914 -0.97957 2.5681
1 0 1 1 61.632 -15.633 1.9375 0.23426 -3.782 5.1878 -5.515 4.818 3.1174 0.34605 2.532 1.744 -1.5069 1.4379
1 0 1 1 64.118 -20.871 3.8469 3.2967 -5.6653 2.1218 1.0736 1.3938 2.1854 1.7882 -1.7616 7.3822 -0.52164 1.0983
1 0 1 1 64.118 -20.871 3.8469 3.2967 -5.6653 2.1218 1.0736 1.3938 2.1854 1.7882 -1.7616 7.3822 -0.52164 1.0983
1 0 1 1 64.367 -20.056 0.62231 5.6405 -6.6412 -0.34799 5.7641 -0.49085 2.5353 1.1819 2.1737 1.2517 -1.7587 4.7824
1 0 1 1 64.108 -20.661 3.1977 4.6519 -5.4308 0.10786 2.2865 0.38506 4.8406 3.3829 -4.8211 6.362 -3.4277 -1.1031
1 0 1 1 64.055 -20.667 3.2747 4.6559 -5.6352 -0.22349 1.9234 0.0072803 4.9716 2.9313 -4.9218 6.4567 -3.1381 -0.85184
1 0 1 1 62.72 -19.755 4.6287 4.074 -6.6689 6.3084 3.4161 -1.9075 3.1201 3.8811 -2.4479 3.8139 -2.2892 1.0044
1 0 1 1 62.655 -19.871 4.2338 2.9807 -7.7997 5.1958 4.1176 -1.6402 3.0267 4.8716 -1.8611 6.0548 -2.2698 1.2225
1 0 1 1 62.655 -19.871 4.2338 2.9807 -7.7997 5.1958 4.1176 -1.6402 3.0267 4.8716 -1.8611 6.0548 -2.2698 1.2225
1 0 1 1 62.376 -18.473 3.4198 3.2805 -7.1689 4.6993 5.5586 -1.9208 5.3821 3.6201 -5.9905 6.6257 -1.1681 0.91966
1 0 1 1 62.989 -17.603 2.0117 3.6309 -8.6384 1.0412 7.9607 -7.2984 3.6412 4.4368 -4.2686 3.8928 3.1547 1.876
1 0 1 1 62.424 -17.126 3.5853 0.013866 -2.6181 5.2784 -5.7596 2.4264 2.3941 -1.8826 1.7324 4.3274 -2.7961 1.4585
1 0 1 1 62.399 -17.398 3.1386 0.15627 -2.6846 5.5582 -3.8872 3.5759 2.277 -1.9633 1.5194 4.1943 -1.6571 2.0345
1 0 1 1 61.423 -16.787 3.3544 -0.55963 -2.1016 7.9919 -1.8075 7.1138 2.2773 -1.7809 0.055911 3.2218 -4.7401 0.5706
1 0 1 1 62.061 -15.839 2.6889 -0.44293 -3.8279 3.2872 -4.1976 5.0541 -1.7484 1.0236 0.22118 4.4241 -2.0991 1.0727
1 0 1 1 62.313 -16.001 2.6075 0.48143 -3.3781 2.4062 -3.7996 4.3486 -2.8178 0.88061 1.2394 3.1755 -2.3963 1.7224
1 0 1 1 63.249 -21.149 4.857 5.1502 -7.8682 4.1046 5.0465 -2.4086 3.9352 2.9677 -1.2323 6.8347 0.77843 -3.0121
1 0 1 1 63.358 -20.846 4.979 5.153 -7.2375 4.4437 4.9807 -2.5337 3.9664 2.839 -1.6815 6.6317 0.7522 -2.7089
1 0 1 1 63.187 -19.013 4.5683 5.2974 -7.3779 5.0735 3.7513 -6.722 4.005 4.1163 -2.9278 5.3837 0.53164 -1.0533
1 0 1 1 64.186 -21.318 3.8393 6.5139 -8.2871 3.7437 4.9277 -4.558 4.1353 3.2073 -3.4744 6.6997 1.8412 -2.1443
1 0 1 1 64.186 -21.318 3.8393 6.5139 -8.2871 3.7437 4.9277 -4.558 4.1353 3.2073 -3.4744 6.6997 1.8412 -2.1443
1 0 1 1 63.865 -19.01 0.34605 6.024 -9.0199 4.3116 10.856 -7.1948 1.649 1.1035 -3.0293 2.2181 5.006 -1.9696
