0 0 1 1 61.561 -4.9036 0.63996 -1.3367 0.36322 -0.69304 0.31778 -0.48606 0.136 -0.45217 0.19987 0.19723 0.56116 0.23688
0 0 1 1 59.973 -4.7229 0.48774 -1.2964 0.30146 -0.64782 0.33313 -0.5035 0.12024 -0.52614 0.21228 0.41413 0.73417 0.35651
0 0 1 1 56.938 -4.6479 0.77662 -1.2151 0.619 -0.68424 0.5428 -0.5927 0.44616 -0.52116 0.61903 0.033768 0.91472 0.21125
0 0 1 1 51.225 -4.942 2.0954 -1.4745 2.0681 -1.0959 1.7994 -1.3256 1.9105 -1.4451 2.2446 -0.97901 2.341 0.10276
0 0 1 1 58.288 -4.8588 0.77016 -1.4892 0.78231 -0.97207 0.62025 -0.66918 0.85101 -0.41467 0.56761 -1.3962 -0.30875 -0.97372
0 0 1 1 58.288 -4.8588 0.77016 -1.4892 0.78231 -0.97207 0.62025 -0.66918 0.85101 -0.41467 0.56761 -1.3962 -0.30875 -0.97372
0 0 1 1 62.555 -5.0012 0.65769 -1.3864 0.33559 -0.68569 0.25719 -0.43313 0.14257 -0.49947 0.16302 0.11417 0.47793 0.25192
0 0 1 1 58.359 -5.0256 0.7448 -1.4183 0.46157 -0.82472 0.19705 -0.52583 0.14696 -0.28935 0.068126 -0.48794 -0.12992 -0.20911
0 0 1 1 57.661 -4.6621 0.63697 -1.2576 0.47369 -0.75816 0.32275 -0.62756 0.15887 -0.56718 0.19815 -0.0051713 0.52192 0.25325
0 0 1 1 58.497 -5.3341 0.96422 -1.4784 0.60935 -0.7787 0.33114 -0.45354 0.53415 -0.46657 0.41217 -0.53784 -0.1203 -0.22075
0 0 1 1 61.27 -5.2913 0.87767 -1.4253 0.51418 -0.60458 0.43803 -0.28743 0.23054 -0.40424 0.32669 0.36749 0.5707 0.4092
0 0 1 1 60.415 -5.629 0.99592 -1.5841 0.47718 -0.85228 0.2274 -0.52287 0.11286 -0.26974 0.077001 -0.44007 -0.14873 -0.44154
0 0 1 1 57.378 -4.6729 0.72639 -1.162 0.60068 -0.57568 0.47802 -0.28098 0.52541 -0.06574 0.43271 -0.33187 0.1547 -0.11381
0 0 1 1 57.401 -4.5951 0.70327 -1.1236 0.56516 -0.59895 0.37337 -0.46884 0.41416 -0.25844 0.47339 -0.33337 0.30008 -0.13046
0 0 1 1 64.921 -4.8545 0.5028 -1.3699 0.26693 -0.75927 0.21852 -0.55585 0.058124 -0.15376 -0.065514 -0.41262 -0.26402 -0.27746
0 0 1 1 61.343 -4.9071 0.64294 -1.3086 0.39608 -0.74024 0.2028 -0.4204 0.28288 -0.23586 0.16896 -0.59992 -0.15528 -0.2552
0 0 1 1 56.576 -4.6886 0.90628 -1.2233 0.56876 -0.75479 0.28154 -1.0512 -0.12499 -1.072 0.31418 0.48798 1.3408 0.60123
0 0 1 1 51.885 -4.6394 1.561 -0.96365 1.1826 -0.49289 0.41691 -0.64487 0.49954 -0.4325 1.0239 -0.54071 1.0541 0.19947
0 0 1 1 51.966 -4.7073 1.6632 -1.1137 1.6049 -0.49828 1.2818 -0.39866 1.4991 -0.63413 1.8342 -0.93209 1.6631 -0.035459
0 0 1 1 63.011 -4.8154 0.51993 -1.2943 0.31587 -0.70758 0.15902 -0.40761 0.21389 -0.20019 0.088834 -0.56454 -0.24846 -0.33565
0 0 1 1 54.746 -8.4811 1.5591 -0.89833 1.3052 -0.3038 -1.2213 0.28215 1.7065 -1.1874 0.5856 0.21533 1.2149 -0.68041
0 0 1 1 54.746 -8.4811 1.5591 -0.89833 1.3052 -0.3038 -1.2213 0.28215 1.7065 -1.1874 0.5856 0.21533 1.2149 -0.68041
0 0 1 1 62.307 -4.959 0.6031 -1.3337 0.28785 -0.61072 0.19665 -0.42767 0.15725 -0.44013 0.18535 0.17645 0.4512 0.093395
0 0 1 1 61.833 -4.904 0.58268 -1.3099 0.35994 -0.6878 0.20425 -0.40149 0.30877 -0.207 0.12832 -0.45388 -0.14319 -0.29902
0 0 1 1 55.586 -8.0547 2.6662 -2.2462 1.9865 -1.2227 1.3677 0.44174 -0.15267 0.43486 0.83725 -0.73477 1.5253 -0.51106
0 0 1 1 58.311 -6.6231 2.0931 -2.1852 1.4552 -1.5856 0.65774 0.21062 -0.57242 -0.88314 0.5841 -0.19498 1.6062 0.8939
0 0 1 1 60.761 -5.2745 0.96446 -1.4698 0.5848 -0.76737 0.4361 -0.47863 0.22975 -0.39747 0.3219 0.099746 0.5324 0.24759
0 0 1 1 60.671 -5.1838 0.83806 -1.5019 0.43451 -0.76458 0.34507 -0.56524 0.18281 -0.61898 0.27556 0.23587 0.49586 0.25231
0 0 1 1 63.522 -4.9166 0.54528 -1.3572 0.29974 -0.79742 0.18899 -0.48299 0.21903 -0.23743 0.16337 -0.46782 -0.19791 -0.37578
0 0 1 1 62.495 -4.9942 0.6317 -1.405 0.34096 -0.75194 0.31579 -0.47728 0.15275 -0.44514 0.19258 0.12278 0.40202 0.2037
0 0 1 1 55.093 -8.2464 2.975 -1.3121 1.3832 -1.4702 0.82135 -0.33296 -0.080923 -0.6249 1.647 -0.11104 1.7663 0.75176
0 0 1 1 53.601 -10.193 2.7859 -0.42431 2.0704 -1.6179 0.65177 0.45429 0.2071 -0.15107 2.6492 -0.31434 2.3931 1.4036
0 0 1 1 53.601 -10.193 2.7859 -0.42431 2.0704 -1.6179 0.65177 0.45429 0.2071 -0.15107 2.6492 -0.31434 2.3931 1.4036
0 0 1 1 62.276 -5.5605 0.95027 -1.6329 0.47928 -0.9378 0.27067 -0.65632 0.18883 -0.35122 0.14728 -0.57801 -0.10498 -0.43646
0 0 1 1 51.285 -4.7298 2.3716 -1.2147 2.4437 -0.78723 2.0958 -0.85667 2.2642 -1.0682 2.4006 -1.0869 2.0589 0.20497
0 0 1 1 61.143 -4.8077 0.54662 -1.3022 0.29079 -0.65476 0.22547 -0.46762 0.10024 -0.40735 0.13978 0.11606 0.38856 0.15053
0 0 1 1 65.523 -4.8455 0.48416 -1.349 0.27403 -0.78859 0.11533 -0.49943 0.17698 -0.20417 -0.011932 -0.7138 -0.41964 -0.45997
0 0 1 1 57.021 -4.6708 0.89194 -1.1659 0.5688 -0.56158 0.40562 -0.7217 0.038566 -0.83804 0.42966 0.60676 1.4041 0.77511
0 0 1 1 56.417 -9.681 2.4205 -1.3569 1.0961 -0.12142 0.50909 1.4253 -0.81899 -0.62896 0.53841 0.42544 1.8495 -0.49243
0 0 1 1 58.457 -5.4677 1.0276 -1.7692 0.64578 -0.9088 0.35751 -0.49278 -0.02968 -0.31537 0.20021 0.12247 0.19089 0.54251
0 0 1 1 61.491 -4.9374 0.64957 -1.4034 0.42903 -0.76056 0.37025 -0.51757 0.24442 -0.44469 0.25194 0.01766 0.43465 0.065374
0 0 1 1 59.642 -4.7855 0.5867 -1.2725 0.35696 -0.63295 0.29289 -0.42272 0.14936 -0.36937 0.18695 0.1269 0.43896 0.22901
0 0 1 1 58.49 -4.9815 0.78282 -1.3421 0.55639 -0.75293 0.34447 -0.51894 0.3815 -0.089852 0.29751 -0.71723 -0.2167 -0.53095
0 0 1 1 57.4 -4.8772 0.74783 -1.3592 0.60662 -0.76865 0.42473 -0.38236 0.65549 -0.28485 0.37207 -1.2025 -0.35001 -0.50236
0 0 1 1 57.4 -4.8772 0.74783 -1.3592 0.60662 -0.76865 0.42473 -0.38236 0.65549 -0.28485 0.37207 -1.2025 -0.35001 -0.50236
0 0 1 1 59.082 -4.7707 0.5494 -1.3409 0.46189 -0.8459 0.25941 -0.60377 0.39044 -0.18274 0.20178 -1.1533 -0.63561 -0.83694
0 0 1 1 59.082 -4.7707 0.5494 -1.3409 0.46189 -0.8459 0.25941 -0.60377 0.39044 -0.18274 0.20178 -1.1533 -0.63561 -0.83694
0 0 1 1 58.111 -4.7881 0.64952 -1.2847 0.4579 -0.60188 0.47988 -0.5036 0.21101 -0.41661 0.34344 0.35434 0.76729 0.18387
0 0 1 1 58.952 -4.7241 0.52908 -1.2177 0.33038 -0.64397 0.17937 -0.40025 0.22972 -0.098414 0.16117 -0.42385 -0.14008 -0.2902
0 0 1 1 58.571 -4.7693 0.53173 -1.2601 0.36086 -0.7167 0.16911 -0.39623 0.28983 -0.12657 0.13081 -0.68404 -0.35966 -0.35612
0 0 1 1 56.817 -4.6632 0.6193 -1.2001 0.53379 -0.73031 0.30423 -0.4097 0.40039 -0.1038 0.19242 -1.0005 -0.4382 -0.57715
0 0 1 1 56.88 -4.714 0.80596 -1.1873 0.50489 -0.59256 0.3501 -0.68314 -0.014133 -0.8239 0.28752 0.48446 1.2278 0.72587
0 0 1 1 58.012 -4.7306 0.60045 -1.2874 0.35794 -0.66842 0.27201 -0.53876 0.14011 -0.51759 0.28204 0.14627 0.63539 0.19418
0 0 1 1 57.92 -4.7291 0.79703 -1.2337 0.7006 -0.74026 0.55889 -0.52297 0.57077 -0.29746 0.49372 -0.45148 0.26519 -0.13066
0 0 1 1 54.765 -4.8384 1.3564 -1.4465 1.4345 -0.97487 1.2962 -0.90075 1.5543 -0.66211 1.516 -1.3302 0.85529 -0.75451
0 0 1 1 52.17 -4.8395 1.943 -1.4449 1.7163 -1.0986 1.4268 -1.5545 1.5153 -1.7269 2.1707 -0.65624 2.8679 0.18203
0 0 1 1 61.915 -4.9817 0.65317 -1.4201 0.35358 -0.73365 0.22808 -0.6388 0.1717 -0.3015 0.070586 0.091204 0.37394 -0.025427
0 0 1 1 64.435 -4.7997 0.50409 -1.329 0.31625 -0.76112 0.1912 -0.45672 0.22672 -0.30093 0.12119 -0.54788 -0.13537 -0.31952
0 0 1 1 57.8 -4.9686 0.98545 -1.6103 1.0221 -1.2163 0.85341 -0.9134 0.84932 -0.69528 0.78447 -0.91888 0.44955 -0.56639
0 0 1 1 58.699 -4.8024 0.76014 -1.4455 0.66725 -1.0546 0.51095 -0.73427 0.57507 -0.49538 0.52116 -1.1003 0.042863 -0.69516
0 0 1 1 61.65 -4.7313 0.58027 -1.3829 0.46201 -0.78224 0.52713 -0.63154 0.38778 -0.63312 0.50818 0.048483 0.77456 0.087048
0 0 1 1 58.682 -5.0525 0.88018 -1.3734 0.6164 -0.81999 0.35869 -0.5244 0.39091 -0.205 0.30226 -0.55192 -0.053143 -0.33395
0 0 1 1 57.601 -4.8796 0.92473 -1.4053 0.82026 -0.87074 0.68862 -0.58081 0.77002 -0.49705 0.63409 -0.55092 0.44822 -0.073126
0 0 1 1 57.58 -5.0405 1.2699 -1.406 0.97998 -0.80214 0.72284 -0.61684 0.6893 -0.44559 0.83711 -0.33505 0.82587 0.03451
0 0 1 1 60.353 -4.8703 0.74699 -1.2955 0.60951 -0.64409 0.51278 -0.34486 0.54518 -0.17207 0.45443 -0.42819 0.14988 -0.2877
0 0 1 1 58.286 -4.7624 0.84966 -1.2936 0.74219 -0.70391 0.71324 -0.61534 0.57459 -0.65825 0.68691 0.092073 1.0532 0.23712
0 0 1 1 63.439 -4.9731 0.63107 -1.3588 0.34699 -0.6768 0.27722 -0.42445 0.14538 -0.3573 0.14609 0.10602 0.3176 0.11437
0 0 1 1 62.082 -5.2746 0.75242 -1.5212 0.40285 -0.79529 0.29586 -0.5203 0.22443 -0.45235 0.15398 -0.015287 0.37996 -0.030597
0 0 1 1 54.729 -9.0642 1.9126 -1.9649 1.7739 -0.4163 -0.6097 -0.65599 0.70869 0.33657 1.4509 0.6816 1.5217 -0.91647
0 0 1 1 59.642 -4.8436 0.56771 -1.3762 0.35415 -0.74786 0.31141 -0.55919 0.18352 -0.4676 0.2142 -0.023333 0.39606 -0.0059674
0 0 1 1 58.943 -6.2894 1.6877 -2.263 0.91716 -1.1776 0.50871 -0.58663 -0.20486 -0.21186 0.59887 -0.3245 0.50236 -0.038054
0 0 1 1 60.957 -5.2344 0.83289 -1.5761 0.49374 -0.85651 0.29631 -0.46409 0.36416 -0.47236 0.045838 -0.41135 -0.086224 -0.50738
0 0 1 1 57.148 -4.8655 0.86432 -1.1919 0.66422 -0.48779 0.60595 -0.28556 0.48652 -0.34411 0.55481 0.20019 0.89593 0.37981
0 0 1 1 56.685 -4.7658 0.83362 -1.3131 0.89404 -0.74821 0.81278 -0.52369 1.0204 -0.29675 0.705 -1.2336 -0.12993 -0.77422
0 0 1 1 52.041 -4.8283 1.9714 -1.4774 2.1454 -1.0584 1.9602 -1.1463 2.0245 -1.1032 2.0832 -1.2937 1.4727 -0.36562
0 0 1 1 51.925 -4.8713 1.9807 -1.283 1.7297 -0.98996 1.232 -1.3531 1.2012 -1.3734 1.8343 -0.78187 2.0499 -0.023071
0 0 1 1 62.776 -4.5465 0.40628 -1.191 0.248 -0.61737 0.21322 -0.44801 0.12891 -0.42029 0.19083 0.092033 0.45753 0.14869
0 0 1 1 59.105 -5.4934 1.189 -1.6266 0.69845 -0.95214 0.60389 -0.81289 0.50785 -0.67573 0.41546 0.01852 0.60491 0.085059
0 0 1 1 63.015 -4.9297 0.62629 -1.3521 0.36532 -0.69638 0.31989 -0.44472 0.20235 -0.43711 0.22406 0.0040391 0.40021 0.11504
0 0 1 1 62.29 -5.1914 0.77362 -1.4502 0.41864 -0.79879 0.21054 -0.50035 0.20522 -0.21413 0.13114 -0.46627 -0.14524 -0.3225
0 0 1 1 54.847 -7.4233 2.5397 -1.9862 0.90179 -0.15872 0.37515 -0.7759 0.52403 -0.49801 1.7876 -1.1784 0.84757 -0.089366
0 0 1 1 53.03 -9.881 2.8261 -1.3308 1.3053 -0.16618 0.75776 -1.5249 0.23769 0.063576 2.4791 -0.33894 1.7715 1.7877
0 0 1 1 57.356 -5.7997 1.4214 -1.5166 0.70312 -0.92782 0.58705 -0.44216 -0.16848 -0.55492 0.78368 0.15963 1.0759 0.45493
0 0 1 1 62.268 -5.0414 0.66855 -1.4354 0.38871 -0.76316 0.2665 -0.46846 0.12229 -0.51323 0.22273 0.16192 0.44616 0.22945
0 0 1 1 56.398 -8.664 1.687 -1.0707 1.1593 -1.0429 0.65232 -0.19416 1.6333 -1.7407 1.0647 0.47186 -0.45317 -0.22775
0 0 1 1 61.436 -5.3906 0.91092 -1.4442 0.42471 -0.6311 0.41715 -0.51577 0.31057 -0.40796 0.31544 0.16202 0.54716 0.057027
0 0 1 1 52.081 -4.0934 1.734 -0.1154 1.4198 0.64335 0.76139 0.70082 0.92793 0.72136 1.6345 0.40187 1.6311 0.98484
0 0 1 1 59.418 -5.0268 0.83981 -1.2997 0.45904 -0.58871 0.29909 -0.39582 0.1185 -0.31637 0.26245 0.23303 0.53899 0.25865
0 0 1 1 60.062 -5.057 0.74925 -1.3893 0.43586 -0.55962 0.38121 -0.30521 0.24428 -0.16966 0.28165 0.27929 0.53382 0.24091
0 0 1 1 63.282 -4.8111 0.52752 -1.2852 0.27747 -0.60024 0.24046 -0.42656 0.054895 -0.46011 0.1407 0.33328 0.58656 0.32982
0 0 1 1 52.914 -4.4243 1.0649 -0.68664 0.99549 0.0091862 0.6391 0.20041 0.73269 0.3713 0.82572 -0.29555 0.43574 0.14663
0 0 1 1 60.988 -4.8371 0.48965 -1.3197 0.23212 -0.78463 0.053858 -0.51648 0.084823 -0.22313 0.0026205 -0.60104 -0.29828 -0.38276
0 0 1 1 57.627 -5.3738 1.1917 -1.2739 0.661 -0.60998 0.32291 -0.57149 0.023742 -0.42035 0.3062 0.44341 0.83887 0.50006
0 0 1 1 56.118 -8.7214 2.7037 -1.2849 0.41045 -1.0572 2.071 -1.522 0.14858 0.66725 -1.8456 1.9233 0.85735 -0.089214
0 0 1 1 54.034 -4.4516 1.0432 -0.71302 0.86421 -0.022451 0.5295 0.10785 0.63677 0.12259 0.74328 -0.3201 0.43827 0.11498
0 0 1 1 62.017 -4.7193 0.51277 -1.2356 0.26837 -0.62122 0.17886 -0.43067 -0.02222 -0.42201 0.14468 0.23698 0.40978 0.19008
0 0 1 1 59.615 -4.7375 0.55928 -1.2103 0.36164 -0.51296 0.36067 -0.27262 0.21309 -0.26517 0.33227 0.384 0.64185 0.28942
0 0 1 1 60.26 -4.7782 0.6603 -1.2174 0.37491 -0.60206 0.22206 -0.40543 0.11075 -0.355 0.19719 0.12053 0.48705 0.25002
0 0 1 1 57.517 -4.8446 0.86421 -1.089 0.68397 -0.33144 0.577 0.00017464 0.71512 0.11358 0.55245 -0.21017 0.14269 -0.0074006
0 0 1 1 59.207 -5.085 0.87513 -1.2905 0.47774 -0.57136 0.3501 -0.44064 0.10337 -0.33961 0.28749 0.4023 0.69772 0.31378
0 0 1 1 60.115 -4.6783 0.55707 -1.1905 0.37599 -0.55536 0.31213 -0.37127 0.15875 -0.3528 0.24362 0.15525 0.50441 0.22211
0 0 1 1 58.241 -4.9166 0.83013 -1.3176 0.56734 -0.66522 0.3133 -0.36797 0.23989 -0.21149 0.25231 -0.27688 0.18886 0.031054
0 0 1 1 59.934 -4.7875 0.71444 -1.1794 0.41018 -0.59075 0.27305 -0.40538 0.10371 -0.29178 0.23057 0.22104 0.49315 0.30056
0 0 1 1 51.422 -3.9312 2.0053 -0.03711 1.3864 0.31336 0.28686 -0.24848 0.18142 -0.59562 1.1683 0.68574 2.4143 1.7514
