1 0 1 1 50.739 -4.721 0.62101 -1.0425 0.20325 -0.16238 -0.026395 0.021778 0.30499 -0.17781 0.72212 -0.46853 0.59554 -0.1885
1 0 1 1 49.986 -4.7896 0.76938 -0.984 0.099677 0.097228 -0.25069 0.01879 -0.019345 -0.89473 0.92628 -0.010209 1.6172 0.48447
1 0 1 1 49.19 -4.7344 0.99596 -0.75653 0.21434 0.29133 -0.047014 0.18848 0.26329 -0.50728 1.2475 -0.065681 1.641 0.31599
1 0 1 1 47.697 -4.9703 1.3819 -0.73841 0.60526 0.26007 0.015733 0.30006 0.65011 -0.19271 1.5529 -1.0569 1.1859 -0.086946
1 0 1 1 51.463 -4.865 0.66787 -1.246 0.21266 -0.30649 -0.064693 -0.10871 0.15493 -0.33086 0.55016 -0.47683 0.56201 -0.23564
1 0 1 1 51.075 -4.6609 0.76184 -0.92664 0.34131 0.071408 0.19273 0.18796 0.33322 -0.30947 0.95524 0.29243 1.3771 0.48652
1 0 1 1 52.512 -5.0705 0.79591 -1.2215 0.42169 -0.39228 0.097286 -0.10161 0.35816 -0.025476 0.44917 -1.1014 -0.26026 -0.77561
1 0 1 1 52.512 -5.0705 0.79591 -1.2215 0.42169 -0.39228 0.097286 -0.10161 0.35816 -0.025476 0.44917 -1.1014 -0.26026 -0.77561
1 0 1 1 52.512 -5.0705 0.79591 -1.2215 0.42169 -0.39228 0.097286 -0.10161 0.35816 -0.025476 0.44917 -1.1014 -0.26026 -0.77561
1 0 1 1 52.106 -4.6614 0.90172 -0.89162 0.89557 -0.16565 0.72247 0.21944 0.97939 0.46922 0.83872 -0.68055 0.00089487 -0.42927
1 0 1 1 52.106 -4.6614 0.90172 -0.89162 0.89557 -0.16565 0.72247 0.21944 0.97939 0.46922 0.83872 -0.68055 0.00089487 -0.42927
1 0 1 1 55.101 -4.663 0.5274 -1.1439 0.36739 -0.52255 0.19434 -0.195 0.37201 -0.066936 0.31599 -0.70579 -0.1209 -0.39554
1 0 1 1 53.791 -4.6533 0.77008 -0.98771 0.50322 -0.12879 0.39619 -0.00042641 0.36753 -0.10129 0.68393 0.51722 1.1176 0.46668
1 0 1 1 55.719 -4.7294 0.57523 -1.1617 0.3525 -0.4314 0.36558 -0.17005 0.26287 -0.16854 0.3733 0.30221 0.60736 0.25064
1 0 1 1 52.818 -4.5798 0.70384 -1.0088 0.50172 -0.3391 0.41865 -0.24863 0.17022 -0.45192 0.42322 0.60151 1.1463 0.76142
1 0 1 1 52.648 -4.695 0.62065 -1.0988 0.31948 -0.37979 0.082528 -0.082665 0.31373 -0.02416 0.42183 -0.5064 0.14224 -0.19312
1 0 1 1 52.493 -4.9835 0.85657 -1.3317 0.4403 -0.57797 0.24697 -0.49465 -0.0039187 -0.91635 0.22645 0.38076 1.1303 0.75833
1 0 1 1 52.56 -4.7453 0.51978 -1.2394 0.27392 -0.63901 -0.0018242 -0.33354 0.22404 -0.12284 0.25312 -0.91049 -0.32238 -0.54738
1 0 1 1 53.705 -4.8009 0.55075 -1.2508 0.36726 -0.64837 0.17827 -0.2969 0.32313 -0.167 0.12248 -0.87757 -0.38488 -0.46626
1 0 1 1 53.365 -4.7773 0.75112 -1.1352 0.55039 -0.55304 0.35067 -0.23565 0.42203 -0.11272 0.29647 -0.39464 0.050051 0.01482
1 0 1 1 53.525 -4.7455 0.79426 -1.2197 0.33108 -0.61691 0.052306 -0.83335 -0.4191 -0.8962 0.095649 0.46209 1.1408 0.57229
1 0 1 1 55.394 -4.5951 0.45864 -1.1391 0.25627 -0.4508 0.25983 -0.2216 0.26033 -0.2486 0.38691 0.10522 0.52709 0.14556
1 0 1 1 55.445 -4.6746 0.60523 -1.156 0.31875 -0.4049 0.26571 -0.34128 0.016502 -0.5693 0.28847 0.49996 0.99779 0.53789
1 0 1 1 51.733 -4.8502 0.97354 -1.2163 0.65933 -0.71299 0.44372 -0.61273 0.19803 -0.78823 0.38766 0.31192 1.1873 0.83749
1 0 1 1 53.205 -5.1048 0.83262 -1.3274 0.60527 -0.61387 0.4958 -0.16699 0.61243 0.15238 0.34607 -0.74648 -0.37866 -0.59818
1 0 1 1 53.205 -5.1048 0.83262 -1.3274 0.60527 -0.61387 0.4958 -0.16699 0.61243 0.15238 0.34607 -0.74648 -0.37866 -0.59818
1 0 1 1 55.6 -5.0294 0.72285 -1.3174 0.42999 -0.68751 0.1273 -0.40136 0.25621 -0.013493 0.17033 -0.86482 -0.4388 -0.6491
1 0 1 1 55.6 -5.0294 0.72285 -1.3174 0.42999 -0.68751 0.1273 -0.40136 0.25621 -0.013493 0.17033 -0.86482 -0.4388 -0.6491
1 0 1 1 52.806 -4.6687 0.64198 -1.1537 0.18375 -0.49375 -0.054326 -0.54871 -0.31118 -0.90875 0.22951 0.34572 1.1591 0.60013
1 0 1 1 52.661 -5.016 0.87217 -1.3034 0.57081 -0.70915 0.34006 -0.35531 0.38412 -0.20578 0.25597 -0.42909 0.1588 0.039403
1 0 1 1 52.255 -4.8954 0.85996 -1.1966 0.57133 -0.5162 0.27027 -0.36669 0.33418 -0.11158 0.43718 -0.60219 0.15093 -0.40017
1 0 1 1 51.842 -4.8889 0.82011 -1.196 0.62384 -0.54912 0.43333 -0.26559 0.60518 -0.059023 0.44938 -0.92178 -0.23236 -0.4839
1 0 1 1 54.432 -4.8541 0.72538 -1.3057 0.41894 -0.70315 0.2879 -0.50152 0.20819 -0.62744 0.27257 -0.0060003 0.64045 0.37658
1 0 1 1 56.126 -5.0248 0.70414 -1.2868 0.45062 -0.68078 0.22481 -0.39481 0.22725 0.09233 0.052621 -0.81383 -0.66175 -0.79744
1 0 1 1 56.126 -5.0248 0.70414 -1.2868 0.45062 -0.68078 0.22481 -0.39481 0.22725 0.09233 0.052621 -0.81383 -0.66175 -0.79744
1 0 1 1 56.107 -4.8775 0.63682 -1.3151 0.3998 -0.65111 0.35098 -0.35185 0.31168 -0.37917 0.30777 0.083386 0.47478 0.23873
1 0 1 1 53.759 -5.2095 1.2126 -1.2466 0.75456 -0.60117 0.52781 -0.53169 0.27155 -0.66989 0.4202 0.32351 1.1154 0.76107
1 0 1 1 58.526 -4.8079 0.55633 -1.2685 0.38348 -0.6708 0.24986 -0.38559 0.30993 -0.12221 0.1745 -0.53568 -0.20693 -0.3405
1 0 1 1 59.403 -4.7407 0.49854 -1.269 0.33433 -0.70175 0.20986 -0.39831 0.27825 -0.17106 0.17151 -0.49342 -0.13589 -0.29888
1 0 1 1 55.273 -4.6945 0.71145 -1.2351 0.66184 -0.64642 0.48264 -0.36362 0.53892 -0.097513 0.35948 -0.73726 -0.17935 -0.46651
1 0 1 1 56.352 -5.2915 0.98316 -1.5648 0.55096 -0.94569 0.30658 -0.64181 0.20555 -0.79091 0.18573 -0.26697 0.5434 0.3447
1 0 1 1 56.804 -4.9287 0.69135 -1.3277 0.53988 -0.73155 0.37511 -0.37306 0.55955 0.077444 0.31889 -0.90678 -0.48434 -0.70001
1 0 1 1 56.804 -4.9287 0.69135 -1.3277 0.53988 -0.73155 0.37511 -0.37306 0.55955 0.077444 0.31889 -0.90678 -0.48434 -0.70001
1 0 1 1 54.396 -5.5756 1.4107 -1.3054 1.0574 -0.51572 0.79561 -0.12841 0.87113 0.074512 0.61108 -0.67215 -0.045465 -0.25174
1 0 1 1 57.8 -4.9458 0.73181 -1.3363 0.42759 -0.655 0.38461 -0.55354 0.074771 -0.7665 0.17988 0.53937 0.97783 0.69449
1 0 1 1 57.343 -4.9876 0.78195 -1.3288 0.5957 -0.78712 0.32041 -0.46925 0.45723 -0.15886 0.24477 -1.0206 -0.38131 -0.56235
1 0 1 1 55.275 -4.9514 0.77431 -1.4127 0.52724 -0.92702 0.25223 -0.67369 0.53258 -0.49472 0.32981 -1.3385 -0.40085 -0.5788
1 0 1 1 55.275 -4.9514 0.77431 -1.4127 0.52724 -0.92702 0.25223 -0.67369 0.53258 -0.49472 0.32981 -1.3385 -0.40085 -0.5788
1 0 1 1 59.495 -4.6103 0.50413 -1.1672 0.33412 -0.54989 0.32297 -0.41549 0.12237 -0.49175 0.22757 0.38036 0.708 0.41187
1 0 1 1 55.925 -5.1389 0.95851 -1.3021 0.74146 -0.61983 0.52197 -0.22894 0.60533 0.10952 0.33826 -0.79548 -0.38171 -0.60838
1 0 1 1 55.925 -5.1389 0.95851 -1.3021 0.74146 -0.61983 0.52197 -0.22894 0.60533 0.10952 0.33826 -0.79548 -0.38171 -0.60838
1 0 1 1 51.601 -5.1312 1.9578 -1.1345 1.5337 -0.77733 1.1219 -0.79353 0.83822 -0.71415 1.0529 0.3791 1.7862 1.2504
1 0 1 1 53.167 -4.7013 1.1605 -1.1841 0.86135 -0.75094 0.55502 -0.95691 0.31188 -0.90478 0.66236 0.16431 1.1841 0.58298
1 0 1 1 53.794 -4.6685 1.1819 -1.0799 1.1397 -0.49598 1.0303 -0.26659 1.1104 0.0085465 0.87508 -0.74816 0.17577 -0.12752
1 0 1 1 53.794 -4.6685 1.1819 -1.0799 1.1397 -0.49598 1.0303 -0.26659 1.1104 0.0085465 0.87508 -0.74816 0.17577 -0.12752
1 0 1 1 53.961 -5.1734 1.5123 -1.1629 1.1042 -0.54822 0.78984 -0.58486 0.45062 -0.25607 0.87935 0.51196 1.4522 0.61835
1 0 1 1 55.753 -4.7703 0.78912 -1.1701 0.58546 -0.61783 0.35132 -0.42367 0.34488 -0.13086 0.31837 -0.46958 0.049251 -0.17809
1 0 1 1 60.318 -4.7843 0.4323 -1.305 0.22724 -0.76576 0.063754 -0.45764 0.1514 -0.12946 0.015525 -0.72845 -0.468 -0.55604
1 0 1 1 54.676 -4.9142 0.82702 -1.2512 0.68541 -0.52569 0.55894 -0.1361 0.66348 0.28858 0.53108 -0.48026 -0.084345 -0.51836
1 0 1 1 54.676 -4.9142 0.82702 -1.2512 0.68541 -0.52569 0.55894 -0.1361 0.66348 0.28858 0.53108 -0.48026 -0.084345 -0.51836
1 0 1 1 53.964 -5.1516 1.2814 -1.2502 0.843 -0.65235 0.53558 -0.67771 0.16973 -0.53145 0.48526 0.16095 0.7366 0.59754
1 0 1 1 52.651 -5.0334 1.2687 -1.4327 1.1577 -0.94598 0.84592 -0.55027 0.95664 -0.26956 0.48063 -0.77983 0.18502 0.014481
1 0 1 1 55.097 -4.693 0.93345 -1.2479 0.59202 -0.68942 0.29555 -0.95964 -0.1704 -0.92788 0.26746 0.52744 1.2943 0.74969
1 0 1 1 56.106 -4.6427 0.74391 -1.1288 0.58438 -0.47202 0.45466 -0.33766 0.35943 -0.30945 0.46252 0.1272 0.75094 0.28851
1 0 1 1 54.35 -5.0444 1.1296 -1.3552 0.78746 -0.65179 0.506 -0.68358 0.32487 -0.50031 0.69429 -0.023502 0.94403 0.0047614
1 0 1 1 56.556 -4.6645 0.68743 -1.1023 0.60178 -0.55449 0.37986 -0.3022 0.47097 0.052355 0.35175 -0.7062 -0.24587 -0.42877
1 0 1 1 54.811 -4.8427 0.88756 -1.3057 0.57667 -0.79559 0.33418 -0.71489 0.25094 -0.5944 0.41267 -0.29495 0.55444 0.01125
1 0 1 1 54.344 -4.681 0.91837 -1.2436 0.62418 -0.78441 0.36332 -0.95296 0.018847 -1.0473 0.43274 0.33007 1.3626 0.60296
1 0 1 1 56.752 -4.8134 0.71218 -1.2443 0.51575 -0.5921 0.44362 -0.404 0.31303 -0.35174 0.35801 0.16614 0.6079 0.23609
1 0 1 1 54.921 -5.9319 1.5557 -1.2398 0.96947 -0.4577 0.64728 -0.15383 0.69463 0.19956 0.55681 -0.49276 -0.050398 -0.21617
1 0 1 1 54.921 -5.9319 1.5557 -1.2398 0.96947 -0.4577 0.64728 -0.15383 0.69463 0.19956 0.55681 -0.49276 -0.050398 -0.21617
1 0 1 1 57.037 -4.8589 0.71597 -1.3383 0.36424 -0.74258 0.18509 -0.63225 0.039742 -0.88125 0.22169 0.1174 0.83804 0.47528
1 0 1 1 58.002 -4.7477 0.57409 -1.184 0.47132 -0.58901 0.26493 -0.21868 0.47794 -0.070411 0.24677 -0.85058 -0.3547 -0.42937
1 0 1 1 55.456 -5.089 1.166 -1.5375 0.77763 -1.0346 0.56396 -1.0526 0.24857 -1.4235 0.48655 0.13884 1.4765 0.73839
1 0 1 1 54.934 -4.8208 0.98341 -1.5144 0.80974 -0.9207 0.6692 -0.91386 0.92716 -0.63496 0.8007 -1.2063 0.21359 -0.68032
1 0 1 1 54.934 -4.8208 0.98341 -1.5144 0.80974 -0.9207 0.6692 -0.91386 0.92716 -0.63496 0.8007 -1.2063 0.21359 -0.68032
1 0 1 1 56.731 -4.7946 0.61337 -1.4598 0.51475 -1.0387 0.32952 -0.83317 0.43798 -0.53661 0.31738 -1.0453 -0.12024 -0.70752
1 0 1 1 56.507 -4.7183 0.89762 -1.3451 0.71192 -0.89285 0.5975 -0.94534 0.1911 -1.0687 0.39843 0.41553 1.3563 0.66522
1 0 1 1 56.367 -4.7628 0.73596 -1.3336 0.70639 -0.79056 0.66419 -0.44509 0.76628 -0.2033 0.61996 -0.48559 0.20687 -0.28121
1 0 1 1 56.557 -4.9556 0.99549 -1.4398 0.72702 -0.85044 0.62582 -1.0106 0.25068 -0.93288 0.5336 0.32455 1.2963 0.33995
1 0 1 1 57.714 -4.6943 0.54486 -1.2626 0.3416 -0.69775 0.25316 -0.55622 0.11401 -0.47064 0.1962 0.03454 0.4628 0.1074
1 0 1 1 54.599 -4.6793 1.0421 -1.1721 0.77301 -0.68201 0.60643 -0.71376 0.44619 -0.69341 0.72459 0.089598 1.1515 0.30202
1 0 1 1 54.112 -5.2181 1.1749 -1.4623 0.95393 -0.79351 0.7214 -0.57234 0.84231 -0.11804 0.72957 -1.0555 0.030005 -0.80194
1 0 1 1 53.31 -4.7622 1.0996 -1.3572 0.88684 -1.0331 0.62775 -1.1094 0.51733 -1.1176 0.7438 -0.25596 1.247 0.25781
1 0 1 1 54.59 -5.3995 1.4313 -1.403 1.1308 -0.81684 0.92456 -0.49704 1.0039 -0.23277 0.79716 -0.92125 0.21961 -0.28524
1 0 1 1 52.386 -4.9479 1.6446 -1.2794 1.4146 -0.84708 1.0226 -0.712 1.0888 -0.86916 1.2556 -0.49834 1.4632 0.40771
1 0 1 1 58.695 -4.6405 0.58919 -1.2113 0.38079 -0.59435 0.35243 -0.56439 0.048707 -0.6293 0.29868 0.50277 0.98355 0.47403
1 0 1 1 60.234 -4.7405 0.50682 -1.2445 0.39297 -0.74755 0.18619 -0.45114 0.36294 -0.18279 0.14104 -1.0206 -0.50471 -0.6396
1 0 1 1 53.873 -4.7088 1.2165 -1.3688 1.2021 -0.99773 1.0738 -1.0195 1.0765 -1.0414 1.2535 -0.42917 1.4728 0.20864
1 0 1 1 55.814 -4.7573 0.87043 -1.4634 0.69189 -1.0377 0.6056 -1.0688 0.45558 -1.0702 0.67537 -0.31986 1.0484 0.026018
1 0 1 1 57.59 -4.8822 0.65154 -1.4607 0.53014 -0.96655 0.38337 -0.65292 0.53884 -0.40971 0.38378 -1.0011 -0.17753 -0.65231
1 0 1 1 51.245 -4.8461 1.6934 -1.6442 1.6289 -1.332 1.3138 -1.3527 1.263 -1.2213 1.3706 -1.1347 1.2532 -0.27176
1 0 1 1 54.789 -5.0072 1.154 -1.3775 0.82201 -0.91521 0.47513 -0.90919 0.30939 -0.96527 0.5743 -0.054826 1.2041 0.51777
1 0 1 1 58.302 -4.6641 0.67969 -1.3013 0.44242 -0.78163 0.35284 -0.90869 -0.1418 -0.92911 0.19449 0.4193 1.1351 0.54558
1 0 1 1 57.131 -4.9996 0.9868 -1.3115 0.69369 -0.71637 0.46656 -0.47186 0.42078 -0.56671 0.45809 -0.035778 0.77311 0.51501
1 0 1 1 58.821 -4.6618 0.51957 -1.2523 0.36197 -0.74946 0.17836 -0.54166 0.24065 -0.35452 0.19419 -0.55999 -0.0087646 -0.25584
1 0 1 1 51.785 -5.09 1.801 -1.4128 1.8637 -0.85799 1.8599 -0.6394 2.0024 -0.39387 1.7135 -0.87197 0.86252 -0.34951
1 0 1 1 53.482 -4.8386 1.2724 -1.4842 1.3783 -1.1112 1.2588 -0.92427 1.3831 -0.50875 1.2721 -0.80731 0.73017 -0.37471
1 0 1 1 53.583 -5.6596 1.8186 -1.5397 1.3958 -0.98446 1.1537 -0.85524 1.1225 -0.72786 1.1833 -0.31942 1.3223 0.24614
1 0 1 1 53.806 -4.9348 1.4599 -1.2827 1.272 -0.73881 1.0619 -0.7206 0.90699 -0.8547 1.1242 0.056965 1.6571 0.6102
1 0 1 1 59.005 -4.7115 0.52803 -1.2306 0.39964 -0.62736 0.31713 -0.28679 0.40657 -0.13523 0.28549 -0.43393 -0.018581 -0.18073
1 0 1 1 56.013 -5.094 1.0516 -1.3273 0.89252 -0.64621 0.74234 -0.40323 0.79 -0.042065 0.61113 -0.79158 -0.032799 -0.67909
1 0 1 1 56.013 -5.094 1.0516 -1.3273 0.89252 -0.64621 0.74234 -0.40323 0.79 -0.042065 0.61113 -0.79158 -0.032799 -0.67909
1 0 1 1 52.729 -4.5684 0.97693 -1.2606 0.8408 -0.83494 0.58853 -0.8783 0.51838 -0.76332 0.80346 -0.48044 0.84171 -0.082084
1 0 1 1 53.581 -5.0068 1.3488 -1.1427 1.0252 -0.62264 0.78629 -0.64083 0.4153 -0.57126 0.67949 0.58693 1.4077 0.82782
1 0 1 1 56.251 -5.3259 1.2279 -1.3396 0.82231 -0.70981 0.58894 -0.50739 0.48209 -0.40688 0.44053 0.035142 0.84676 0.4193
1 0 1 1 54.357 -4.6897 1.2053 -1.1723 0.97398 -0.70971 0.74339 -0.83127 0.43618 -0.88909 0.76679 0.27791 1.5484 0.72901
1 0 1 1 55.65 -4.7027 0.97482 -1.244 0.95527 -0.78746 0.73713 -0.51344 0.89966 -0.30857 0.69148 -0.99853 0.1011 -0.35713
1 0 1 1 57.591 -4.7142 0.72809 -1.2047 0.44043 -0.67644 0.28917 -0.61026 0.038385 -0.49629 0.25765 0.23915 0.68902 0.32255
1 0 1 1 54.91 -5.0007 1.4302 -1.2275 0.93688 -0.62546 0.59867 -0.91524 0.010137 -0.83244 0.67345 0.4869 1.6251 0.82909
1 0 1 1 56.602 -5.0046 1.0827 -1.2913 0.69418 -0.62374 0.44909 -0.49143 0.22244 -0.76199 0.42058 0.379 1.219 0.81608
1 0 1 1 54.45 -4.921 1.1113 -1.285 1.024 -0.6759 0.80368 -0.39959 0.99018 -0.21254 0.81063 -0.9494 0.29287 -0.49345
1 0 1 1 54.45 -4.921 1.1113 -1.285 1.024 -0.6759 0.80368 -0.39959 0.99018 -0.21254 0.81063 -0.9494 0.29287 -0.49345
1 0 1 1 58.52 -4.6631 0.5644 -1.1768 0.42216 -0.55646 0.38838 -0.32303 0.29219 -0.30188 0.31627 0.16036 0.513 0.22878
1 0 1 1 57.399 -4.6434 0.75755 -1.1612 0.52475 -0.55495 0.44229 -0.56243 0.14037 -0.69831 0.40156 0.5832 1.2201 0.68797
1 0 1 1 55.78 -4.7819 0.90882 -1.1955 0.8748 -0.60051 0.65454 -0.34182 0.77318 -0.092095 0.61639 -1.0064 -0.13852 -0.62223
1 0 1 1 55.78 -4.7819 0.90882 -1.1955 0.8748 -0.60051 0.65454 -0.34182 0.77318 -0.092095 0.61639 -1.0064 -0.13852 -0.62223
1 0 1 1 54.496 -4.7019 0.99205 -1.1901 0.94574 -0.62269 0.78079 -0.33504 1.0271 -0.12035 0.89747 -0.82233 0.2522 -0.3607
1 0 1 1 54.496 -4.7019 0.99205 -1.1901 0.94574 -0.62269 0.78079 -0.33504 1.0271 -0.12035 0.89747 -0.82233 0.2522 -0.3607
1 0 1 1 55.316 -4.6926 0.80711 -1.2339 0.52643 -0.65351 0.38623 -0.77855 0.11207 -0.78717 0.43211 0.24179 1.0311 0.33667
1 0 1 1 54.244 -4.6702 0.96613 -1.202 0.75772 -0.75964 0.48711 -0.69176 0.35107 -0.64844 0.50445 -0.024571 0.88256 0.41369
1 0 1 1 56.788 -4.6882 0.5134 -1.3646 0.40882 -0.96404 0.16266 -0.7486 0.25041 -0.38503 0.1199 -0.95368 -0.38455 -0.59424
