0 1 1 1 68.535 -12.843 -2.4984 6.0271 0.6436 2.0046 -0.25651 5.1077 -2.7802 -4.5197 -3.2497 1.0819 -2.7749 -4.8756
0 1 1 1 70.289 -11.604 -0.48745 4.7576 3.7799 4.815 -4.6329 -4.7533 -3.6209 -0.6991 -5.7103 4.5906 -1.7972 1.5622
0 1 1 1 71.316 -13.589 1.7359 8.9438 -2.3768 0.25111 2.6188 -7.349 0.74931 -0.65736 -1.5156 -2.6327 2.1076 -0.15364
0 1 1 1 71.316 -13.589 1.7359 8.9438 -2.3768 0.25111 2.6188 -7.349 0.74931 -0.65736 -1.5156 -2.6327 2.1076 -0.15364
0 1 1 1 70.147 -11.142 -0.7811 6.417 0.6716 3.6627 -5.8843 -0.6359 -2.6933 -5.2722 -7.5741 5.5223 -0.67911 1.2244
0 1 1 1 70.147 -11.142 -0.7811 6.417 0.6716 3.6627 -5.8843 -0.6359 -2.6933 -5.2722 -7.5741 5.5223 -0.67911 1.2244
0 1 1 1 71.807 -14.77 0.044596 7.245 -2.2851 4.5674 -3.5586 1.5812 2.9979 -3.8369 -7.3028 4.4893 -4.0836 -2.9773
0 1 1 1 71.807 -14.77 0.044596 7.245 -2.2851 4.5674 -3.5586 1.5812 2.9979 -3.8369 -7.3028 4.4893 -4.0836 -2.9773
0 1 1 1 72.861 -16.092 0.92716 3.5183 4.1757 7.777 -3.8404 -5.1759 1.1584 0.90635 -9.2786 9.5405 -4.6988 -1.5778
0 1 1 1 72.861 -16.092 0.92716 3.5183 4.1757 7.777 -3.8404 -5.1759 1.1584 0.90635 -9.2786 9.5405 -4.6988 -1.5778
0 1 1 1 70.176 -12.875 0.21219 4.9885 -1.4661 2.2615 -3.396 -2.8554 0.51846 -2.4225 -9.4139 4.3928 -5.9644 -1.5748
0 1 1 1 70.176 -12.875 0.21219 4.9885 -1.4661 2.2615 -3.396 -2.8554 0.51846 -2.4225 -9.4139 4.3928 -5.9644 -1.5748
0 1 1 1 72.405 -16.197 -1.3545 4.9908 -0.46568 2.6324 -1.7276 -1.8876 -2.4997 -3.0379 -6.544 7.5817 -1.8551 -1.1623
0 1 1 1 72.405 -16.197 -1.3545 4.9908 -0.46568 2.6324 -1.7276 -1.8876 -2.4997 -3.0379 -6.544 7.5817 -1.8551 -1.1623
0 1 1 1 70.463 -16.792 -0.73664 5.1581 1.6833 0.39581 -1.4265 -1.5616 0.26607 0.046772 -5.5099 6.7107 -1.192 2.1334
0 1 1 1 70.463 -16.792 -0.73664 5.1581 1.6833 0.39581 -1.4265 -1.5616 0.26607 0.046772 -5.5099 6.7107 -1.192 2.1334
0 1 1 1 68.198 -12.814 -0.5596 1.4059 1.8656 4.5791 -1.5642 -0.35687 -4.4489 0.25087 -4.0463 6.035 -5.7146 -1.2509
