1 0 1 2 78.872 -8.4707 4.9008 -0.63493 3.4026 -0.88749 -0.36787 -2.6405 5.9525 2.8196 0.95963 -1.1355 -0.2979 -0.73632
1 0 1 2 78.115 -7.1825 3.9246 -0.94239 4.0217 0.14852 -0.84707 -1.3514 3.9269 2.8335 1.2201 -1.323 -0.41897 -0.79661
1 0 1 2 76.166 -4.6775 3.6017 -0.67274 6.2815 -0.39075 1.0911 0.52358 0.28092 0.57847 0.43588 1.9848 -1.8068 -0.43913
1 0 1 2 75.94 -4.7074 4.1086 -0.51033 5.1634 -0.53923 1.0415 0.79279 0.40044 0.30824 -0.0073838 0.4803 -1.2703 -0.25491
1 0 1 2 75.82 -4.9248 4.5204 -0.30624 3.7534 -0.12801 0.67915 1.3197 0.50144 1.1926 -0.11792 -1.3343 -1.387 0.51897
1 0 1 2 75.905 -5.0364 4.3617 -0.16869 3.2619 0.71847 0.33117 2.2924 0.71748 1.0813 0.45142 -1.553 -1.5201 0.51046
1 0 1 2 76.745 -4.8091 3.7905 0.33319 2.7637 2.1126 1.6525 1.9569 -0.21554 -0.77381 2.8124 0.73765 -0.65873 -0.80949
1 0 1 2 77.48 -5.4561 4.6153 0.74464 0.68469 1.6978 2.4678 -0.35139 0.42983 0.22247 3.5806 2.3216 -0.18554 -0.39982
1 0 1 2 77.901 -6.0748 5.2129 0.80661 -0.58329 1.1216 2.7759 -1.1858 1.2264 0.76358 3.7338 2.84 0.06652 -0.43639
1 0 1 2 80.204 -9.4291 6.5348 -0.74419 -3.5619 0.031109 4.3241 -1.0408 4.38 0.3021 2.1075 2.8862 1.4555 -1.7048
1 0 1 2 80.84 -10.075 6.1797 -1.3513 -2.9984 0.36406 4.8935 -0.26653 4.8611 -1.9669 1.0863 3.0329 0.96026 -2.133
1 0 1 2 80.84 -10.075 6.1797 -1.3513 -2.9984 0.36406 4.8935 -0.26653 4.8611 -1.9669 1.0863 3.0329 0.96026 -2.133
1 0 1 2 80.619 -9.9831 6.1422 -1.5987 -2.4976 -0.17897 4.5722 -0.36211 5.5408 -1.9757 0.96553 2.9717 0.85559 -2.1562
1 0 1 2 77.568 -7.2475 4.3782 -0.97734 5.5661 -0.54138 -1.8578 -1.7349 1.3906 2.9077 2.7485 0.83172 0.026955 2.7113
1 0 1 2 76.979 -5.8603 3.3651 0.3926 4.7017 1.2105 -2.6524 -3.2369 1.7245 1.8946 0.92103 0.86567 0.024805 2.8117
1 0 1 2 76.96 -4.7564 2.0221 -1.4854 4.09 0.18792 -3.6843 -4.175 2.7473 4.7964 2.4015 -1.4562 -2.2915 0.67596
1 0 1 2 76.971 -4.3767 1.5451 -1.2311 4.6306 0.33473 -3.2135 -3.9819 2.5353 5.747 2.071 -1.626 -2.7982 -0.7738
1 0 1 2 76.971 -4.3767 1.5451 -1.2311 4.6306 0.33473 -3.2135 -3.9819 2.5353 5.747 2.071 -1.626 -2.7982 -0.7738
1 0 1 2 76.971 -4.3767 1.5451 -1.2311 4.6306 0.33473 -3.2135 -3.9819 2.5353 5.747 2.071 -1.626 -2.7982 -0.7738
1 0 1 2 81.505 -10.047 3.0754 -0.95208 -2.4985 0.52153 8.6115 1.1934 6.9825 -4.51 -0.11713 0.7638 -1.6674 -4.2329
