1 1 1 1 73.679 -1.8678 -18.979 -30.315 -13.75 -1.2913 -3.7215 12.771 6.2793 4.6289 -5.2705 1.6601 -3.296 -2.5275
1 1 1 1 74.9 -2.7137 -19.629 -32.688 -12.137 2.6054 1.2763 12.523 5.1705 4.417 -3.3943 2.3612 -3.3182 -0.29751
1 1 1 1 73.252 -4.8378 -17.507 -32.497 -13.464 -0.066425 -0.030574 9.8409 12.459 3.1779 -4.2863 2.2406 -0.48056 -3.073
1 1 1 1 74.01 -5.4071 -19.147 -32.11 -13.129 -0.17085 1.2254 14.958 11.328 5.7685 -4.3224 1.9649 -1.4292 -1.018
1 1 1 1 74.603 -5.0033 -20.094 -34.215 -11.853 2.7081 4.2927 5.8888 6.5852 2.5467 -4.9283 1.7414 -5.7901 0.38024
1 1 1 1 61.239 6.531 -18.307 -32.512 -17.702 -2.353 10.822 18.556 8.0347 5.6414 1.6916 -2.0514 -7.3453 0.026913
1 1 1 1 67.261 3.7806 -23.098 -29.078 -18.216 -1.4135 9.4948 12.06 11.82 4.5639 -3.1884 1.4516 -7.2051 -1.9919
1 1 1 1 71.157 -0.092551 -21.245 -30.016 -19.568 -5.8585 -4.3675 10.096 0.55275 8.9705 -0.95988 7.7303 -3.7829 1.3053
1 1 1 1 70.803 0.97722 -20.286 -28.097 -19.703 -4.4717 3.4474 7.3566 -0.12529 10.902 -4.8077 8.9441 -4.7228 -2.7435
1 1 1 1 71.292 1.4971 -19.168 -28.027 -17.046 -3.8926 3.9551 10.945 -0.78905 7.317 -2.9693 2.3525 -1.8705 -2.7643
1 1 1 1 68.193 7.1594 -18.477 -33.489 -17.145 -1.07 7.6903 10.409 6.8215 3.3421 3.7186 -3.8796 -4.8827 -2.1222
1 1 1 1 74.793 -5.894 -19.052 -30.215 -13.34 -0.82185 3.7214 10.634 6.9719 7.5416 -5.1906 4.6226 -5.2665 -1.5992
1 1 1 1 76.012 -6.0816 -18.685 -32.743 -13.272 1.5234 2.9276 5.386 6.674 3.1014 -4.1485 1.8951 -5.6919 -0.61896
