1 0 1 1 68.545 3.9872 -17.248 -18.412 -24.089 -16.85 1.9056 -1.5827 5.9343 3.719 6.1238 0.46814 0.713 -3.1849
1 0 1 1 68.384 5.0975 -18.589 -22.745 -25.974 -13.424 5.8106 -0.76039 5.7902 3.8784 3.6479 2.6702 2.004 -1.6805
1 0 1 1 69.966 2.4805 -18.507 -25.953 -25.292 -12.153 1.7257 3.0677 0.85262 5.7989 2.9765 4.9926 -0.66659 -3.6062
1 0 1 1 69.96 2.5678 -18.302 -26.246 -24.664 -11.617 2.2056 3.2198 1.5279 4.8986 2.784 4.5585 -1.0969 -3.592
1 0 1 1 69.545 3.4258 -18.078 -25.529 -24.724 -11.73 7.1687 5.0022 5.7214 5.6445 4.7659 2.4432 -0.88055 -0.57443
1 0 1 1 69.561 4.976 -18.45 -25.14 -22.304 -4.2426 9.1607 3.973 5.9767 5.4997 -0.49583 4.3686 2.1463 -2.6183
1 0 1 1 69.921 5.7613 -18.508 -21.443 -28.537 -12.826 4.0029 -1.6216 8.0932 6.7999 3.1111 -3.8099 0.95722 -1.8458
1 0 1 1 69.058 4.7748 -16.629 -16.831 -18.786 -8.5109 5.7122 1.822 8.1965 5.2238 3.11 -4.5806 -1.3137 -1.7515
1 0 1 1 69.747 6.584 -16.603 -20.758 -22.712 -11.947 3.0143 3.0624 9.447 9.8546 2.2668 -2.6163 -2.8759 -2.987
1 0 1 1 70.543 5.9692 -17.347 -21.466 -21.571 -6.4329 3.8938 1.8172 12.755 11.307 2.4288 -4.8818 -5.6042 -5.2064
1 0 1 1 69.993 6.6651 -15.702 -21.105 -24.048 -9.7846 5.9088 3.9983 11.017 8.8261 1.3737 -3.218 -0.62436 -3.9178
1 0 1 1 69.528 5.658 -18.086 -23.046 -25.805 -11.308 4.3323 2.6674 9.2098 9.4241 -0.74893 -3.5958 -0.48467 -3.8548
1 0 1 1 70.155 5.5024 -17.897 -22.07 -24.937 -10.09 1.7379 0.38425 9.5605 11.054 -1.5465 -4.0964 -1.9598 -3.4719
1 0 1 1 69.352 5.4724 -17.661 -23.521 -25.967 -11.355 6.3802 6.4112 10.639 7.1363 2.5542 -0.16311 -5.8093 -4.7612
1 0 1 1 69.519 5.6141 -17.296 -23.196 -25.397 -10.795 7.0151 6.8483 11.079 7.2336 1.7023 -0.46863 -5.2957 -4.9109
1 0 1 1 69.938 5.2896 -19.02 -20.969 -25.366 -10.217 2.168 2.4328 10.752 5.0585 2.3368 -1.6637 -3.9284 -5.4955
1 0 1 1 69.805 6.5712 -17.98 -23.551 -25.793 -8.9682 7.3046 5.3555 7.7087 9.201 1.5932 -1.5522 -6.0611 -5.4743
1 0 1 1 69.747 7.7841 -19.245 -22.281 -22.004 -12.058 0.52378 7.5619 15.68 6.2657 -1.1476 -2.5679 -5.6881 -4.3418
1 0 1 1 68.807 3.2242 -21.5 -18.513 -16.986 -7.9023 -0.55056 -5.0849 2.2652 3.0599 -2.394 -4.9155 -0.084577 1.0717
1 0 1 1 69.744 3.8483 -19.157 -19.874 -22.167 -7.6284 2.559 -1.0857 2.8993 0.63112 2.0524 -1.101 0.16473 2.2879
1 0 1 1 70.455 6.113 -17.901 -22.509 -25.661 -13.14 4.3217 6.2859 8.2648 4.2334 2.4499 0.7372 0.34612 -4.6967
1 0 1 1 70.338 8.5566 -20.733 -23.717 -25.539 -9.6948 2.2942 2.8698 8.6878 0.69377 2.7819 0.50183 -3.7242 -0.72811
1 0 1 1 67.704 3.4164 -19.288 -17.448 -20.324 -4.8011 0.73996 -5.5449 -1.9528 -1.6524 -2.1331 1.4613 3.0821 2.2574
