1 1 1 1 71.514 -6.7775 -25.085 -18.256 -5.3055 6.215 7.9176 1.2207 -9.7385 -4.4418 0.74473 2.2012 -1.54 1.5304
1 1 1 1 74.217 -8.0949 -29.081 -19.121 -4.2802 4.252 5.3754 -3.0985 -7.4866 -3.821 5.0605 3.4365 1.5443 1.6553
1 1 1 1 74.217 -8.0949 -29.081 -19.121 -4.2802 4.252 5.3754 -3.0985 -7.4866 -3.821 5.0605 3.4365 1.5443 1.6553
1 1 1 1 73.563 -4.8324 -20.649 -5.2495 -4.7512 -1.5475 1.7151 2.0504 -1.6538 4.6381 -0.53103 -1.3801 -0.078907 0.53287
1 1 1 1 79.172 -13.443 -23.643 -19.081 -20.531 0.91565 4.3242 6.9795 -0.55863 2.9616 -0.46728 -3.7772 0.19015 -1.2064
1 1 1 1 79.172 -13.443 -23.643 -19.081 -20.531 0.91565 4.3242 6.9795 -0.55863 2.9616 -0.46728 -3.7772 0.19015 -1.2064
1 1 1 1 79.188 -12.537 -23.213 -19.026 -20.306 1.1419 5.6767 7.0599 -0.32565 2.2819 -0.32268 -3.501 0.55298 -0.69046
1 1 1 1 78.69 -12.485 -23.688 -19.899 -21.216 0.081465 5.2851 6.4282 -0.55906 1.4776 -0.25968 -3.4793 0.84599 -0.47489
1 1 1 1 80.248 -12.169 -24.951 -18.697 -12.779 5.6258 5.4951 8.2509 0.94382 4.8011 -8.6469 -7.0211 -3.1688 3.239
1 1 1 1 80.248 -12.169 -24.951 -18.697 -12.779 5.6258 5.4951 8.2509 0.94382 4.8011 -8.6469 -7.0211 -3.1688 3.239
1 1 1 1 80.248 -12.169 -24.951 -18.697 -12.779 5.6258 5.4951 8.2509 0.94382 4.8011 -8.6469 -7.0211 -3.1688 3.239
1 1 1 1 80.237 -11.991 -24.628 -19.071 -13.164 5.4485 5.5829 8.1036 1.0154 4.3734 -8.2201 -6.9267 -2.9093 2.9722
1 1 1 1 80.237 -11.991 -24.628 -19.071 -13.164 5.4485 5.5829 8.1036 1.0154 4.3734 -8.2201 -6.9267 -2.9093 2.9722
1 1 1 1 71.996 -8.0057 -24.928 -5.745 -7.2016 -0.4457 -3.8315 1.8017 -2.0435 -2.4002 1.3577 3.818 0.42471 1.3545
