1 1 1 1 84.474 -14.069 -2.3133 -20.515 -26.317 -12.186 -2.238 -3.3555 1.9952 10.21 3.9991 2.9742 1.7327 3.2683
1 1 1 1 84.573 -14.758 -2.3411 -21.148 -26.458 -11.764 -1.298 -2.2665 1.7213 10.059 3.6627 3.0288 1.2643 3.3549
1 1 1 1 84.465 -14.93 -2.1726 -21.07 -26.185 -11.549 -1.0452 -1.5507 1.725 9.7812 3.4427 3.3021 1.0909 3.2407
1 1 1 1 84.932 -14.617 -3.4173 -21.834 -25.242 -12.993 -0.33294 0.69028 3.0907 8.2015 5.3236 3.6221 0.16976 0.70672
1 1 1 1 85.058 -14.206 -2.6447 -22.267 -25.605 -13.33 -2.2152 0.77112 2.7539 7.9478 2.843 2.772 0.26355 3.4666
1 1 1 1 84.948 -14.699 -2.3233 -22.002 -25.233 -12.105 -0.37381 1.9161 3.0127 8.8142 3.7582 3.372 -0.85103 2.9902
1 1 1 1 84.867 -14.675 -1.9317 -21.373 -24.462 -11.453 0.10463 2.4721 3.6659 9.8313 4.4117 4.0142 -0.818 2.8467
1 1 1 1 85.255 -14.609 -2.4527 -21.556 -24.325 -11.358 -1.5282 0.90042 2.3216 7.2662 2.77 3.3972 -1.6568 1.6328
1 1 1 1 85.255 -14.609 -2.4527 -21.556 -24.325 -11.358 -1.5282 0.90042 2.3216 7.2662 2.77 3.3972 -1.6568 1.6328
1 1 1 1 85.051 -14.941 -2.8811 -22.194 -24.396 -11.366 -2.255 0.19377 2.8034 7.0088 1.5939 2.8265 -2.0526 -0.57252
1 1 1 1 85.382 -14.117 -1.7528 -21.375 -23.759 -11.661 0.60789 1.4563 3.7046 7.1097 4.5298 3.4981 -1.191 2.9949
1 1 1 1 85.382 -14.117 -1.7528 -21.375 -23.759 -11.661 0.60789 1.4563 3.7046 7.1097 4.5298 3.4981 -1.191 2.9949
1 1 1 1 85.098 -14.3 -1.3634 -21.449 -23.612 -11.471 1.241 3.1997 4.612 7.7203 4.1237 2.4864 -1.5806 1.4987
1 1 1 1 85.726 -13.866 -1.0154 -21.151 -21.823 -9.2037 2.8443 2.6787 4.3747 7.1836 3.9407 1.0757 -0.85998 2.7401
1 1 1 1 85.764 -14.257 -0.80077 -20.974 -21.243 -8.5178 4.2302 4.1447 4.5015 6.9695 3.6511 1.1614 -0.79502 1.256
1 1 1 1 85.588 -14.393 -0.7954 -21.332 -21.104 -9.0058 3.7181 5.6886 6.0433 8.0272 4.0247 2.2529 0.30267 0.65805
1 1 1 1 84.792 -12.794 -1.1185 -18.003 -23.241 -12.207 -1.4208 -1.0848 1.3577 11.078 3.3631 4.661 0.93664 2.0746
1 1 1 1 84.72 -13.707 -1.7165 -19.078 -23.926 -12.447 -2.2313 -1.5531 0.35184 9.5491 2.1721 3.9904 -0.57794 1.2073
1 1 1 1 84.535 -13.881 -1.6144 -19.119 -23.863 -12.041 -2.2342 -1.3834 0.40862 9.13 1.7475 3.9112 -1.0212 0.80331
1 1 1 1 83.272 -14.759 -1.2372 -19.886 -24.098 -11.797 -6.2914 -0.90102 2.4435 8.6861 -0.53443 2.3439 -1.8066 -1.0922
1 1 1 1 85.207 -12.994 -3.063 -19.442 -23.743 -12.186 -5.4867 -2.7991 3.6576 7.8813 1.2845 3.6124 0.99461 0.83689
1 1 1 1 85.245 -13.406 -3.3729 -19.948 -23.867 -12.387 -5.1427 -2.5037 2.8927 7.5612 1.2911 3.5001 0.48034 0.39411
1 1 1 1 84.69 -14.126 -2.7557 -19.907 -22.967 -11.235 -2.7692 -0.0028898 2.5691 8.2973 2.0339 4.8192 -0.43056 -0.53769
1 1 1 1 84.119 -14.237 -2.1594 -19.802 -22.308 -11.019 -2.5901 1.1146 2.8345 8.5265 1.656 5.0364 -1.7682 -1.7245
1 1 1 1 84.942 -14.397 -3.6768 -21.177 -24.797 -12.552 -1.134 0.69896 3.8687 9.4872 5.1642 6.7903 1.4661 2.8234
1 1 1 1 85.1 -14.418 -3.3247 -20.86 -24.281 -12.113 -0.40847 0.69481 3.328 9.2659 4.3573 6.1031 1.1645 2.2079
1 1 1 1 85.102 -14.428 -3.0202 -20.652 -23.977 -11.948 -0.021194 0.35017 2.4954 8.8777 3.3281 5.2836 0.78974 1.4867
1 1 1 1 84.644 -14.007 -1.8499 -19.688 -23.07 -11.435 0.26724 0.63117 1.8367 9.2277 2.0222 4.4376 0.46832 -0.40238
1 1 1 1 85.283 -13.861 -2.8954 -20.55 -23.601 -11.054 0.32301 -0.056017 3.5058 8.748 5.6972 5.4225 -0.58301 2.2408
1 1 1 1 85.338 -14.522 -2.9558 -20.694 -23.274 -10.496 1.3201 1.0125 3.5801 9.5903 5.3289 4.8817 -0.5009 1.4739
1 1 1 1 85.238 -14.734 -2.8828 -20.695 -23.248 -10.506 1.4882 1.7339 3.5062 9.7607 5.0555 4.3196 -0.691 0.97578
1 1 1 1 85.06 -14.818 -2.7734 -20.641 -23.142 -10.593 1.508 2.7268 3.8467 10.004 4.7263 3.8476 -0.81812 0.30257
1 1 1 1 85.301 -14.548 -2.5738 -21.515 -23.708 -11.099 -0.021834 1.9113 4.2745 8.3032 4.1393 4.0755 0.88521 1.7027
1 1 1 1 85.276 -14.6 -2.1496 -21.216 -23.397 -10.393 0.75556 2.585 4.3693 8.3368 3.7188 3.8217 0.022087 0.98284
1 1 1 1 85.265 -14.359 -1.537 -20.579 -22.922 -9.7108 1.3348 3.0992 4.5148 8.5469 3.3307 3.5398 -0.52159 0.22127
1 1 1 1 85.134 -14.149 -1.1908 -20.182 -22.72 -9.5616 1.1674 3.2353 4.6964 8.8202 3.1535 3.5082 -0.64197 -0.55191
1 1 1 1 85.107 -14.373 -2.527 -21.151 -24.347 -11.083 1.5245 1.5011 4.4046 10.192 5.9618 6.037 -0.32358 2.5395
1 1 1 1 85.276 -13.783 -1.2922 -20.106 -22.362 -10.546 2.4033 2.0768 2.7877 8.2975 3.2383 2.2437 -0.63021 0.68446
1 1 1 1 85.12 -14.751 -3.7287 -22.838 -24.34 -10.916 2.5281 1.7151 3.2942 7.4272 2.4578 2.6432 0.57641 0.35012
1 1 1 1 84.947 -14.922 -3.8673 -23.025 -24.309 -10.911 2.5577 1.8359 3.9186 8.4401 2.5864 3.2006 0.77538 0.14217
1 1 1 1 84.763 -14.819 -3.7171 -22.917 -24.004 -10.88 1.9922 1.69 4.4337 8.9464 2.1143 3.1809 0.49502 -0.6619
1 1 1 1 85.475 -13.287 -2.0987 -23.839 -23.312 -10.695 -0.38522 0.5429 3.0983 4.2871 2.9648 1.9614 2.0752 3.5503
