1 1 1 2 85.304 -14.137 -1.9284 -20.221 -24.094 -12.155 -0.83489 -1.8497 1.0428 9.7647 2.7802 2.7671 1.0852 3.7824
1 1 1 2 85.03 -14.16 -0.94311 -19.48 -23.253 -11.084 -0.048497 -0.74488 1.2054 9.3893 2.1638 2.8974 -0.010544 2.5742
1 1 1 2 85.601 -14.423 -2.9877 -21.043 -24.217 -11.853 0.64936 1.4476 4.3816 8.5042 5.0393 4.3602 0.64775 0.47428
1 1 1 2 85.489 -14.62 -2.6663 -20.515 -23.019 -11.166 1.827 2.6489 4.1276 8.3539 4.2656 5.0035 0.60155 -0.29323
1 1 1 2 85.894 -14.313 -2.2506 -21.023 -23.97 -11.208 0.68888 3.9089 5.7483 10.495 5.5063 5.2136 1.0654 3.3303
1 1 1 2 85.885 -14.492 -2.065 -20.837 -23.789 -10.901 1.0783 4.0809 5.2337 10.092 5.1683 5.012 0.23305 2.7144
1 1 1 2 85.779 -14.631 -1.9492 -20.587 -23.531 -10.886 0.98464 4.0447 4.9051 10.012 4.9711 5.0284 -0.21664 2.266
1 1 1 2 85.764 -14.459 -2.1191 -21.216 -23.537 -10.68 -0.31216 3.5271 6.0436 9.5971 5.0248 4.9446 -0.53475 2.7867
1 1 1 2 85.764 -14.459 -2.1191 -21.216 -23.537 -10.68 -0.31216 3.5271 6.0436 9.5971 5.0248 4.9446 -0.53475 2.7867
1 1 1 2 85.742 -14.552 -1.9542 -20.9 -22.981 -10.59 -0.66207 3.1256 5.1814 8.5737 2.9517 4.022 -1.1059 1.3947
1 1 1 2 86.185 -14.012 -1.6084 -21.71 -22.832 -11.965 0.33342 0.29602 2.4342 6.1008 3.4143 2.6374 -1.9984 2.4724
1 1 1 2 86.121 -14.141 -1.5747 -21.551 -22.839 -12.203 0.61309 1.1425 2.6155 6.3862 2.7878 2.4616 -2.159 1.8705
1 1 1 2 85.922 -14.336 -1.7226 -21.647 -23.209 -12.576 0.40304 1.7237 2.8784 6.8914 2.1218 2.2696 -2.1337 1.4292
1 1 1 2 86.851 -12.922 -0.016144 -19.195 -20.747 -9.3991 3.5348 2.5299 4.0767 5.9531 3.7943 1.6016 -1.2837 2.4008
1 1 1 2 86.775 -13.691 0.070652 -19.477 -20.923 -9.1907 4.616 2.5933 3.1713 4.9676 2.5477 0.34559 -1.2766 1.2238
1 1 1 2 86.637 -14.012 -0.11439 -20.142 -21.103 -9.6297 3.7344 3.2521 4.2905 5.5051 2.2571 0.45923 -0.04956 0.92789
1 1 1 2 84.884 -14.579 -3.5897 -21.122 -26.396 -13.176 -1.9355 -1.2774 2.0066 13.029 5.8559 6.49 3.0235 3.9267
1 1 1 2 84.962 -14.765 -3.1418 -20.84 -25.514 -12.339 -1.5056 -0.44 1.9151 12.01 4.935 6.2318 1.4007 2.6565
1 1 1 2 84.962 -14.765 -3.1418 -20.84 -25.514 -12.339 -1.5056 -0.44 1.9151 12.01 4.935 6.2318 1.4007 2.6565
1 1 1 2 84.206 -14.547 -0.90048 -19.412 -23.698 -10.577 -2.8408 1.3972 3.4527 10.623 2.1192 4.4655 -0.68749 0.026582
1 1 1 2 85.872 -13.407 -3.6931 -19.778 -24.082 -12.197 -4.1957 -1.7973 4.7661 9.5586 2.776 4.8953 0.90023 1.805
1 1 1 2 85.955 -13.572 -3.6503 -19.803 -23.647 -11.713 -3.514 -1.0343 4.2449 9.4471 3.036 4.8217 0.41148 1.2591
1 1 1 2 85.955 -13.572 -3.6503 -19.803 -23.647 -11.713 -3.514 -1.0343 4.2449 9.4471 3.036 4.8217 0.41148 1.2591
1 1 1 2 85.449 -14.058 -2.7774 -19.461 -22.609 -10.607 -1.6191 1.3982 3.2973 9.3367 3.2219 5.4903 -0.59381 -0.20837
1 1 1 2 85.018 -13.769 -1.5597 -18.662 -21.137 -9.5846 -0.89457 3.2452 4.2776 9.8496 3.113 5.9778 -0.72527 -1.0957
1 1 1 2 86.337 -13.435 -2.2543 -18.375 -22.208 -10.437 1.2681 2.4783 4.0687 9.8622 5.0942 6.8149 0.302 2.5584
1 1 1 2 86.384 -13.534 -2.089 -18.149 -21.755 -10.089 1.8581 2.5119 3.5909 9.5223 4.3391 6.2226 -0.0054047 2.0164
1 1 1 2 86.384 -13.534 -2.089 -18.149 -21.755 -10.089 1.8581 2.5119 3.5909 9.5223 4.3391 6.2226 -0.0054047 2.0164
1 1 1 2 85.649 -13.457 -1.2563 -18.096 -21.322 -9.9642 1.044 2.6584 2.6204 9.549 2.1464 4.4622 -0.52341 -0.98318
1 1 1 2 86.428 -12.738 -1.3288 -18.378 -22.518 -10.136 0.21833 1.979 4.0259 7.2438 5.5468 6.4417 -1.6715 1.7611
1 1 1 2 86.62 -13.505 -1.118 -17.891 -20.903 -8.9015 0.70257 3.731 4.5965 8.5023 3.1105 4.3574 -1.6401 -0.045174
1 1 1 2 86.378 -13.62 -1.2103 -18.111 -20.994 -9.1144 0.45399 4.404 4.8915 8.9767 2.4724 3.8561 -1.5558 -0.55373
1 1 1 2 86.993 -13.258 -1.0516 -18.405 -21.065 -9.7711 2.5625 4.4528 5.0126 8.8943 4.2522 4.7117 -0.12283 1.2685
1 1 1 2 86.993 -13.258 -1.0516 -18.405 -21.065 -9.7711 2.5625 4.4528 5.0126 8.8943 4.2522 4.7117 -0.12283 1.2685
1 1 1 2 86.679 -13.7 -0.86205 -18.441 -21.597 -9.4187 2.9446 4.7074 4.705 9.1421 4.2138 4.9477 -1.1078 0.094316
1 1 1 2 86.313 -13.923 -0.95513 -18.694 -22.221 -9.6431 2.3495 4.4684 4.6953 9.5483 4.5391 5.1713 -0.99071 -0.40628
1 1 1 2 86.937 -13.211 -1.4993 -17.84 -21.193 -9.6494 2.124 2.9632 5.0801 8.8206 5.4698 6.144 -1.3873 2.5249
1 1 1 2 86.96 -13.432 -1.5397 -17.73 -20.799 -9.4399 2.7311 3.8806 5.4306 8.431 5.2941 5.8557 -1.3985 1.8517
1 1 1 2 86.847 -13.556 -1.2701 -17.566 -20.412 -9.2014 3.066 5.1225 5.7657 7.9525 4.1435 4.6809 -1.5482 0.57893
1 1 1 2 86.847 -13.556 -1.2701 -17.566 -20.412 -9.2014 3.066 5.1225 5.7657 7.9525 4.1435 4.6809 -1.5482 0.57893
1 1 1 2 87.12 -13.08 -1.382 -19.218 -20.663 -9.0372 4.3027 3.768 5.4738 6.54 1.935 3.1788 -0.24837 0.18749
1 1 1 2 86.828 -13.355 -1.5368 -19.683 -20.977 -9.0656 3.9951 3.7674 5.929 7.6165 1.935 3.4352 -0.19464 -0.57999
1 1 1 2 86.471 -13.481 -1.4975 -20.05 -21.37 -9.2311 3.0698 3.3638 6.0177 8.3279 1.8568 3.7421 0.055875 -1.0327
