1 0 1 2 84.464 -5.6729 3.7318 -8.7505 -13.462 0.46519 -1.2286 1.3221 3.7869 3.0209 3.7033 0.51865 -7.2873 -4.8707
1 0 1 2 87.032 -8.0912 1.3403 -11.614 -10.814 -1.4382 4.1803 3.3775 2.4466 0.85621 -1.2012 -5.4813 -6.9707 -4.3893
1 0 1 2 87.253 -7.8504 1.5505 -11.251 -10.395 -1.7918 4.3372 3.8458 3.1187 1.9218 -1.033 -5.2011 -6.7794 -4.1108
1 0 1 2 87.332 -7.5814 1.7962 -10.823 -9.9166 -1.997 4.3011 4.2353 3.8059 2.9205 -0.97521 -5.012 -6.558 -3.976
1 0 1 2 84.715 -5.6064 1.7159 -4.8458 -10.493 -1.36 3.525 2.5619 0.52699 1.3093 4.3036 3.4669 -2.1759 -3.459
1 0 1 2 84.482 -6.2656 2.0416 -5.5886 -10.782 -1.1886 3.7433 3.1928 1.4002 1.4947 4.4054 4.5769 -2.8783 -3.386
1 0 1 2 83.813 -6.6517 2.5384 -6.042 -11.009 -1.3263 4.0596 4.2826 2.0623 1.2438 4.1802 4.9344 -4.5532 -3.3101
1 0 1 2 84.329 -6.3784 1.6679 -11.693 -12.765 1.7174 0.34486 4.8998 4.8388 2.7258 3.778 0.22718 -4.6581 -4.5734
1 0 1 2 86.784 -7.7099 1.7439 -12.552 -10.34 0.65286 5.3069 2.0696 5.2675 0.86864 -0.42979 -3.6707 -6.1049 -3.4639
1 0 1 2 86.946 -7.6248 1.889 -12.349 -9.9528 -0.060762 4.6513 2.5146 5.4607 1.8444 -0.60323 -3.7514 -5.6528 -3.1023
1 0 1 2 86.946 -7.6248 1.889 -12.349 -9.9528 -0.060762 4.6513 2.5146 5.4607 1.8444 -0.60323 -3.7514 -5.6528 -3.1023
1 0 1 2 86.957 -7.1409 2.4522 -11.054 -8.5805 -1.4 3.5895 3.6115 4.7933 3.3643 -0.75801 -4.538 -5.2599 -3.0722
1 0 1 2 84.618 -4.4332 0.73455 -5.3909 -10.083 -0.23109 3.8219 0.88082 -0.83922 -4.3644 2.3191 2.8555 -7.1287 -3.1858
1 0 1 2 84.255 -5.4212 0.82422 -5.4722 -10.199 0.18122 4.4301 1.6088 -0.50991 -4.4788 1.9819 2.4212 -7.344 -3.151
1 0 1 2 83.519 -6.0317 1.5905 -5.0311 -9.8422 0.23002 5.0495 2.0514 -1.2742 -4.1162 1.2351 1.2001 -7.2689 -3.1147
1 0 1 2 84.474 -6.1513 0.11388 -12.064 -12.011 2.3307 3.1223 2.1981 2.5978 2.2017 4.5676 -3.7167 -5.5398 -5.8523
