1 0 1 1 84.293 -4.9745 3.9061 -4.4159 -10.416 -2.0471 3.4588 -0.013765 3.9679 -2.5782 0.23426 1.0795 -2.9725 -1.9941
1 0 1 1 84.58 -5.5545 4.1689 -4.7244 -10.063 -1.0509 4.8285 1.6724 3.3693 -2.4627 0.66578 2.3398 -3.7838 -2.329
1 0 1 1 84.58 -5.5545 4.1689 -4.7244 -10.063 -1.0509 4.8285 1.6724 3.3693 -2.4627 0.66578 2.3398 -3.7838 -2.329
1 0 1 1 84.333 -6.3594 4.3924 -4.9586 -9.5271 -0.65038 4.51 3.6619 2.6141 -2.3262 0.41312 3.9397 -3.8787 -3.1396
1 0 1 1 84.333 -6.3594 4.3924 -4.9586 -9.5271 -0.65038 4.51 3.6619 2.6141 -2.3262 0.41312 3.9397 -3.8787 -3.1396
1 0 1 1 84.646 -4.9885 1.7863 -5.0924 -10.496 -1.801 2.06 0.37813 -1.1993 -3.2254 3.9148 2.453 -4.047 -1.5305
1 0 1 1 84.886 -5.7906 1.7554 -5.547 -10.775 -1.2565 2.9546 0.64956 -1.5395 -3.9808 2.8848 3.405 -4.8182 -2.3689
1 0 1 1 84.859 -6.1289 1.6372 -5.6717 -10.934 -0.91186 3.3554 0.61168 -1.5248 -4.2287 2.1111 3.8076 -4.8544 -2.6541
1 0 1 1 84.78 -6.3945 1.4702 -5.8313 -11.148 -0.72574 3.5492 0.53187 -1.4018 -4.143 1.3116 4.1319 -4.668 -2.7404
1 0 1 1 84.674 -6.52 1.3865 -5.9622 -11.38 -0.64105 3.3372 0.29527 -1.3152 -3.9614 0.61031 4.4991 -4.4442 -2.6787
1 0 1 1 84.577 -6.4558 1.518 -5.937 -11.332 -0.45363 2.7768 -0.13341 -1.4151 -3.6774 0.077119 4.6144 -4.4418 -2.5896
