1 1 1 1 84.731 -5.3792 2.1864 -4.9114 -10.466 -2.4245 2.4716 0.43859 0.17131 -2.222 0.98637 1.8953 -4.7853 -1.067
1 1 1 1 84.876 -5.7698 2.0619 -5.0107 -10.46 -2.0492 2.9051 1.0914 0.061473 -2.2403 1.2958 2.3472 -5.0175 -0.93618
1 1 1 1 84.978 -6.2942 2.0322 -4.984 -10.328 -1.7023 3.2383 1.4025 -0.5277 -1.4062 1.4419 2.7762 -4.863 -0.76149
1 1 1 1 84.978 -6.2942 2.0322 -4.984 -10.328 -1.7023 3.2383 1.4025 -0.5277 -1.4062 1.4419 2.7762 -4.863 -0.76149
1 1 1 1 84.814 -6.4187 2.3074 -5.1272 -10.599 -1.9654 2.6464 0.64546 -0.95588 -0.0075166 1.5958 2.9055 -4.3463 -0.59419
1 1 1 1 84.814 -6.4187 2.3074 -5.1272 -10.599 -1.9654 2.6464 0.64546 -0.95588 -0.0075166 1.5958 2.9055 -4.3463 -0.59419
1 1 1 1 85.026 -5.4085 2.6343 -5.5907 -11.153 -2.547 3.4463 1.5448 0.73632 -1.2458 2.1784 2.4366 -4.3298 -2.1622
1 1 1 1 85.418 -5.7297 2.3463 -4.9452 -10.672 -0.89454 4.2281 2.4813 -0.67121 -0.93882 0.66282 2.8261 -6.4373 -2.6595
1 1 1 1 85.43 -5.7258 2.408 -4.82 -10.354 -1.0286 4.0256 2.6668 -0.92452 -0.62418 -0.066999 3.0175 -6.7947 -3.0031
1 1 1 1 85.43 -5.7258 2.408 -4.82 -10.354 -1.0286 4.0256 2.6668 -0.92452 -0.62418 -0.066999 3.0175 -6.7947 -3.0031
1 1 1 1 85.172 -5.9101 2.6935 -4.3126 -9.7252 -1.896 3.0946 2.2499 -1.5673 -0.57273 -1.4874 2.746 -6.5354 -3.4284
