1 1 1 2 84.769 -6.527 2.9621 -9.3456 -13.156 2.1473 -0.90244 2.275 2.7645 -0.88904 -0.02365 -7.9259 -10.015 -5.9498
1 1 1 2 85.465 -7.2032 2.4814 -11.511 -11.827 1.9371 2.5369 2.9313 2.609 -1.3448 0.64725 -7.0632 -7.6938 -4.4407
1 1 1 2 86.079 -7.1136 3.0027 -11.659 -9.7792 0.91663 5.6706 3.0364 3.0696 0.73943 -0.12387 -5.5555 -5.7906 -1.9183
1 1 1 2 86.267 -6.5636 4.105 -11.334 -8.972 -1.7654 4.2023 2.9493 1.3973 2.4993 -1.5306 -5.5662 -5.9866 -1.6174
1 1 1 2 86.267 -6.5636 4.105 -11.334 -8.972 -1.7654 4.2023 2.9493 1.3973 2.4993 -1.5306 -5.5662 -5.9866 -1.6174
1 1 1 2 84.488 -6.5004 2.3802 -10.946 -11.289 4.8175 1.8586 4.9802 5.2762 2.3217 0.49402 -4.473 -3.9438 -6.8378
1 1 1 2 87.288 -7.7502 2.1087 -12.769 -10.437 -0.091763 5.2852 -0.11904 2.8512 -2.0194 -2.2983 -5.062 -5.3804 -4.7007
1 1 1 2 87.288 -7.7502 2.1087 -12.769 -10.437 -0.091763 5.2852 -0.11904 2.8512 -2.0194 -2.2983 -5.062 -5.3804 -4.7007
1 1 1 2 87.288 -7.7502 2.1087 -12.769 -10.437 -0.091763 5.2852 -0.11904 2.8512 -2.0194 -2.2983 -5.062 -5.3804 -4.7007
1 1 1 2 87.451 -7.2037 2.5922 -11.74 -8.9418 -0.55875 3.5577 1.0634 3.0517 -1.1596 -2.8947 -4.767 -5.4699 -5.04
1 1 1 2 84.497 -7.0677 0.68776 -14.041 -12.156 3.1446 2.8082 1.8341 3.7944 0.93962 4.6456 -3.0595 -5.9255 -6.5694
