1 1 1 2 71.933 -9.4187 -2.3962 -4.6624 2.027 -1.8742 -0.59262 -1.6711 -2.6044 -3.6101 -9.7149 -2.2258 -2.222 -1.2835
1 1 1 2 72.968 -10.593 -2.8118 -7.5185 3.3645 -3.1454 -7.2098 0.87445 1.6778 2.1103 -10.306 -4.6139 3.041 2.0848
1 1 1 2 72.968 -10.593 -2.8118 -7.5185 3.3645 -3.1454 -7.2098 0.87445 1.6778 2.1103 -10.306 -4.6139 3.041 2.0848
1 1 1 2 72.945 -11.441 -0.84846 -2.9737 0.075111 -11.522 -2.9428 0.6053 -4.7086 -4.9632 1.5927 -4.7324 -2.4243 1.7915
1 1 1 2 72.729 -11.848 0.4123 -3.2364 0.33384 -7.3129 -0.1886 0.31972 -5.6567 -4.6101 1.1225 -5.166 -1.395 0.84281
1 1 1 2 72.64 -10.464 -2.1911 -4.1549 2.5397 -6.4118 -1.1181 -0.37873 -2.072 -1.5831 0.44656 -3.7833 -3.5967 0.6741
1 1 1 2 72.327 -8.4753 -4.2747 -1.8107 -0.46579 -0.93336 1.7472 -5.4853 -0.69775 2.2636 1.1798 -2.0583 -1.2428 -2.6981
1 1 1 2 73.163 -11.904 -2.5843 0.82365 -0.58025 -13.062 8.0044 -0.73437 -1.468 -3.4281 3.4526 -3.4525 2.2507 -3.3812
1 1 1 2 73.024 -13.688 4.275 -8.8667 1.6265 -4.5719 -1.5732 -4.6316 6.7058 -6.7862 1.5876 -4.6626 4.1408 -0.83085
1 1 1 2 73.251 -13.367 3.1325 -5.2123 -2.9235 -8.367 9.3521 -14.388 2.9854 -4.3184 0.92762 -2.0876 0.88478 -4.0798
1 1 1 2 72.141 -12.432 1.4877 -7.2149 0.72437 -12.703 9.1784 -11.097 4.5538 -3.5597 3.2398 -6.3607 0.97434 -2.8111
1 1 1 2 72.279 -11.258 3.7444 -10.955 4.4429 -5.963 4.2249 -10.621 -0.86521 -7.9184 5.2392 -5.2566 6.1369 -3.6211
1 1 1 2 75.573 -14.83 -3.0547 -2.7802 3.0456 -10.672 6.5751 -6.4433 4.0315 -6.3063 1.3764 -8.0978 0.84149 -3.64
1 1 1 2 75.573 -14.83 -3.0547 -2.7802 3.0456 -10.672 6.5751 -6.4433 4.0315 -6.3063 1.3764 -8.0978 0.84149 -3.64
1 1 1 2 74.699 -14.814 -2.4386 -2.269 4.4662 -12.326 -0.015634 -5.5981 2.5042 -10.505 1.3102 -4.6603 -0.95129 -6.556
1 1 1 2 74.789 -15.152 -2.1586 -2.6788 4.4537 -12.364 -0.18982 -4.7355 2.2737 -10.096 0.6988 -4.3369 -0.016917 -6.5594
1 1 1 2 73.859 -11.434 -0.50018 -10.418 2.9286 -4.677 3.5237 -12.23 6.7564 -11.657 4.0237 -2.7769 0.46598 -2.7435
1 1 1 2 73.859 -11.434 -0.50018 -10.418 2.9286 -4.677 3.5237 -12.23 6.7564 -11.657 4.0237 -2.7769 0.46598 -2.7435
1 1 1 2 73.73 -11.09 -0.63613 -10.219 3.5089 -5.5635 2.6672 -11.528 5.9765 -10.853 3.9073 -2.0383 -0.16607 -2.2765
1 1 1 2 73.71 -12.818 -2.7018 -9.9741 2.7363 -7.5662 7.1994 -9.3324 -2.8948 -16.194 3.6082 -0.67057 1.7861 -4.2321
1 1 1 2 74.091 -13.932 -0.53309 -5.3223 1.3329 -7.1824 7.1973 -7.4541 -1.4841 -14.599 3.7941 -1.8089 3.4579 -2.6705
1 1 1 2 73.714 -13.749 -0.94039 -7.6099 4.9502 -9.7106 1.2318 -9.009 3.8409 -10.011 -1.6779 -6.0131 3.8885 -2.8342
1 1 1 2 73.905 -13.561 -0.74182 -7.5682 5.9054 -8.8019 0.8721 -8.8537 4.7545 -9.3918 0.2603 -6.8259 3.8036 -4.226
1 1 1 2 73.935 -13.295 -0.52789 -7.7803 6.2191 -7.915 0.9934 -8.1653 4.9261 -8.5335 1.3088 -6.6284 3.4664 -4.844
1 1 1 2 73.362 -11.804 -0.98794 -8.6896 4.7913 -3.2394 1.9313 -2.8478 -0.066055 -3.0709 3.452 -2.3137 1.0635 -3.6222
1 1 1 2 73.362 -11.804 -0.98794 -8.6896 4.7913 -3.2394 1.9313 -2.8478 -0.066055 -3.0709 3.452 -2.3137 1.0635 -3.6222
1 1 1 2 72.656 -14.128 1.8692 -8.4437 2.2227 -6.206 -0.75101 -4.9801 -2.3456 -4.8402 4.1786 -2.2253 1.5206 -3.131
1 1 1 2 72.518 -14.409 2.1798 -8.413 2.2473 -7.6499 -0.83159 -5.5997 -1.2857 -5.8382 3.9569 -2.6958 2.0095 -3.5186
1 1 1 2 72.973 -11.745 -1.3912 0.60925 -6.818 2.0008 1.0547 -5.988 3.3736 -0.40859 -1.9606 -2.3672 -1.0535 0.50705
1 1 1 2 72.989 -12.053 -1.3515 0.62137 -7.1282 1.8579 1.5151 -5.8089 3.6912 0.73002 -1.4246 -2.1694 -0.65319 0.52773
1 1 1 2 72.486 -11.814 -0.69618 -0.043006 -5.8811 -1.1318 2.142 -5.3801 0.39669 -1.2198 -3.5546 -0.23882 1.0342 -0.44526
1 1 1 2 71.744 -10.078 -2.6213 -1.9919 0.013293 -5.9644 -1.3751 -4.9785 -0.43058 -3.7056 -4.6695 0.45657 0.96108 -0.87795
1 1 1 2 72.615 -11.879 0.60536 -2.1359 2.3192 -7.4225 -0.86361 -3.9108 -2.2218 -2.0646 4.1955 -2.5845 4.0872 -5.6358
1 1 1 2 72.864 -12.473 0.52549 -3.1573 3.517 -7.7581 0.20771 -4.0714 -0.98734 -1.8349 4.6918 -2.7636 4.2578 -5.072
1 1 1 2 73.036 -12.925 0.47839 -4.3402 4.585 -7.821 1.4097 -4.2784 0.4284 -1.7023 4.8666 -3.0953 3.9767 -4.3734
1 1 1 2 73.142 -13.362 3.3182 -4.6473 0.78064 -6.507 3.0457 -10.623 4.0387 -7.3372 3.0282 -4.9543 5.089 -5.8541
1 1 1 2 73.124 -13.379 3.3038 -4.3115 0.80622 -6.7539 2.4598 -9.7445 4.6515 -6.7652 4.0024 -4.06 5.8151 -5.5621
1 1 1 2 72.787 -12.436 2.9865 -5.0117 1.3141 -7.3327 0.56294 -5.2016 5.081 -5.8415 6.3272 -4.1432 5.6734 -4.5889
1 1 1 2 72.454 -12.809 1.08 -7.1377 4.6251 -12.482 1.2618 -5.105 3.5104 -11.954 4.3549 -3.6205 3.2863 0.077938
1 1 1 2 72.591 -12.667 -0.37515 -5.4529 3.7366 -12.047 1.6558 -9.2251 4.4727 -11.198 2.459 -6.3168 0.33548 0.15809
1 1 1 2 72.615 -12.562 0.061132 -5.5019 4.2123 -12.163 1.9898 -9.8928 4.9164 -10.706 2.257 -7.1537 0.035263 -0.30295
1 1 1 2 73.341 -11.001 4.5536 -3.0953 0.12186 -10.089 4.243 -10.405 2.2102 -3.2881 4.3356 -5.3292 1.6566 -3.3931
1 1 1 2 73.948 -13.011 1.2993 -4.0213 2.0229 -12.436 3.8688 -4.5603 3.7502 -2.9539 5.5794 -3.6518 1.273 -5.7696
1 1 1 2 73.916 -12.903 -0.037118 -3.5167 3.6446 -12.711 1.485 -6.262 4.2822 -4.181 3.2142 -4.8241 -1.2698 -6.3441
1 1 1 2 73.916 -12.903 -0.037118 -3.5167 3.6446 -12.711 1.485 -6.262 4.2822 -4.181 3.2142 -4.8241 -1.2698 -6.3441
1 1 1 2 73.593 -11.901 -2.1066 -5.8221 6.3284 -9.5621 -0.052576 -10.252 6.7653 -3.4586 -0.3626 -7.6252 6.7733 -3.153
1 1 1 2 74.424 -13.043 -1.5461 -2.8637 4.6149 -11.336 2.6262 -7.3166 7.9434 -7.2881 0.35717 -8.0182 7.3334 -2.9581
1 1 1 2 74.424 -13.043 -1.5461 -2.8637 4.6149 -11.336 2.6262 -7.3166 7.9434 -7.2881 0.35717 -8.0182 7.3334 -2.9581
1 1 1 2 74.161 -12.861 -1.5242 -2.9643 2.0817 -11.7 3.7571 -6.5347 7.8609 -5.5712 1.0646 -8.1405 6.3663 -1.5689
1 1 1 2 73.671 -12.987 -0.72829 -4.7505 -0.46731 -14.012 8.6961 -8.6726 5.2326 -2.2335 3.2665 -6.4039 4.7423 -2.4212
1 1 1 2 74.999 -14.188 -1.7564 -4.7745 1.6253 -11.083 1.2396 -6.6435 4.137 -11.32 0.63233 -7.1111 0.87513 -1.9354
1 1 1 2 74.999 -14.017 -1.7816 -3.2734 1.2934 -10.845 1.7128 -8.2029 4.4101 -13.205 -0.34695 -5.2165 0.87934 -2.9258
1 1 1 2 74.63 -13.747 -1.87 -2.4172 1.3856 -11.34 2.54 -8.6715 4.421 -12.4 -0.64787 -3.3466 0.3183 -3.8561
1 1 1 2 73.995 -13.861 -1.2397 -2.9954 3.3219 -13.184 4.0452 -9.6981 1.7116 -8.7242 0.61376 -2.3449 1.4613 -4.1693
1 1 1 2 73.129 -13.522 0.67707 -5.3502 0.29457 -8.1644 -0.034426 -15.572 3.6294 -7.382 -1.1695 -4.1999 1.8649 -3.7954
1 1 1 2 73.098 -13.245 2.0803 -7.4583 2.2193 -7.1671 -1.2321 -13.693 6.9949 -6.2657 -1.1887 -4.6381 2.9186 -3.0261
1 1 1 2 74.012 -14.067 -1.1505 -5.0162 3.1056 -11.458 2.9398 -6.4191 3.5973 -8.3758 4.0732 -5.5556 5.5706 -3.8514
1 1 1 2 74.648 -14.056 -1.9909 -4.8875 4.1696 -10.961 3.7187 -6.1257 2.566 -8.2997 1.0811 -5.4393 3.7835 -4.373
1 1 1 2 74.578 -12.733 -1.111 -9.1786 4.4722 -7.9171 6.0083 -4.8233 -3.0542 -6.5695 -0.7927 -0.093715 3.4607 -3.988
1 1 1 2 73.305 -12.211 -0.35723 -10.628 3.1084 -10.687 4.9627 -5.3387 -4.1567 -4.0356 1.5547 -8.1409 3.495 -0.5515
1 1 1 2 72.766 -12.404 -0.57617 -7.2424 2.2842 -13.78 5.8928 -4.6728 -2.0431 -2.6022 4.5483 -11.324 1.4703 -0.11599
1 1 1 2 72.911 -12.463 1.6464 -6.8842 -0.12501 -9.459 3.7753 -8.2964 3.2124 -9.3913 -0.15426 -4.4494 0.40914 -4.2447
1 1 1 2 73.255 -12.159 1.9278 -7.3485 -0.2897 -6.7239 2.4668 -7.2695 0.55631 -10.251 2.473 -2.5199 1.6421 -2.9764
1 1 1 2 72.904 -12.393 1.7562 -7.5691 -0.49251 -7.2521 5.8457 -9.2843 -0.0097613 -10.19 5.6888 -1.0042 4.9395 -2.4502
1 1 1 2 72.432 -11.913 2.3529 -3.9382 0.15839 -8.1726 10.993 -7.2631 1.1323 -5.1368 3.1064 -1.4083 0.29207 -4.534
1 1 1 2 73.737 -12.776 1.2357 -3.5602 0.19893 -10.93 4.8088 -2.021 0.49067 -5.7057 2.834 -9.1695 2.2605 -4.253
1 1 1 2 73.955 -12.748 0.0041025 -3.3311 0.24367 -10.909 3.505 -0.56653 -0.11979 -6.5623 4.4976 -8.2123 3.6911 -3.4313
1 1 1 2 73.876 -12.552 -0.29697 -3.7231 0.34491 -10.826 3.2358 -0.19006 0.48574 -6.9815 5.3531 -7.9799 4.6474 -3.1285
1 1 1 2 73.061 -13.1 -0.040519 -1.6821 -1.2101 -9.9881 8.497 -10.553 0.38702 -1.5903 2.7995 -9.0975 2.4009 -3.2351
1 1 1 2 72.773 -13.276 0.24449 -1.6246 -2.0354 -10.893 8.3862 -11.276 0.20007 -1.7112 5.1117 -9.3092 1.0401 -3.1977
1 1 1 2 71.378 -10.712 1.1734 -5.5647 3.0844 -10.414 7.7597 -6.6319 -1.4875 -6.3738 1.7068 -9.2893 3.9753 -3.1127
1 1 1 2 72.123 -10.566 1.2132 -6.6799 3.0846 -8.1916 2.091 -10.317 4.6722 -1.0911 -0.48928 -4.4471 6.1428 -1.4547
1 1 1 2 72.535 -10.621 -0.78779 -7.262 5.0343 -10.57 -0.2649 -9.2015 4.4901 -3.3663 -3.0158 -4.3677 5.6529 -3.9856
1 1 1 2 72.256 -10.918 -2.0932 -7.4509 6.1269 -10.3 -1.7887 -7.4826 4.0019 -3.3976 -3.557 -4.8963 4.9031 -4.1644
1 1 1 2 71.446 -12.081 2.0036 -5.2782 0.39888 -8.7279 5.159 -6.1866 -1.5352 -4.3441 2.7702 -5.1865 4.2789 -4.5832
1 1 1 2 72.193 -11.501 2.0289 -8.0086 2.2522 -8.4736 2.1722 -7.5212 -0.39351 -2.7917 1.9608 -10.224 2.7078 -1.2514
1 1 1 2 72.103 -12.468 0.82162 -9.5222 0.96552 -7.8536 0.04165 -8.7686 -0.67881 -2.5893 -2.6743 -8.3403 2.2547 -0.7975
1 1 1 2 71.832 -11.796 2.3555 -6.4207 -1.4823 -5.9286 2.2578 -6.9529 3.0131 -5.9451 3.0894 -6.6481 0.62873 -4.4931
1 1 1 2 72.173 -11.938 2.0835 -6.1482 -0.3778 -8.0293 7.1884 -7.9461 1.7511 -6.2606 2.8344 -3.1924 0.94295 -4.8196
1 1 1 2 71.835 -12.936 1.2016 -4.3301 1.2413 -12.828 5.3851 -7.2264 -4.0311 -2.808 3.4706 -4.5126 1.5583 -0.59555
1 1 1 2 70.97 -9.7564 0.28787 -7.2945 3.2825 -9.5444 8.6925 -6.9074 5.3123 -7.9963 4.6791 -4.9836 0.80147 -2.9576
1 1 1 2 71.217 -9.9554 -0.49552 -7.4322 3.1226 -10.595 6.9771 -5.5097 3.2573 -6.5399 4.4189 -3.3336 1.1403 -2.9499
1 1 1 2 71.217 -9.9554 -0.49552 -7.4322 3.1226 -10.595 6.9771 -5.5097 3.2573 -6.5399 4.4189 -3.3336 1.1403 -2.9499
1 1 1 2 71.439 -10.34 -0.85259 -8.0048 3.6459 -9.8168 5.548 -5.9922 1.2749 -5.2382 4.5583 -2.4606 0.93949 -3.4185
1 1 1 2 72.101 -10.742 1.6828 -8.8893 3.4372 -5.3603 6.149 -7.1398 -2.69 -4.213 4.4162 -1.6982 2.1706 -6.1603
1 1 1 2 71.654 -10.085 2.9343 -6.3346 2.2143 -6.811 7.6302 -8.4049 -4.7086 -4.5673 3.9877 -3.4554 2.1666 -6.5858
1 1 1 2 71.123 -10.039 1.3547 -7.6356 5.0283 -4.7432 2.2736 -8.5818 -0.49251 -3.7497 2.8606 -7.8525 0.76675 -4.7807
1 1 1 2 71.39 -10.033 2.7403 -6.4881 2.4497 -7.8419 5.1211 -8.7867 1.9125 -2.638 0.50296 -2.8393 1.1986 -5.0934
1 1 1 2 71.817 -10.771 0.59217 -6.6617 2.0306 -7.9162 7.4644 -9.7107 1.0216 -5.959 1.8191 -4.5448 -0.85038 -6.8283
1 1 1 2 71.566 -10.545 -0.14412 -5.9061 0.41546 -5.7716 7.8159 -9.0544 2.5242 -8.4342 2.4285 -4.8833 1.129 -5.7676
1 1 1 2 71.424 -10.551 0.26718 -6.0617 0.17549 -6.1428 7.7905 -9.4165 2.7092 -9.0059 2.6494 -5.1317 2.068 -5.474
1 1 1 2 70.69 -10.37 1.7626 -7.0482 -0.23577 -11.408 8.4457 -9.5092 -1.0066 -7.1762 -0.017643 -5.9778 4.0929 -5.3359
1 1 1 2 70.439 -11.821 0.91999 -7.4436 2.0666 -10.685 4.8169 -2.9093 -0.94368 -11.63 4.1902 -4.329 0.57109 -5.0918
1 1 1 2 70.413 -11.215 2.3896 -3.3215 2.8861 -8.9862 8.2798 -11.194 0.1058 -4.9014 -2.4877 -3.8042 1.7761 -5.4492
1 1 1 2 70.33 -9.6039 0.9505 -8.547 1.3255 -8.5135 6.1218 -6.2467 1.7123 -6.7468 4.3843 -9.3082 0.78563 -8.6829
1 1 1 2 70.875 -11.397 -0.96408 -10.292 -0.43957 -6.1942 11.816 -4.8249 1.0539 -6.7556 -1.2412 -3.1015 3.4723 -5.8811
1 1 1 2 70.849 -11.504 -0.54171 -9.7295 -0.46233 -5.6385 10.581 -4.57 0.45625 -4.9062 -1.9527 -2.7199 3.2259 -3.8693
1 1 1 2 69.988 -11.384 2.0623 -4.2869 1.0047 -13.42 5.7913 -8.8195 -2.7206 -5.1539 4.6446 -2.4059 2.6455 -1.8365
1 1 1 2 71.664 -13.435 1.1738 -3.4297 3.7803 -6.3836 3.7153 -11.456 8.246 -4.5706 -0.51362 -4.8693 1.969 -2.2123
1 1 1 2 71.788 -13.599 1.3298 -4.1757 4.7081 -7.1391 3.7615 -11.574 8.4785 -4.0953 -0.21761 -4.4988 1.8034 -1.8965
1 1 1 2 70.162 -13.272 5.882 -6.4225 5.712 -10.25 8.6992 -8.9396 -2.0571 -0.19213 1.189 -4.0896 2.4235 -3.1424
1 1 1 2 72.222 -13.487 1.5963 -2.5876 4.9837 -17.715 8.2241 -3.9943 -4.0519 -2.1016 4.012 -6.0524 1.9008 -0.73673
1 1 1 2 71.289 -13.725 3.8977 -6.8394 3.1796 -8.7492 6.7755 -7.9222 0.3884 -3.9061 2.4558 -0.40454 2.7317 -3.2288
1 1 1 2 70.59 -13.924 5.4037 -8.7482 3.8144 -15.686 2.3641 -7.0657 0.65216 -3.9928 1.5225 -8.1199 -2.7706 -0.66697
1 1 1 2 71.37 -13.249 5.2835 -8.2745 7.1577 -10.336 -0.7165 -5.1783 1.2791 -8.4489 2.6995 -6.0961 1.5052 -2.1379
1 1 1 2 72.328 -14.489 3.844 -4.3634 -0.0087363 -4.6244 1.3848 -0.88679 0.88716 -3.3889 7.2759 -4.6326 0.73265 -0.41983
1 1 1 2 71.05 -11.245 2.3618 -6.3525 2.797 -10.44 1.7867 -5.4912 0.10416 -8.0602 1.4155 -6.2904 4.3172 -3.3901
1 1 1 2 71.151 -12.151 0.74174 -3.1245 2.3672 -6.6438 3.4792 -3.2847 4.9341 -10.865 4.564 -3.0169 0.46637 -4.7695
1 1 1 2 71.308 -12.511 0.50792 -3.1863 2.4876 -7.5429 4.1582 -3.2455 5.3355 -10.079 4.2288 -3.1627 0.74549 -4.263
1 1 1 2 69.801 -11.878 0.49169 -8.5891 0.60088 -11.227 3.7459 -7.2361 -0.087704 -7.7384 5.7494 -8.4592 -0.34248 -3.1537
1 1 1 2 69.715 -11.89 0.47685 -7.9796 0.2676 -11.108 3.458 -7.5998 0.92062 -6.9952 5.6589 -7.9368 -0.69564 -3.349
1 1 1 2 71.535 -13.173 1.9234 -6.6199 5.3098 -11.609 9.6236 -7.1529 1.2164 -3.4256 -1.6558 -5.8944 3.0723 -4.8354
1 1 1 2 72.05 -13.685 -0.83802 -7.6729 7.9268 -12.648 2.9703 -8.0514 -1.7827 -2.4898 1.1211 -7.113 -0.71932 -4.46
1 1 1 2 72.198 -13.528 -0.55198 -8.1378 9.1297 -11.201 3.9297 -8.3765 -1.6081 -0.87849 1.1489 -5.6402 -0.7376 -4.0756
1 1 1 2 71.336 -12.114 3.4713 -7.0556 8.26 -9.3954 1.9191 -4.4459 3.0582 -6.329 0.85008 -2.4859 1.844 -2.8633
1 1 1 2 71.577 -11.592 3.6985 -7.0167 7.8394 -9.4228 2.4876 -4.0007 3.701 -6.0965 0.92474 -2.439 1.6305 -3.0792
1 1 1 2 70.457 -12.336 4.1491 -9.8846 2.6991 -11.302 8.961 -10.367 -3.1895 -1.107 2.7998 -5.8707 3.6877 -1.5944
1 1 1 2 71.547 -11.829 2.9804 -11.367 6.2908 -8.8412 -0.60036 -5.4919 1.7749 -8.9394 3.5938 -3.7573 1.4328 -0.96546
1 1 1 2 71.589 -11.71 3.1944 -11.483 6.5532 -9.1635 -0.1977 -5.8986 0.92716 -8.9673 2.464 -2.6647 1.6181 -1.9924
1 1 1 2 71.576 -11.61 4.1288 -10.651 7.5845 -12.293 3.1276 -7.1969 -0.18106 -1.1452 5.0847 -6.8078 -0.70861 -2.8879
1 1 1 2 72.329 -13.289 -1.9016 -10.72 9.6937 -9.4437 1.5483 -7.676 0.58347 -2.4392 -0.4319 -7.7961 -2.2319 -1.2614
1 1 1 2 72.492 -13.402 -1.6122 -10.585 9.7791 -8.891 1.088 -7.7282 1.0211 -2.2153 0.18411 -7.3823 -1.6648 -0.74677
1 1 1 2 71.126 -11.655 3.0797 -7.8983 2.8584 -8.5602 2.7497 -5.2155 2.0835 -5.6811 4.9664 -8.0915 2.5283 -2.0307
1 1 1 2 72.97 -12.025 0.78157 -7.308 5.2536 -10.692 0.24136 -0.057657 -0.24786 -3.0256 4.7689 -5.2167 2.4399 -3.6421
1 1 1 2 72.852 -12.116 0.8433 -6.6645 5.6875 -11.619 -0.88035 0.11948 -1.3518 -2.7876 4.9523 -4.508 -0.021833 -1.6545
1 1 1 2 72.607 -13.839 2.615 -6.2563 0.018192 -10.218 1.0618 -2.7302 -0.64327 -6.9017 0.64868 -6.4326 -0.39193 -2.6017
1 1 1 2 71.953 -12.1 0.32227 -3.1681 5.4479 -13.956 2.5315 -0.63654 0.86415 -8.0611 4.6208 -5.2215 2.5513 -5.4326
1 1 1 2 72.754 -14.155 0.80041 -7.5668 5.0402 -12.074 7.5994 -8.5629 -9.956 -7.3916 9.4401 -6.0015 -2.3379 3.343
1 1 1 2 71.888 -14.096 4.3845 -4.4168 -1.0205 -11.518 7.0089 -8.1062 -0.0018463 -4.231 -2.8936 -4.666 0.66533 -6.0069
1 1 1 2 72.719 -13.179 3.2267 -5.1592 4.5533 -11.892 6.3761 -7.8399 -1.2624 -5.798 1.5498 -2.8707 1.2245 -4.9227
1 1 1 2 73.389 -12.802 2.0811 -9.4255 3.3241 -7.2202 9.676 -3.8325 -0.23862 -9.9729 1.2405 -2.4042 0.72221 -2.9021
1 1 1 2 73.223 -13.064 1.653 -10.884 0.011032 -6.3918 10.234 -4.8765 0.59454 -12.437 -0.48885 -4.6375 1.2477 -3.1989
1 1 1 2 73.654 -12.859 4.5753 -7.7682 -1.3924 -6.9219 4.9725 -8.0185 0.23864 -8.3973 2.9967 -7.836 0.8589 -0.89325
1 1 1 2 72.475 -12.643 2.6539 -4.634 6.127 -14.318 4.4555 -2.3532 -0.030609 -10.424 0.75989 -2.7439 -0.76115 -5.8954
1 1 1 2 72.505 -11.93 4.418 -7.3505 4.5262 -6.809 9.2133 -10.01 -3.6249 -2.0479 4.0285 -3.7053 0.24543 -11.206
1 1 1 2 72.718 -11.964 4.0898 -6.7688 4.4581 -5.3926 10.23 -7.7336 -3.0987 -2.8717 4.452 -4.0293 0.28887 -10.006
1 1 1 2 73.158 -14.142 1.2177 -6.2187 4.8276 -8.2591 3.5875 -2.6278 -3.4063 -8.8635 6.4858 -6.1338 0.37074 -3.5536
1 1 1 2 73.046 -13.601 1.0389 -5.7947 2.7526 -8.3534 1.0392 -3.2439 -2.2973 -9.6757 7.5128 -7.8033 -0.67774 -4.0663
1 1 1 2 71.67 -11.34 -0.52384 -3.0561 2.3232 -15.227 6.1562 -6.5914 0.014186 -10.593 6.162 -5.205 -1.5133 -6.0522
1 1 1 2 69.741 -11.937 1.4644 -8.7689 2.6104 -12.342 3.626 -5.6936 -1.437 -4.0861 4.1672 -7.3618 4.4119 -5.4047
1 1 1 2 72.883 -11.874 -3.6508 -6.6423 3.8286 -6.2072 6.2641 -10.618 -1.2621 -10.652 2.245 -1.8894 3.4381 -5.2503
1 1 1 2 73.007 -11.829 -3.7867 -7.2015 4.0088 -5.8844 6.5109 -10.515 -1.4198 -10.857 2.1433 -1.2822 3.3161 -5.04
1 1 1 2 72.908 -11.727 -3.7283 -7.7888 4.0684 -5.6549 6.6983 -10.204 -1.4479 -10.931 2.0321 -0.80214 3.1132 -4.5891
1 1 1 2 70.785 -11.137 -1.2524 -12.593 1.7671 -7.9761 6.2787 -6.4537 5.5612 -10.796 0.73803 -4.7081 0.53123 -1.842
1 1 1 2 70.806 -10.313 -0.75593 -10.93 1.0839 -8.942 4.5962 -2.058 7.0432 -11.022 -0.75289 -7.2766 0.42577 -5.5099
1 1 1 2 71.468 -13.351 0.51975 -3.8412 0.19971 -12.97 6.8441 -8.7923 -2.286 -8.9701 0.83732 -7.8797 5.1827 -0.83374
1 1 1 2 71.497 -12.8 0.30912 -3.2188 -0.21913 -14.046 6.5435 -8.6488 -2.0677 -7.5908 2.1374 -7.1564 5.1802 -0.088671
1 1 1 2 71.527 -12.223 2.1848 -4.0083 6.4891 -9.5799 2.9659 -7.7687 0.28885 -7.6186 4.6369 -5.1036 -1.2913 -0.80686
1 1 1 2 72.144 -12.632 5.0094 -3.6596 6.6977 -13.495 3.0073 -8.0235 -1.883 -4.3308 5.4284 -4.1154 0.18147 0.071492
1 1 1 2 72.707 -9.9846 5.5017 -8.9199 3.0292 -13.824 2.7957 -5.8564 -0.9534 -7.1103 4.123 -3.6058 1.4986 -2.0001
1 1 1 2 71.812 -13.212 3.89 -9.3504 5.5662 -12.691 3.8861 -8.2622 -2.2215 -9.7812 -0.088202 -2.2936 -1.5416 1.2125
1 1 1 2 71.229 -13.911 3.8255 -8.9719 6.2006 -12.53 3.3294 -7.1478 4.62 -7.2356 0.19359 -5.6963 2.5458 -1.83
1 1 1 2 71.117 -12.808 2.6452 -7.0239 5.9871 -18.261 8.5251 -5.8266 -2.0246 -4.2899 4.753 -7.8868 -2.9871 -0.37377
1 1 1 2 72.664 -12.466 1.1185 -8.3407 8.1026 -13.44 9.0439 -4.9918 2.1856 -5.6918 1.204 -2.5615 4.6284 -0.96146
1 1 1 2 71.903 -12.933 0.41039 -7.3054 8.2634 -13.572 7.002 -6.5895 5.1411 -3.8119 0.5531 -4.6396 3.8862 -0.64639
1 1 1 2 71.821 -11.482 3.8663 -10.442 8.0138 -9.7344 6.5903 -9.6185 3.1258 -4.5475 3.1104 -4.8421 -1.037 -1.6146
1 1 1 2 71.812 -13.362 3.2026 -7.5603 5.3723 -12.398 8.3448 -8.0942 -4.6857 -3.7478 3.5546 -6.5036 -2.2208 -1.1831
1 1 1 2 70.588 -11.587 2.5511 -8.6956 4.4791 -12.641 5.0642 -9.021 2.2886 -8.4617 2.1927 -6.8941 0.89189 -1.6788
1 1 1 2 70.588 -11.587 2.5511 -8.6956 4.4791 -12.641 5.0642 -9.021 2.2886 -8.4617 2.1927 -6.8941 0.89189 -1.6788
1 1 1 2 72.34 -13.25 4.13 -7.2593 0.80778 -8.2915 6.6125 -8.408 0.16647 -3.2064 1.4161 -4.9156 3.9502 -2.3221
1 1 1 2 71.942 -12.634 2.8738 -6.0632 -0.045532 -9.2396 7.4357 -7.8527 -1.0418 -3.3484 2.3262 -4.5409 4.4113 -4.0832
1 1 1 2 72.076 -12.877 2.3479 -8.2751 2.5788 -8.5049 3.4304 -6.5604 3.5794 -3.5988 4.1056 -5.1521 0.48967 -5.481
1 1 1 2 72.045 -13.067 2.8868 -8.5857 3.1404 -8.944 4.2412 -6.8741 3.4522 -3.2327 4.0514 -4.9202 0.52459 -4.9461
1 1 1 2 71.996 -14.108 4.0348 -6.5768 0.84752 -6.6344 4.3365 -3.3535 1.7088 -7.2257 5.5697 -7.9162 -2.9108 -1.6205
1 1 1 2 72.259 -14.007 4.2672 -6.7525 0.57877 -6.7411 3.7775 -3.5542 2.1449 -7.0097 6.0831 -7.1677 -2.5476 -2.1609
1 1 1 2 72.482 -11.674 2.3302 -8.8555 6.8709 -9.4541 1.322 -7.9845 4.8889 -4.9816 1.0034 -5.2704 3.1869 -3.3064
1 1 1 2 72.464 -11.426 2.3103 -9.1149 7.9499 -9.4837 1.5929 -9.0074 5.2305 -5.1123 0.2115 -5.84 3.5215 -2.3657
1 1 1 2 72.511 -11.376 2.7264 -9.5059 8.6696 -9.3216 2.0159 -9.7301 5.3298 -5.0601 -0.58311 -6.4533 3.553 -1.6574
1 1 1 2 73.003 -11.483 5.3827 -9.6729 7.2134 -7.7603 4.2787 -8.2004 5.5791 -2.7925 0.36789 -8.4161 4.2201 -0.43772
1 1 1 2 72.919 -12.512 -1.2275 -6.1944 3.875 -10.324 7.7253 -7.1675 -1.6724 -4.672 2.8872 -4.8457 2.7706 -1.6552
1 1 1 2 73.132 -12.623 -1.3121 -6.4736 3.8649 -10.615 7.9248 -7.0067 -1.9154 -4.8227 3.1858 -4.1605 2.3365 -2.1275
1 1 1 2 72.588 -11.683 1.6541 -9.2373 2.5217 -7.0647 1.4372 -8.125 -0.60982 -1.7997 0.83271 -6.9328 4.9743 -1.612
1 1 1 2 73.235 -12.057 2.6325 -8.8156 1.819 -7.9625 4.1794 -7.981 -1.0576 -3.8577 -1.7351 -7.6481 4.1953 -0.72388
1 1 1 2 72.682 -12.054 4.5909 -9.9429 6.5877 -9.6372 6.6733 -6.2272 1.2638 -5.1836 3.2582 -9.4421 -0.54912 -1.8372
