1 1 1 2 61.618 -22.937 7.7338 5.1121 -9.1773 -0.44215 10.234 -15.29 12.356 -6.1303 2.1845 2.0119 -2.1193 2.754
1 1 1 2 62.349 -23.419 8.2075 3.6173 -7.318 -0.55684 9.4438 -16.989 11.808 -5.9236 1.4928 0.28965 -0.22291 2.5473
1 1 1 2 62.227 -22.846 8.5733 3.7203 -8.9095 -0.64709 9.2013 -18.143 13.001 -5.0522 1.1851 -0.59433 -0.81383 4.1006
1 1 1 2 60.721 -22.72 5.5162 4.2595 -12.592 0.93316 9.8459 -16.243 14.856 -7.5099 0.68297 -2.275 0.3648 0.88419
1 1 1 2 60.525 -24.693 7.3915 2.0543 -10.963 0.49442 9.3836 -15.551 12.738 -4.2627 -2.3104 0.55254 -0.76288 4.3712
1 1 1 2 60.112 -24.458 7.3952 2.2221 -11.23 1.461 11.77 -17.465 10.065 -6.9183 1.7084 -0.40828 -1.1795 1.373
1 1 1 2 60.313 -24.897 9.2751 3.0237 -8.3574 0.31559 12.972 -15.698 12.923 -5.2655 -0.51023 0.66381 -2.266 3.0859
1 1 1 2 59.891 -21.01 6.4812 -4.1195 -5.2852 1.245 2.4358 -8.7839 11.245 -7.0948 0.49176 2.2705 0.60694 2.5218
1 1 1 2 60.227 -22.888 10.177 -8.1888 -5.241 -0.41043 6.0476 -10.216 8.4108 -7.9461 0.50817 3.9599 -1.3761 0.28455
1 1 1 2 59.972 -20.322 11.116 -5.9339 -1.9658 0.94568 3.6865 -10.291 12.925 -7.3572 -1.4898 1.9061 -4.4917 -0.50494
1 1 1 2 59.391 -20.918 9.019 -5.2811 -1.9851 4.1749 6.6324 -8.9992 13.082 -8.3701 -0.48803 1.6621 -2.8966 -1.7523
1 1 1 2 59.501 -20.795 8.8049 -3.3643 -1.9796 1.2371 4.2647 -7.4438 12.393 -5.672 1.6104 3.4087 -2.3569 -0.63022
1 1 1 2 59.956 -19.996 11.544 -3.3043 -0.017419 -2.7987 8.0064 -10.204 12.309 -5.0289 3.4852 5.1595 -4.0218 1.6999
1 1 1 2 60.576 -21.287 9.5365 1.3731 -5.0255 4.8913 13.704 -17.586 10.072 -4.6524 1.3798 3.4136 -2.3074 1.2239
1 1 1 2 58.41 -22.522 7.2974 2.727 -10.14 2.5973 11.46 -15.061 10.492 -4.1294 -0.2591 1.5155 -2.8382 1.4748
1 1 1 2 55.999 -21.952 5.8016 3.2984 -11.019 3.0765 11.621 -18.358 7.0366 -7.9976 5.0309 2.1737 -2.4839 -1.5392
1 1 1 2 62.381 -21.986 9.609 1.6399 -7.0435 3.1652 13.845 -14.189 12.672 -5.1477 0.7791 2.7617 -1.1564 2.5184
1 1 1 2 56.892 -20.938 4.3912 7.0096 -9.6406 0.49951 14.672 -17.255 13.781 -5.3342 0.28768 -1.0112 0.19637 0.52808
1 1 1 2 60.543 -19.536 14.121 -7.7893 0.94806 -1.7388 5.4927 -9.7105 9.17 -5.4764 0.95658 2.6555 -3.1245 0.69713
1 1 1 2 55.635 -21.957 9.0753 1.9309 -5.6315 0.048137 12.16 -14.911 13.101 -4.3193 0.80304 -1.0943 -1.3958 0.67421
1 1 1 2 61.191 -21.358 15.254 -4.6927 0.56782 -2.497 11.899 -13.239 11.135 -4.3391 0.29106 0.87886 -2.0743 -0.23789
1 1 1 2 60.108 -15.78 7.7586 -0.19583 -4.5917 0.036174 7.6332 -13.628 12.422 -6.4531 0.31247 1.6868 -1.0746 -0.027986
1 1 1 2 61.141 -22.824 12.556 -8.344 2.4321 -3.7597 9.4696 -13.929 11.405 -4.7473 0.86765 3.7985 -0.49364 -0.8785
1 1 1 2 61.094 -20.986 15.16 -4.5183 0.49877 -1.7741 10.452 -16.107 13.309 -4.1603 -2.0309 0.56763 -1.0971 0.17734
1 1 1 2 56.805 -21.625 11.189 0.57877 -5.8311 0.3719 11.343 -17.126 11.875 -5.7812 -1.0654 1.8064 -1.3473 0.48396
1 1 1 2 60.425 -23.257 15.447 -9.3741 -0.084437 -3.455 10.543 -16.35 9.7344 -0.39737 -1.4307 0.13078 -2.7648 1.3709
1 1 1 2 59.924 -20.293 14.269 -4.1782 -4.0883 -3.232 12.395 -15.066 11.435 -4.0649 1.9498 2.0777 -1.1501 2.0588
1 1 1 2 61.444 -19.722 16.567 -5.1435 -6.867 -4.2153 14.315 -14.014 8.1944 -6.1316 0.78225 0.93019 -2.6073 0.15565
1 1 1 2 58.17 -21.491 12.113 -0.13615 -8.3102 -3.1942 11.974 -15.305 11.636 -6.8335 0.20727 0.021273 -1.3119 0.65797
1 1 1 2 62.203 -20.823 15.296 -0.90502 -4.8545 -6.7998 8.6155 -11.155 11.858 -5.7531 -0.64573 0.37254 -1.0146 -0.56282
1 1 1 2 62.217 -20.781 14.737 -4.0438 -2.7865 -3.4088 12.037 -14.715 8.3015 -3.7779 -2.8157 0.87357 -0.22104 0.57149
1 1 1 2 60.496 -21.417 13.345 -1.475 -4.6962 -4.0017 14.415 -14.994 8.3571 -3.6631 -2.7543 1.5602 -1.3031 0.96313
1 1 1 2 59.818 -20.57 11.844 -4.22 2.5952 3.0609 7.9851 -10.913 6.636 -6.858 1.9538 5.738 -3.7668 1.0823
1 1 1 2 57.208 -20.371 8.2802 -4.1979 -3.7717 1.9525 7.8045 -12.718 10.463 -10.284 2.8289 2.9044 -2.7779 -1.2634
1 1 1 2 59.121 -21.5 15.257 -3.4215 -3.3307 -1.7911 11.053 -15.809 9.0781 -3.772 0.41899 1.9943 -1.2211 -1.02
1 1 1 2 62.247 -20.372 15.554 -2.8612 -1.6291 -6.6056 7.4856 -13.443 10.954 -4.7272 0.26793 2.0894 -2.566 -1.7516
1 1 1 2 60.44 -20.923 13.719 -1.2139 -3.6109 -4.7813 8.3928 -14.912 11.119 -5.7342 0.80863 2.1909 -2.3028 -1.801
1 1 1 2 60.145 -21.95 12.289 -1.0318 -5.873 -2.4984 8.164 -17.108 10.328 -5.7278 -1.3121 -0.37834 0.4403 0.74058
1 1 1 2 63.089 -23.615 9.2773 2.4608 -7.3446 -2.5321 11.432 -14.463 10.806 -3.2132 -1.8447 0.17465 -2.013 4.057
1 1 1 2 62.853 -23.654 8.664 3.1314 -7.9158 -2.0002 14.171 -15.61 9.0063 -2.2597 -1.6484 2.1159 -3.9139 4.7537
1 1 1 2 58.897 -19.874 7.5717 3.406 -8.7678 0.45993 10.363 -14.701 11.598 -6.0729 0.47773 0.2684 -0.65494 2.3957
1 1 1 2 57.101 -22.576 8.0622 4.325 -9.7669 -1.9335 8.7354 -16.452 11.359 -5.4237 2.2178 -2.8685 -0.5438 2.2479
1 1 1 2 55.354 -21.425 9.3122 5.7657 -8.9031 -0.36275 11.59 -14.347 12.101 -5.6225 3.5974 -0.028868 -1.7939 1.4554
1 1 1 2 61.509 -22.144 15.253 -7.3547 -2.5613 -6.5165 9.5495 -10.101 9.2577 -5.7025 -2.0038 2.9067 0.015282 -1.7884
1 1 1 2 58.167 -19.88 12.196 -0.9909 -3.4504 -0.54259 11.724 -14.72 13.145 -6.1335 0.6623 2.2965 -0.40225 0.72064
1 1 1 2 59.841 -22.461 14.155 -3.159 -5.9556 -4.4364 12.235 -12.856 10.717 -6.3123 -2.2988 0.083815 -0.5708 0.92334
1 1 1 2 61.818 -23.724 14.407 -8.1701 3.6147 -6.6732 12.104 -11.445 10.353 -1.6886 -4.3206 2.1046 -1.7016 -1.2522
1 1 1 2 62.371 -20.732 13.189 -11.232 3.3025 -2.6052 9.7318 -12.886 9.9515 -5.1241 -1.9475 1.9859 -1.3489 -1.3012
1 1 1 2 61.432 -19.918 13.728 -7.9215 2.048 -3.9175 9.9548 -13.684 10.346 -4.1167 -0.75452 3.2274 -1.7157 0.15913
1 1 1 2 60.858 -20.998 16.817 -8.1477 1.8568 -3.3561 9.8216 -15.097 10.395 -4.6473 -0.41539 1.3671 -1.4958 0.2333
1 1 1 2 60.434 -22.866 13.402 -3.6454 5.3557 -4.786 7.4173 -14.543 10.773 -7.8014 -1.8584 1.618 -1.1981 1.332
1 1 1 2 59.712 -21.764 17.582 -5.392 -1.8034 -7.0169 11.095 -12.295 11.036 -2.9742 -0.79737 -0.086359 -0.48995 -0.36445
1 1 1 2 62.131 -20.767 15.164 -6.9541 1.4236 -5.7628 9.2974 -11.587 11.08 -5.499 -1.5088 1.2891 -1.8014 1.6379
1 1 1 2 60.115 -19.967 13.136 -2.7797 -2.2006 -0.74176 12.891 -13.125 11.411 -5.5286 0.46773 1.0069 -0.37305 -0.015954
1 1 1 2 63.22 -19.211 17.432 -5.9461 -0.13173 -5.7387 11.125 -12.555 9.6587 -4.3753 0.37424 2.936 -2.2326 0.18835
