1 0 1 0 78.247 -12.05 6.6666 -11.24 4.2986 -2.249 2.5924 -12.35 5.9665 -6.0016 2.8818 -1.6681 9.9024 -8.1543
1 0 1 0 78.421 -11.971 6.9946 -10.574 4.9053 -1.5887 3.3268 -11.893 5.9368 -5.8462 3.1733 -1.7349 9.6012 -7.5347
1 0 1 0 79.1 -10.817 4.8546 -12.963 10.29 -8.4577 6.35 -5.5083 1.0095 -23.538 2.9926 3.4301 0.30082 -6.084
1 0 1 0 79.1 -10.817 4.8546 -12.963 10.29 -8.4577 6.35 -5.5083 1.0095 -23.538 2.9926 3.4301 0.30082 -6.084
1 0 1 0 78.061 -11.081 10.22 -11.92 9.3086 -10.375 5.9074 -10.485 5.3999 -8.5913 0.66688 -3.7516 4.5018 -1.2808
1 0 1 0 77.982 -11.003 3.9656 -6.9307 9.2515 -10.329 8.968 -2.8126 2.2618 -15.935 2.5276 -5.0606 4.2261 -1.9509
1 0 1 0 79.223 -12.36 3.8893 -10.678 8.0341 -14.881 3.1653 -5.7304 -2.8746 -9.3731 4.5443 -4.9631 2.1843 -5.9554
1 0 1 0 79.038 -11.597 3.879 -13.495 12.138 -13.835 5.4997 -5.5934 2.6077 -10.654 -0.39897 -2.8671 2.5849 -5.1324
1 0 1 0 79.393 -12.728 5.0152 -10.737 5.3075 -6.5135 6.9317 -5.6655 8.5834 -13.43 0.56349 -5.0725 4.0224 0.34824
1 0 1 0 81.109 -12.64 0.71631 -7.9244 9.451 0.34687 -6.3882 -13.994 18.466 -11.008 -0.26908 -5.3414 1.1704 5.958
1 0 1 0 81.109 -12.64 0.71631 -7.9244 9.451 0.34687 -6.3882 -13.994 18.466 -11.008 -0.26908 -5.3414 1.1704 5.958
