0 0 1 3 74.522 -14.066 -4.1485 -15.598 1.2795 -10.237 3.7719 -6.2293 4.2951 -4.2055 5.2549 -4.2161 3.9633 -1.5197
0 0 1 3 74.522 -14.066 -4.1485 -15.598 1.2795 -10.237 3.7719 -6.2293 4.2951 -4.2055 5.2549 -4.2161 3.9633 -1.5197
0 0 1 3 75.405 -13.248 0.099197 -15.741 2.4417 -9.9437 4.5311 -5.1114 0.79899 -4.7771 2.1744 -5.5566 3.4563 -2.6999
0 0 1 3 75.405 -13.248 0.099197 -15.741 2.4417 -9.9437 4.5311 -5.1114 0.79899 -4.7771 2.1744 -5.5566 3.4563 -2.6999
0 0 1 3 75.405 -13.248 0.099197 -15.741 2.4417 -9.9437 4.5311 -5.1114 0.79899 -4.7771 2.1744 -5.5566 3.4563 -2.6999
0 0 1 3 75.405 -13.248 0.099197 -15.741 2.4417 -9.9437 4.5311 -5.1114 0.79899 -4.7771 2.1744 -5.5566 3.4563 -2.6999
0 0 1 3 75.889 -16.965 -6.395 -13.897 8.6851 -0.70836 0.98041 -4.5785 2.6648 -3.5913 3.9138 0.93132 6.2263 -2.6307
0 0 1 3 77.096 -11.221 -2.0094 -18.869 7.4107 -7.5093 -0.84509 -8.9838 0.8666 -5.9921 1.1226 -4.2839 1.5415 -2.27
0 0 1 3 72.124 -14.874 -3.5829 -18.108 9.0062 -7.9995 2.7816 -3.3923 3.8224 -6.3669 4.1677 -3.2571 0.16552 0.24905
0 0 1 3 74.926 -13.463 -3.9768 -20.417 3.8094 -6.6523 -3.8228 -2.9476 4.8053 -8.2988 4.383 -2.8904 0.7513 0.21435
0 0 1 3 74.213 -15.734 -0.93038 -14.07 5.6144 -9.7591 -1.2276 -1.1784 0.56416 -6.395 4.1833 -2.7852 -0.94093 1.6997
0 0 1 3 74.212 -14.056 -0.22719 -19.343 4.5976 -7.2164 -3.5333 -7.5455 2.4676 -7.3246 1.2516 -1.1879 -1.9044 -0.73795
0 0 1 3 73.355 -13.398 -1.1202 -14.792 4.8886 -9.9781 5.1965 -5.8963 0.79354 -2.1634 1.8013 -2.3461 0.33103 -0.34762
0 0 1 3 70.192 -12.978 3.4511 -14.8 6.3138 -4.389 2.1648 -4.4312 2.9488 -3.8642 2.9222 -5.3114 5.1847 -5.7983
0 0 1 3 74.497 -16.439 -5.9297 -10.967 5.6797 -9.4483 5.7067 -5.7332 4.2741 -0.87342 4.0349 -1.27 3.6662 -1.2091
0 0 1 3 73.346 -15.821 -1.0655 -11.383 3.7991 -10.207 7.2392 -5.8402 4.6245 0.9699 5.1079 0.24283 1.1328 -0.93374
0 0 1 3 79.202 -16.364 -6.5295 -14.875 -2.0691 -1.8982 1.9668 -3.3864 6.2844 -1.4572 3.0345 -2.0179 4.4096 -4.8618
0 0 1 3 79.202 -16.364 -6.5295 -14.875 -2.0691 -1.8982 1.9668 -3.3864 6.2844 -1.4572 3.0345 -2.0179 4.4096 -4.8618
0 0 1 3 73.863 -13.61 -2.5907 -19.377 5.6005 -11.136 -0.36085 -3.5329 0.41283 -3.3415 2.5582 -4.9313 2.7473 -1.3971
0 0 1 3 78.128 -14.181 -7.209 -12.064 2.6138 -6.1391 1.1031 -7.3183 4.2863 -8.6007 4.7144 -3.8911 3.6867 -2.1642
0 0 1 3 78.128 -14.181 -7.209 -12.064 2.6138 -6.1391 1.1031 -7.3183 4.2863 -8.6007 4.7144 -3.8911 3.6867 -2.1642
0 0 1 3 76.775 -16.2 -7.5969 -14.682 3.4294 -4.8018 1.9701 -5.8773 2.5284 -6.3725 2.5968 -3.7431 1.135 0.33581
0 0 1 3 75.662 -14.541 -2.0152 -16.821 7.6388 -12.798 0.65541 -6.44 1.8518 -2.6702 3.1551 -3.2569 3.9172 -2.0789
0 0 1 3 77.719 -14.6 -7.7028 -13.182 0.3518 -8.5672 -0.35151 -5.574 3.5417 -6.8582 4.7191 -3.6963 2.2104 -0.64451
0 0 1 3 77.719 -14.6 -7.7028 -13.182 0.3518 -8.5672 -0.35151 -5.574 3.5417 -6.8582 4.7191 -3.6963 2.2104 -0.64451
0 0 1 3 75.993 -15.386 -6.8405 -13.24 5.2761 -9.6331 5.5407 -5.8509 4.5635 -3.6578 3.4301 -4.0688 2.6814 -1.9851
0 0 1 3 71.93 -15.913 -4.636 -15.194 7.3174 -8.3444 5.382 -2.113 7.2355 -2.1387 4.8341 -1.1796 3.523 -3.4506
0 0 1 3 76.662 -18.883 -8.0129 -9.8021 7.613 -0.74449 6.8873 -6.895 0.62421 -5.9277 -0.4344 -1.5682 1.0925 -0.78183
0 0 1 3 76.662 -18.883 -8.0129 -9.8021 7.613 -0.74449 6.8873 -6.895 0.62421 -5.9277 -0.4344 -1.5682 1.0925 -0.78183
0 0 1 3 76.775 -13.151 -3.8078 -17.927 3.327 -11.586 -0.21028 -3.3896 2.1786 -4.5608 4.4904 -2.8032 2.2228 0.25711
0 0 1 3 76.418 -14.199 -3.7788 -16.705 3.1302 -6.237 -2.8402 -6.269 3.931 -7.3257 1.3024 -1.0322 -0.11359 -1.5266
0 0 1 3 75.75 -10.988 -2.9389 -19.018 5.6922 -8.4605 -2.4954 -4.3698 5.8926 -9.2545 5.2317 -2.2505 -0.65215 0.77319
0 0 1 3 75.75 -10.988 -2.9389 -19.018 5.6922 -8.4605 -2.4954 -4.3698 5.8926 -9.2545 5.2317 -2.2505 -0.65215 0.77319
0 0 1 3 72.847 -18.628 -8.0892 -11.997 9.0334 -1.3581 5.0399 -1.9493 4.9929 -5.1583 4.7314 -4.033 1.6306 -2.6152
0 0 1 3 74.199 -15.264 -4.1098 -10.888 7.2342 -5.0467 3.0452 -3.3663 3.287 -1.3347 -1.3171 -2.0949 -1.5667 -2.9643
0 0 1 3 74.199 -15.264 -4.1098 -10.888 7.2342 -5.0467 3.0452 -3.3663 3.287 -1.3347 -1.3171 -2.0949 -1.5667 -2.9643
0 0 1 3 73.35 -14.604 -1.283 -16.545 4.6008 -7.9107 1.9008 -4.8612 0.66661 -0.89527 2.6306 -2.9589 3.5315 -2.3475
0 0 1 3 73.35 -14.604 -1.283 -16.545 4.6008 -7.9107 1.9008 -4.8612 0.66661 -0.89527 2.6306 -2.9589 3.5315 -2.3475
0 0 1 3 74.986 -16.023 -6.8097 -13.029 5.1726 -10.56 2.3515 -1.852 1.5941 -1.703 6.7336 -5.1049 4.6341 -1.0376
0 0 1 3 76.108 -16.516 -6.5724 -9.7646 6.005 -8.472 9.2171 -5.6868 4.6579 -2.1624 1.2604 0.28091 0.087905 -1.4605
0 0 1 3 76.996 -13.873 -7.072 -14.792 6.3787 -11.668 0.94301 -4.5036 -3.7528 -1.8718 1.2383 -5.9121 2.5457 -3.4405
0 0 1 3 73.92 -13.589 -8.8902 -14.452 8.2593 -12.811 8.336 -4.3015 3.4675 -2.3626 5.119 -4.0966 4.9825 -3.6635
0 0 1 3 72.813 -16.78 -4.3272 -13.393 6.8381 -11.697 4.2761 -6.5953 2.7617 -0.65678 1.2724 -1.203 2.3604 -1.4449
0 0 1 3 74.011 -18 -9.3764 -14.074 6.3793 -3.4256 5.7757 -3.4338 7.3872 -5.6621 5.3327 -3.3158 3.7723 -1.0116
0 0 1 3 74.011 -18 -9.3764 -14.074 6.3793 -3.4256 5.7757 -3.4338 7.3872 -5.6621 5.3327 -3.3158 3.7723 -1.0116
0 0 1 3 72.711 -15.316 -0.48137 -12.07 5.5595 -10.074 2.9314 -6.3845 1.3539 -3.7775 1.4376 -3.8777 1.7512 -3.9
0 0 1 3 72.711 -15.316 -0.48137 -12.07 5.5595 -10.074 2.9314 -6.3845 1.3539 -3.7775 1.4376 -3.8777 1.7512 -3.9
0 0 1 3 72.546 -14.584 -0.97211 -10.924 4.0264 -9.8062 6.042 -5.7406 3.1598 -1.7898 0.87096 -0.95476 3.8171 -3.508
0 0 1 3 72.182 -14.916 -3.5373 -13.008 9.6477 -10.266 2.3379 -3.3266 1.8783 -4.888 5.7226 -5.2279 2.5822 -3.3381
0 0 1 3 72.666 -15.28 0.85089 -14.009 2.9094 -6.6589 4.4097 -5.5316 4.0062 -3.0711 5.1863 -3.5775 3.5302 0.33184
0 0 1 3 73.873 -13.76 -4.0551 -11.516 7.8796 -12.771 -0.25786 -5.1436 -2.4188 -4.7935 2.6405 -6.7476 3.627 -3.5544
0 0 1 3 76.487 -16.968 -8.4342 -11.368 7.6711 -6.9561 2.1665 -4.861 1.2413 -3.9614 6.0645 0.71026 7.3096 3.3299
0 0 1 3 77.789 -15.589 -0.43218 -7.1549 5.095 -9.4455 -1.4645 -10.567 1.0687 -6.491 4.5317 -4.8243 0.24766 -2.0917
0 0 1 3 77.789 -15.589 -0.43218 -7.1549 5.095 -9.4455 -1.4645 -10.567 1.0687 -6.491 4.5317 -4.8243 0.24766 -2.0917
0 0 1 3 77.435 -14.355 -1.133 -17.076 0.25167 -5.5265 -0.76898 -7.0889 6.0233 -7.3692 3.6134 -5.2828 2.6267 -0.26317
0 0 1 3 77.435 -14.355 -1.133 -17.076 0.25167 -5.5265 -0.76898 -7.0889 6.0233 -7.3692 3.6134 -5.2828 2.6267 -0.26317
0 0 1 3 73.118 -15.481 -1.3829 -14.262 5.3027 -8.0693 3.8494 -4.6744 5.0165 -3.5443 0.6919 -0.66429 3.1543 -1.911
0 0 1 3 73.118 -15.481 -1.3829 -14.262 5.3027 -8.0693 3.8494 -4.6744 5.0165 -3.5443 0.6919 -0.66429 3.1543 -1.911
0 0 1 3 74.575 -12.29 2.5048 -18.122 0.45345 -6.7976 2.4286 -9.6011 0.24932 -2.7391 1.9817 -6.4948 2.3953 -0.92298
0 0 1 3 74.767 -13.1 -1.3576 -15.737 7.4764 -10.044 1.1299 -3.4418 1.0701 -1.9805 3.5644 -2.2345 4.0016 -3.381
0 0 1 3 77.968 -13.112 -3.9572 -12.867 1.5365 -12.516 -1.5223 -8.7776 0.17999 -8.5644 0.87073 -7.6527 0.71243 -3.844
0 0 1 3 78.001 -13.034 -3.9543 -12.706 1.603 -12.459 -1.2812 -8.7674 0.39317 -8.5265 0.97818 -7.5527 0.78735 -3.761
0 0 1 3 78.626 -15.371 0.98731 -9.5063 5.8985 -9.4996 -7.0513 -6.2492 4.3054 -6.2786 3.0256 -3.6659 -1.8699 -0.73227
0 0 1 3 76.109 -13.676 -0.97207 -19.474 0.11421 -8.7599 -1.7386 -2.9501 0.51842 -3.2691 3.5578 -2.8269 2.247 0.048097
0 0 1 3 76.109 -13.676 -0.97207 -19.474 0.11421 -8.7599 -1.7386 -2.9501 0.51842 -3.2691 3.5578 -2.8269 2.247 0.048097
0 0 1 3 74.843 -13.136 -0.95931 -16.1 2.5824 -10.15 -0.68391 -4.6429 3.5065 -10.304 4.4109 -3.1293 -1.0539 0.021557
0 0 1 3 76.927 -10.127 -1.6258 -22.283 5.8311 -9.0258 -2.8823 -6.1835 2.4882 -6.546 -1.2303 -0.23074 -0.38135 -4.4199
0 0 1 3 66.584 -16.909 5.3439 -12.378 3.8474 -0.76524 5.2788 -5.2445 7.2603 -1.3809 1.9547 -4.456 7.6807 -5.0319
0 0 1 3 77.143 -14.053 -2.6424 -18.678 1.9375 -8.8624 -1.208 -2.5088 2.2692 -5.7299 4.0013 -1.0828 0.59409 -0.43495
0 0 1 3 74.291 -15.027 -4.6217 -16.067 6.2283 -5.124 0.79353 -2.0677 2.2955 -6.8206 6.7378 -5.8879 6.6083 -0.92114
0 0 1 3 73.544 -14.563 -3.0522 -19.863 2.957 -7.2934 1.1151 -0.65839 0.12524 -3.5154 6.8862 -5.1917 4.0062 -2.5209
0 0 1 3 73.544 -14.563 -3.0522 -19.863 2.957 -7.2934 1.1151 -0.65839 0.12524 -3.5154 6.8862 -5.1917 4.0062 -2.5209
0 0 1 3 73.325 -14.597 -3.238 -20.063 2.6997 -7.0919 1.1159 -0.35974 -0.2882 -3.5731 6.691 -4.8167 4.0867 -2.3737
0 0 1 3 68.157 -16.776 3.9334 -11.448 2.6325 -2.1586 4.9822 -2.3681 3.0166 -6.2269 7.0642 -5.9675 8.0019 -4.5858
0 0 1 3 75.358 -13.123 0.20234 -21.55 1.8569 -5.4064 1.0343 -7.3786 3.0213 -0.19476 -0.48542 -0.17846 1.2941 -0.21416
0 0 1 3 74.529 -12.546 -3.573 -21.431 4.6904 -12.134 0.07804 -2.1031 3.1285 -5.7621 2.4633 -3.8598 0.79599 -1.7442
0 0 1 3 74.529 -12.546 -3.573 -21.431 4.6904 -12.134 0.07804 -2.1031 3.1285 -5.7621 2.4633 -3.8598 0.79599 -1.7442
0 0 1 3 77.299 -15.516 -4.9782 -22.488 0.3974 -3.1784 -1.8341 -5.3826 5.7418 -3.6929 2.9218 1.0699 4.1425 -1.0282
0 0 1 3 75.58 -13.973 -0.145 -20.972 6.7479 -6.2569 -3.3417 -3.7317 0.10772 -11.036 1.4511 -1.6263 -0.040378 0.89424
0 0 1 3 75.417 -13.927 -0.21624 -21.208 6.6839 -6.1719 -3.3141 -3.5281 0.08554 -11.466 1.2903 -1.5528 -0.026735 1.1233
0 0 1 3 71.683 -15.254 -2.1646 -17.335 5.7334 -5.7732 3.8905 -1.1865 -1.724 -6.5072 5.7943 -1.203 7.8334 -1.7152
0 0 1 3 76.496 -14.8 -4.4863 -17.858 4.4999 -8.2732 -1.9179 -0.92938 2.6127 -8.3947 6.5653 -4.3645 0.036558 0.42333
0 0 1 3 73.42 -15.075 -3.9851 -17.539 5.5877 -10.829 2.2014 -5.5265 1.1767 -0.54327 0.32876 -2.7548 2.9885 -3.3446
0 0 1 3 73.42 -15.075 -3.9851 -17.539 5.5877 -10.829 2.2014 -5.5265 1.1767 -0.54327 0.32876 -2.7548 2.9885 -3.3446
0 0 1 3 74.38 -15.793 -6.5514 -13.49 6.1149 -9.4241 8.1867 -3.7586 5.946 -3.1557 5.2602 -1.1941 2.8143 0.45456
0 0 1 3 74.38 -15.793 -6.5514 -13.49 6.1149 -9.4241 8.1867 -3.7586 5.946 -3.1557 5.2602 -1.1941 2.8143 0.45456
0 0 1 3 74.38 -15.793 -6.5514 -13.49 6.1149 -9.4241 8.1867 -3.7586 5.946 -3.1557 5.2602 -1.1941 2.8143 0.45456
0 0 1 3 74.334 -14.577 -0.46148 -16.31 2.2046 -4.6043 3.8848 -6.9509 -3.8443 -3.4065 5.3322 -1.9149 3.2345 -6.0246
0 0 1 3 74.357 -14.596 -0.39105 -16.118 2.3676 -4.4853 3.6337 -6.8831 -3.831 -3.2014 5.6509 -2.0064 3.032 -6.322
0 0 1 3 74.357 -14.596 -0.39105 -16.118 2.3676 -4.4853 3.6337 -6.8831 -3.831 -3.2014 5.6509 -2.0064 3.032 -6.322
0 0 1 3 76.839 -13.739 -2.0821 -13.53 3.1375 -9.8007 -2.6651 -3.9957 0.89673 -5.4803 4.4158 -3.9587 -0.10284 -2.1483
0 0 1 3 68.417 -16.449 6.5798 -9.8796 7.9999 -5.4453 7.1332 -5.6744 5.7374 -6.2928 0.40451 -2.7222 -1.3196 -2.2718
0 0 1 3 78.469 -14.216 -1.3576 -19.496 1.175 -3.7887 -2.6138 -3.6027 3.5576 -4.3613 3.9597 -2.3493 4.1896 -1.254
0 0 1 3 75.582 -10.927 -1.1299 -21.889 7.7618 -6.6207 1.8174 -4.8858 1.0806 -2.2721 -0.4629 -0.79119 0.51749 -1.8192
0 0 1 3 74.04 -12.934 2.869 -18.906 0.33725 1.9393 1.823 -4.3625 3.111 -7.3838 4.0031 0.012167 3.6943 0.18328
0 0 1 3 74.515 -13.143 0.27443 -20.829 4.0974 -6.8314 0.80679 -6.0239 2.1601 -4.1457 0.67187 -1.7354 0.55942 -0.37464
0 0 1 3 69.124 -15.079 2.4193 -13.542 2.7515 -4.6532 3.5722 -2.033 5.5124 -7.5605 5.3205 -4.709 4.3623 -4.9433
0 0 1 3 74.189 -9.7461 1.4265 -23.977 6.3906 -5.8056 0.91357 -4.6627 2.4984 -0.76638 3.2621 -3.7523 3.0087 -0.78642
0 0 1 3 68.883 -15.544 2.7222 -10.229 4.9899 -2.8991 8.1822 -4.3713 8.8906 -2.7716 -1.2191 -1.5465 2.225 -3.9431
0 0 1 3 74.129 -12.481 3.1869 -20.758 0.082862 -3.2056 0.32998 -5.7114 1.1282 -3.646 2.244 -4.116 1.8011 -0.34832
0 0 1 3 76.28 -16.478 -6.0763 -17.025 3.7562 -3.4825 0.7467 1.4846 6.7409 -4.8295 8.3584 -2.7576 1.0286 1.4615
0 0 1 3 74.362 -11.173 -0.40211 -21.063 7.0007 -7.9706 1.419 -7.2684 0.6125 -1.7318 1.4286 -2.1066 2.1375 -0.048208
0 0 1 3 70.881 -14.86 -1.8502 -11.366 0.72589 -10.679 5.3293 -8.5548 9.8016 -5.2144 4.3996 -4.2891 4.9205 -2.4966
0 0 1 3 73.487 -11.65 0.45548 -16.568 6.0727 -5.1403 2.4166 -3.2801 5.4377 -2.7886 3.3089 -3.9107 3.1697 -1.7966
0 0 1 3 73.731 -10.83 2.501 -20.319 2.5751 -6.5488 -2.6428 -7.3326 4.7121 -5.102 2.3888 -2.8506 2.1586 -1.2127
0 0 1 3 78.31 -11.017 0.78773 -21.042 0.36822 -3.7286 -1.7503 -7.198 4.2976 -11.227 -1.0381 0.18836 0.54925 1.6116
0 0 1 3 76.399 -12.535 -0.0072733 -21.71 0.1276 -2.4642 4.1643 -2.8111 -2.8225 -11.373 -0.73618 2.9167 4.3788 2.8358
0 0 1 3 76.141 -9.7885 4.1796 -20.843 3.6834 -11.072 3.6228 -10.144 1.2639 -2.9846 -2.8349 0.48979 -2.8152 -1.9308
0 0 1 3 73.411 -15.408 -2.5106 -14.656 6.2065 -4.7763 3.8486 -1.3993 4.5347 -5.6056 7.1192 -4.0459 2.1843 -0.010658
0 0 1 3 73.411 -15.408 -2.5106 -14.656 6.2065 -4.7763 3.8486 -1.3993 4.5347 -5.6056 7.1192 -4.0459 2.1843 -0.010658
0 0 1 3 73.749 -14.278 -1.8353 -17.703 2.6412 -6.7264 -3.9875 -0.83732 1.8795 -4.7681 7.1269 -5.6762 5.1204 -1.5978
0 0 1 3 69.719 -15.392 0.159 -10.485 4.6293 -6.1358 9.4774 -6.9207 4.2538 -2.297 1.1361 -2.7093 3.7647 -0.55612
0 0 1 3 76.547 -14.675 -3.237 -17.632 4.995 -6.557 0.19333 -0.02243 3.9195 -2.2121 3.8536 -1.0195 2.1079 -0.80924
0 0 1 3 77.364 -13.479 -2.1618 -20.535 1.4463 -6.2654 -1.6465 -5.9491 3.9675 -3.5577 -1.2585 0.30858 2.2716 -3.2016
0 0 1 3 75.471 -11.911 3.1999 -17.606 -0.16865 -5.3266 2.0023 -9.9315 0.92387 -0.28677 2.4946 -5.015 4.4514 -1.7617
0 0 1 3 76.255 -16.637 -6.291 -18.786 5.8002 -4.8745 -1.1382 -0.45147 3.4549 -5.4308 5.5552 -2.8124 0.87562 0.20756
0 0 1 3 73.676 -12.691 -0.046823 -16.863 5.3208 -14.958 4.6365 -0.90716 1.0782 -6.0134 5.1139 -1.939 3.4481 0.15639
0 0 1 3 76.116 -15.967 -4.7386 -17.691 3.3837 -5.5844 2.6871 -0.90178 0.94589 -5.405 5.1823 -1.0289 5.6308 -0.017707
0 0 1 3 74.79 -15.072 -0.82448 -20.983 0.63605 2.3596 12.413 -3.8476 -6.2737 -11.374 -1.2352 2.8582 7.4426 -0.052997
0 0 1 3 75.004 -15.761 -1.4257 -20.271 1.4721 4.5735 12.15 -4.0493 -5.1578 -9.8676 -1.0029 3.0859 7.1062 -1.0679
0 0 1 3 74.831 -15.944 -1.5047 -19.52 2.214 5.3485 12.152 -4.13 -4.7995 -9.1596 -0.57863 3.3627 6.9787 -1.3536
0 0 1 3 74.096 -13.469 -3.0042 -16.102 5.1314 -8.3686 3.0985 -6.3199 3.9104 -3.5374 5.6606 -0.8278 4.4824 1.2799
0 0 1 3 75.301 -15.52 -2.2451 -19.906 3.2942 -9.0587 0.076685 -1.9761 0.33962 -1.5359 3.3088 -3.7029 -0.72947 -0.038464
0 0 1 3 75.272 -15.461 -2.2773 -19.911 3.4556 -9.0718 0.10959 -1.7276 0.19572 -1.357 3.3184 -3.7423 -0.71559 -0.065294
0 0 1 3 69.499 -15.726 3.3602 -10.23 7.3367 -3.2984 7.1728 -8.2615 3.7949 -3.8271 1.3961 -1.2938 4.5244 -4.085
0 0 1 3 71.02 -15.147 -1.0046 -18.073 1.7091 -9.5482 -0.095955 -4.3802 6.5655 -6.1803 8.7167 0.76351 1.1274 3.5284
0 0 1 3 74.955 -13.511 -2.0661 -19.803 4.4345 -6.9631 -1.8861 -4.4268 6.4171 -3.1009 2.8826 0.72805 2.5356 -1.3682
0 0 1 3 76.492 -14.6 -5.5639 -23.076 2.6129 -5.6485 -7.31 -2.7643 4.1843 -6.8226 5.4532 0.4777 2.0533 1.2505
0 0 1 3 74.401 -13.868 2.6344 -19.167 4.5676 -5.4645 -1.9352 -2.3094 3.885 -3.6048 1.4591 -1.8197 2.723 0.34604
0 0 1 3 76.387 -14.687 0.33473 -14.685 3.6641 -11.85 -1.7157 -5.0062 1.3085 -7.632 1.2958 -1.6832 -0.74796 0.03523
0 0 1 3 69.62 -16.112 1.2445 -11.184 5.6514 -5.994 7.7643 -8.0509 7.5578 -3.7562 0.27397 -2.7987 2.4174 -1.7022
0 0 1 3 77.21 -12.661 -1.8773 -11.652 5.8105 -7.7778 1.5154 -7.4294 6.121 -4.8775 6.0278 -3.4781 2.5145 0.94614
0 0 1 3 77.21 -12.661 -1.8773 -11.652 5.8105 -7.7778 1.5154 -7.4294 6.121 -4.8775 6.0278 -3.4781 2.5145 0.94614
0 0 1 3 76.863 -15.798 -3.1346 -12.597 1.3858 -15.674 1.5357 -0.32063 -2.7659 -5.4899 2.1022 -3.8442 4.0101 -1.7793
0 0 1 3 76.863 -15.798 -3.1346 -12.597 1.3858 -15.674 1.5357 -0.32063 -2.7659 -5.4899 2.1022 -3.8442 4.0101 -1.7793
0 0 1 3 74.21 -17.666 -4.5621 -16.11 7.9425 -2.43 1.8067 0.27948 6.2942 -5.8833 6.4554 -1.4338 -0.43727 1.4971
0 0 1 3 75.932 -16.187 -4.1088 -17.853 4.0093 -2.1229 -2.5053 -1.9022 3.2085 -6.0771 5.6816 -3.6667 1.5128 -0.28187
0 0 1 3 68.6 -16.217 4.8881 -10.149 3.5954 -1.9221 7.9814 -9.5173 5.0962 -4.3494 0.047864 -2.2168 -0.91871 -2.0652
0 0 1 3 73.609 -16.603 -0.4851 -21.936 4.3405 -7.3098 -3.125 -0.62244 1.6915 -1.86 2.378 0.85377 1.3609 -0.58864
0 0 1 3 69.763 -16.842 1.9827 -12.987 4.0862 -7.0569 5.8824 -11.027 8.4504 -5.4377 3.0005 0.74551 2.5113 -1.1388
0 0 1 3 68.444 -16.401 2.444 -5.47 7.2528 -5.6637 9.4912 -9.9301 6.45 -6.2773 1.4416 -5.0912 -0.48905 -2.6176
0 0 1 3 76.048 -14.982 -4.3879 -15.02 2.3224 -8.641 1.6768 -4.6056 2.178 -5.1848 2.8459 -3.7744 2.4442 -0.38366
0 0 1 3 76.048 -14.982 -4.3879 -15.02 2.3224 -8.641 1.6768 -4.6056 2.178 -5.1848 2.8459 -3.7744 2.4442 -0.38366
0 0 1 3 73.636 -16.831 -1.2571 -17.199 3.7595 -6.3932 -0.6703 -1.4829 0.86326 -5.6683 3.5879 -4.3334 -0.14374 -1.5515
0 0 1 3 72.129 -16.475 -3.6655 -14.546 5.7806 -6.8609 4.1252 -6.1741 4.5062 -5.0182 3.6425 -4.3195 2.6286 -0.94404
0 0 1 3 72.129 -16.475 -3.6655 -14.546 5.7806 -6.8609 4.1252 -6.1741 4.5062 -5.0182 3.6425 -4.3195 2.6286 -0.94404
0 0 1 3 74.844 -15.613 -2.4453 -16.715 5.8855 -3.2261 0.55312 0.69779 2.891 -3.642 2.2581 -2.4331 2.7311 -1.0651
0 0 1 3 75.92 -15.728 -3.6652 -7.8959 1.9605 -10.063 2.5053 -7.0207 4.5104 -7.0497 3.4637 -4.1635 0.99385 -3.3235
0 0 1 3 77.667 -18.399 -6.7392 -11.151 4.903 -3.7117 7.6082 -5.9413 4.8778 -6.112 -1.6923 -1.8768 -1.7297 -1.8855
0 0 1 3 77.667 -18.399 -6.7392 -11.151 4.903 -3.7117 7.6082 -5.9413 4.8778 -6.112 -1.6923 -1.8768 -1.7297 -1.8855
0 0 1 3 73.108 -13.043 -0.81501 -19.588 6.3605 -7.8798 0.7489 -2.0639 1.6428 -4.2644 2.1051 -3.0181 1.029 -1.0396
0 0 1 3 73.516 -12.471 -2.1941 -20.133 9.4212 -5.3088 0.793 -5.3833 3.1998 -8.2277 -0.84517 -2.6759 1.1137 -5.0513
0 0 1 3 71.64 -15.275 -3.4198 -16.788 5.5126 -8.257 2.2418 -4.7064 5.5615 -3.4114 3.9296 -3.7489 5.2448 -3.1045
0 0 1 3 74.501 -16.842 -1.9474 -9.9278 6.251 -8.4756 -5.646 -10.049 5.2417 -1.7507 1.4004 -2.5767 -0.25919 -3.1987
0 0 1 3 76.175 -14.656 -4.6082 -19.307 8.9396 -4.4437 1.7934 0.66803 -0.086679 -5.5817 2.3979 -8.182 2.7916 -3.3814
0 0 1 3 72.222 -17.722 -2.9713 -15.708 8.9323 -8.5006 2.5724 -2.5792 1.603 -0.43014 5.306 -3.1698 2.6108 -0.38457
0 0 1 3 75.267 -20.381 -9.8871 -9.3912 3.0685 -7.4549 6.6544 -7.7204 6.4215 -4.1594 3.3959 -3.5579 1.7384 -1.3521
0 0 1 3 74.181 -13.258 -3.5089 -16.513 6.4553 -9.3688 3.6279 -3.036 2.6107 -2.8437 3.4094 -3.2688 2.2574 -1.639
0 0 1 3 75.86 -18.008 -4.8336 -13.54 3.4153 -12.926 3.4265 -2.3739 0.69331 -0.71265 2.021 -1.9807 2.6835 -1.7357
0 0 1 3 73.807 -15.879 -4.921 -10.866 7.4226 -9.6068 2.2765 -6.266 1.0722 -6.2404 5.7188 -1.5845 2.3407 -1.9447
0 0 1 3 67.043 -19.095 4.3368 -6.9849 5.4722 -5.2403 5.7913 -6.5258 4.5948 -3.3314 6.5842 -3.1672 5.374 -3.4488
0 0 1 3 72.362 -15.198 -3.8916 -13.411 5.8184 -7.5962 3.2728 -3.1761 3.1806 -3.9192 2.607 -4.3512 3.1994 -5.1352
0 0 1 3 72.362 -15.198 -3.8916 -13.411 5.8184 -7.5962 3.2728 -3.1761 3.1806 -3.9192 2.607 -4.3512 3.1994 -5.1352
0 0 1 3 71.823 -13.046 -1.4814 -14.528 11.653 -1.891 3.8606 -2.0649 3.247 -4.0986 3.3124 -4.7879 2.8311 -2.0254
0 0 1 3 77.585 -16.962 -8.415 -4.7862 3.2316 -4.971 2.9303 -5.4809 2.1292 -3.8082 5.747 -7.452 6.2209 -5.2985
0 0 1 3 77.585 -16.962 -8.415 -4.7862 3.2316 -4.971 2.9303 -5.4809 2.1292 -3.8082 5.747 -7.452 6.2209 -5.2985
0 0 1 3 76.158 -15.956 -10.215 -11.11 6.5891 -10.685 10.392 -6.5113 3.0359 -3.0149 1.0014 -5.7054 2.9475 -4.133
0 0 1 3 69.824 -17.518 1.4613 -7.1202 4.3613 -6.3432 5.3844 -7.408 3.2598 -6.5061 0.99823 -2.6389 2.4566 -2.709
0 0 1 3 76.847 -18.333 -1.219 -7.4396 5.4324 -3.7414 2.0034 4.5205 -6.0448 -6.8277 3.8753 -8.2704 6.4902 -0.30912
0 0 1 3 76.847 -18.333 -1.219 -7.4396 5.4324 -3.7414 2.0034 4.5205 -6.0448 -6.8277 3.8753 -8.2704 6.4902 -0.30912
0 0 1 3 70.812 -15.819 -4.8449 -13.05 8.1755 -3.4413 8.2338 -5.323 7.7463 -4.2886 0.44846 -3.0993 -0.60693 -4.4083
0 0 1 3 72.669 -13.384 -5.1198 -13.097 8.2804 -8.4099 3.4618 -1.601 3.4492 -4.9415 5.3878 -6.9112 3.0104 -3.5595
0 0 1 3 76.042 -14.222 -3.1643 -10.513 3.5528 -9.5041 4.4493 -5.5971 4.7065 -2.3985 1.2334 -1.0511 2.4398 -0.27284
0 0 1 3 75.794 -13.982 -4.8025 -10.583 9.2354 -12.011 1.6719 -2.793 2.5486 -3.2248 5.303 -3.5713 3.9494 -0.41358
0 0 1 3 77.638 -17.285 -7.3021 -4.9844 -0.97761 -5.5345 5.2893 -7.7946 4.7773 -5.0921 1.606 -1.6546 3.6745 -3.1452
0 0 1 3 73.742 -19.332 -3.4834 -1.0509 4.4968 -8.6797 2.074 -11.16 6.1065 -1.8958 4.5283 -2.9451 0.68931 -2.143
0 0 1 3 71.605 -17.69 -2.2232 -4.2656 1.8342 -7.67 4.9347 -9.8008 7.4763 -4.8798 6.1179 -2.3531 3.2491 -2.3197
0 0 1 3 80.173 -5.8049 -5.9239 -4.8848 -1.7699 1.7613 1.0046 -5.8855 7.1095 -6.8334 3.0139 -1.9731 1.017 -0.87033
0 0 1 3 80.173 -5.8049 -5.9239 -4.8848 -1.7699 1.7613 1.0046 -5.8855 7.1095 -6.8334 3.0139 -1.9731 1.017 -0.87033
