1 1 1 1 72.779 -14.976 6.6401 -10.142 -1.3582 -2.2796 -1.1541 2.7221 -6.8544 1.1158 1.5524 -6.4183 4.6508 -2.9629
1 1 1 1 75.286 -15.865 -1.5386 -2.989 -1.1459 -1.479 -0.65072 -3.6319 6.7888 -10.294 -2.6502 -5.6835 0.66565 -1.7099
1 1 1 1 75.058 -15.637 -1.1526 -7.3758 1.074 -2.1363 -6.868 -7.4861 4.9122 -1.4485 -2.0002 -9.6683 -0.23041 -3.4775
1 1 1 1 72.471 -13.894 4.4609 -9.7323 0.68734 -5.0811 -2.9 -1.9808 -0.17474 -4.5757 -0.8005 -1.8957 3.21 -4.2131
1 1 1 1 75.679 -16.662 -2.5126 1.7165 -0.64037 -5.3662 1.1832 -7.2946 5.6046 -4.5738 -1.532 -0.34758 2.7891 -2.1034
1 1 1 1 73.953 -16.405 0.053671 0.71946 5.4618 -6.1027 -8.2831 -1.4101 0.24101 -4.9507 -3.201 -5.4375 1.7632 -2.3558
1 1 1 1 73.514 -16.157 0.93846 -3.0268 -0.32452 -4.12 -4.5166 -3.1557 8.3177 -11.522 1.784 -1.0569 2.2718 -4.716
1 1 1 1 75.064 -16.394 -0.44494 1.365 -4.0059 -6.9134 1.0629 -5.5808 -1.1273 -3.3865 0.02739 -2.967 1.4831 -5.3591
1 1 1 1 75.12 -16.379 -1.0779 1.7783 -3.6756 -6.7896 0.51442 -5.7568 -1.6863 -3.6083 -0.16897 -3.6317 1.1889 -5.3315
1 1 1 1 73.782 -16.109 2.8359 -2.1709 -4.8429 -5.8966 0.89235 -4.0929 -1.7592 -5.4249 4.0313 -2.6532 -0.52542 -0.30677
