1 1 1 1 60.462 -14.805 5.2325 -4.3487 4.3776 -5.8564 4.6393 -2.7955 7.9149 -2.6083 7.9367 -1.2732 2.8419 -2.5124
1 1 1 1 60.176 -14.65 3.4753 -3.5603 7.8655 -6.6619 7.0162 -3.7863 5.174 -6.2568 5.5583 2.0875 0.74901 -2.3143
1 1 1 1 59.296 -12.437 2.6729 -3.8093 2.318 -2.1334 2.8048 1.3096 4.5756 -3.5675 4.6864 -1.1625 6.1565 -0.92304
1 1 1 1 59.003 -12.713 2.101 -2.8969 1.0564 -1.6665 1.0245 1.6617 5.9498 -1.7657 7.291 1.1428 4.3551 0.033189
1 1 1 1 62.254 -12.297 5.7049 -5.7387 7.3109 -6.4823 4.7358 -4.5898 4.7427 -4.882 5.1573 -2.0792 1.1298 1.0886
1 1 1 1 62.593 -14.743 8.1695 -4.5857 4.6403 -5.943 7.2831 -1.2776 4.9848 -6.4461 2.758 -5.3226 0.47241 -0.34472
1 1 1 1 62.621 -14.746 8.248 -4.8855 4.6141 -5.7276 7.4294 -1.4332 4.7141 -6.1212 2.9485 -5.7116 0.0067708 -0.43952
1 1 1 1 58.714 -11.161 2.84 -2.2713 2.4629 -0.93645 3.4011 -1.4699 5.34 -2.5171 0.75842 -0.77313 1.0168 0.46156
1 1 1 1 59.077 -10.794 2.5464 -3.6427 3.2448 -1.8172 2.6844 -1.9651 4.4959 -4.4718 3.4238 -0.041067 4.247 -0.16337
1 1 1 1 58.596 -11.596 2.9041 -1.211 1.5547 -1.0671 2.0313 -3.4661 4.6146 -0.37951 4.0436 -2.1938 2.393 -0.67884
1 1 1 1 58.497 -12.279 1.2602 -2.6984 2.7933 -2.8428 2.2942 1.4276 4.502 3.2516 2.102 3.3712 3.4043 -1.9449
1 1 1 1 58.671 -12.183 0.16556 -2.2998 3.0346 -0.6573 3.4888 -0.62455 5.7992 1.0069 6.3493 0.1361 1.8735 0.28234
1 1 1 1 58.599 -12.414 0.045972 -2.6286 3.234 0.93859 4.6691 -1.9426 5.4328 -0.38141 5.8497 -0.46849 2.395 0.53428
1 1 1 1 58.527 -12.491 0.23039 -2.2714 2.6705 1.2693 5.4617 -2.6179 4.8848 -0.62153 5.6779 -0.64647 3.0054 1.2411
1 1 1 1 58.649 -11.655 1.7513 -2.0633 2.7661 0.36781 2.2205 -3.1304 3.8408 -0.65099 3.8343 -0.75596 2.0672 -3.5587
1 1 1 1 58.743 -11.758 1.8753 -3.3784 4.0891 -0.17727 2.3273 -1.4975 2.3048 -0.1712 6.7199 -1.7063 4.029 -0.21806
1 1 1 1 59.19 -11.815 2.2933 -3.4344 5.2898 -0.4111 2.4802 -2.7045 2.15 0.0089753 4.9013 -2.5038 3.2657 -1.5281
1 1 1 1 61.911 -12.486 6.8108 -6.4059 5.5595 -5.3027 5.0888 -5.0371 4.4659 -4.1547 3.2381 0.14809 1.5831 -2.3431
1 1 1 1 60.866 -13.667 6.5514 -5.2357 6.0919 -4.8072 5.1847 -4.2837 7.173 -3.8133 4.3795 -3.4457 3.2487 -0.43707
1 1 1 1 59.96 -13.206 4.0463 -5.4764 5.6345 -5.4831 6.5002 -2.7508 6.6081 -5.2869 2.0944 -2.7709 1.7574 -1.0093
1 1 1 1 59.789 -13.471 3.8219 -5.0631 5.3381 -4.3364 7.0329 -2.1738 7.1564 -5.4064 3.1013 -3.7334 1.4431 -2.5732
1 1 1 1 61.614 -12.149 5.1334 -6.2668 6.0057 -4.8782 5.209 -2.7692 6.1485 -4.6117 5.576 -4.2754 3.173 -2.8843
1 1 1 1 62.011 -14.417 5.8621 -5.2562 4.2371 -6.4057 6.9449 -3.9543 6.1293 -3.3356 2.9281 -1.9891 2.0847 -0.5338
1 1 1 1 58.734 -11.714 0.18058 -2.5937 2.6419 -1.1184 1.951 -1.2077 1.9942 1.2215 6.3583 -0.35745 2.2507 0.90333
1 1 1 1 60.101 -13.443 6.7088 -7.1073 6.8512 -4.5835 5.8828 -5.5029 5.9822 -1.6233 4.0171 -5.0226 3.0441 -3.2836
1 1 1 1 60.093 -14.916 6.0028 -6.4156 9.8295 -1.1027 4.4523 -3.8254 6.3506 -6.7774 3.3886 -2.7169 1.9738 -0.94711
1 1 1 1 59.089 -12.573 2.1063 -1.7921 4.138 -0.3574 2.9946 -3.2803 2.6064 -1.3998 3.6319 1.2718 1.5578 0.17727
1 1 1 1 58.946 -13.399 2.5392 -3.8993 5.2437 -3.0695 3.56 -2.3125 6.2989 0.14301 4.2393 0.028903 1.4486 1.3738
1 1 1 1 59.276 -11.808 1.4706 -3.3734 2.6912 -1.913 2.1616 0.29171 6.5992 -0.95429 3.718 -1.2182 4.5906 -1.4728
1 1 1 1 60.577 -10.522 3.3983 -2.3463 1.7685 -1.9922 1.8645 -0.41452 2.3718 0.28144 1.7698 0.28732 2.2614 -2.2479
1 1 1 1 59.287 -12.487 2.3839 -3.434 4.6489 -1.6797 4.6086 -1.495 0.90815 -2.5166 2.7615 -0.77005 5.6971 -2.1371
1 1 1 1 61.97 -14.307 6.6245 -4.6154 2.8251 -6.6859 7.5759 -6.9328 6.3759 -1.8419 4.7086 -1.1314 1.7831 1.8227
1 1 1 1 62.267 -11.672 5.7445 -5.983 6.6239 -6.6373 7.1332 -5.3592 5.8669 -3.3371 3.2198 -0.66296 1.8057 -0.25893
1 1 1 1 59.849 -14.655 4.2597 -5.3732 6.1147 -5.1816 10.408 -1.7583 7.9991 -1.2076 4.2917 1.3758 1.0986 -0.897
1 1 1 1 60.457 -15.114 5.7057 -6.2864 7.4931 -5.3116 10.43 -3.0624 5.6905 -2.1926 2.6523 3.7533 3.0847 -0.06343
1 1 1 1 60.491 -13.244 3.0357 -1.0648 1.0317 -1.7245 1.1028 0.50265 4.9762 -3.7507 2.1963 -1.5216 2.3637 -1.9862
1 1 1 1 60.252 -13.461 2.5743 -1.1749 2.7707 0.037115 0.9584 0.27288 5.2205 -4.3174 3.6808 0.80659 2.3138 -4.5892
1 1 1 1 61.744 -16.09 7.1528 -6.3206 6.5633 -5.284 5.1894 -4.0193 4.0164 -2.0087 3.5282 -0.27939 0.55205 -1.3933
1 1 1 1 60.434 -14.214 2.9717 -3.3657 5.6139 1.338 4.0975 -2.2469 3.999 -5.8965 4.6241 -0.64847 -0.025699 -0.31216
1 1 1 1 61.179 -11.912 2.559 -2.573 1.9942 1.174 0.15208 -1.142 2.1986 -4.6061 3.4221 -0.53321 1.0574 -0.43822
1 1 1 1 61.033 -11.322 3.2462 -3.4182 1.924 -0.70952 0.2912 0.10282 3.8289 -3.3245 3.9172 1.2764 -1.2076 2.9144
1 1 1 1 61.068 -10.244 2.6873 -1.7938 1.0412 -3.4381 3.4806 -0.41445 0.23604 -1.9413 1.9819 -0.91532 1.8745 -1.4967
1 1 1 1 61.813 -13.649 4.0181 -4.5753 8.0673 -9.5039 7.4882 -0.85047 0.78847 -1.5889 6.3877 0.13491 0.55012 -1.3221
1 1 1 1 60.976 -13.637 5.6908 -9.6632 8.2936 -7.4645 5.8315 -4.5091 6.5358 -2.0638 0.72054 -1.0204 1.4676 1.3164
1 1 1 1 60.645 -13.979 4.6596 -8.0675 6.1535 -6.3423 7.6264 -3.4135 7.4044 -2.6576 6.1166 -0.31588 1.1857 0.27632
1 1 1 1 62.381 -12.701 5.848 -6.2133 6.0448 -5.5776 6.5882 -4.5811 3.3732 -3.9547 3.4411 -0.21444 1.1813 0.88739
1 1 1 1 61.379 -12.986 5.8349 -6.925 8.0985 -7.1599 7.4941 -4.6695 3.9722 -2.146 1.1604 0.86747 1.887 1.0945
1 1 1 1 61.553 -14.418 6.3444 -5.7456 7.0071 -7.0758 5.7813 -4.9488 1.7237 -3.5867 3.1956 3.056 1.616 -0.44858
1 1 1 1 60.798 -14.768 4.38 -5.529 7.115 -2.8191 6.0933 -5.0931 4.8325 -0.3729 4.2723 -1.2312 1.2459 -0.45764
1 1 1 1 61.574 -15.134 6.8222 -7.4896 6.4563 -4.4153 6.2502 -4.576 4.6139 -0.91375 4.4439 -1.1798 1.8185 1.6944
1 1 1 1 60.707 -13.844 5.3944 -7.219 5.7329 -4.661 5.1584 -1.2372 6.9733 1.9223 2.9719 -0.31401 -0.24075 -2.1052
1 1 1 1 59.634 -13.095 2.5486 -4.6391 1.8791 -0.573 4.3829 -3.0747 6.9947 -0.22671 2.9332 -0.56378 3.9412 -1.3277
1 1 1 1 59.613 -12.932 2.0282 -4.2369 1.4915 -0.029854 3.3511 -3.0308 6.5107 0.51477 2.8402 -0.56732 3.9137 -1.8067
1 1 1 1 59.173 -12.973 3.6242 -3.3263 2.0489 -2.5262 3.9879 -1.0582 3.8993 -1.6224 3.0119 -1.463 2.4107 2.0174
1 1 1 1 58.793 -12.677 1.7334 -3.0307 1.934 -0.78348 5.28 -0.2931 2.0999 -1.0773 6.3559 1.0432 2.6338 -0.26594
1 1 1 1 59.862 -11.541 1.519 -1.527 3.1597 -1.2974 3.9417 0.32096 1.1874 -2.5181 3.1442 1.1338 2.8091 0.043794
1 1 1 1 62.749 -12.586 6.0998 -6.0603 5.3172 -6.1916 5.8086 -5.6764 2.9832 -0.83347 3.5708 -3.1977 1.5807 -0.74116
1 1 1 1 61.135 -14.682 6.8906 -6.5115 5.5838 -2.5902 7.2305 -4.6554 2.4881 -3.7528 3.9107 1.7063 -0.13142 -0.93331
1 1 1 1 61.271 -14.628 6.511 -6.6852 5.6901 -3.3843 7.7177 -4.8921 2.7376 -2.708 2.7233 0.36894 -0.17835 0.20692
1 1 1 1 60.619 -14.661 3.5352 -3.1954 6.9193 -5.1773 8.5314 -5.8489 1.5751 1.3539 3.3871 -2.5439 0.97079 2.5465
1 1 1 1 60.965 -15.427 3.7565 -3.1573 7.481 -5.9289 9.0144 -4.3643 1.7516 0.90098 4.0467 -0.98872 1.4512 2.1321
1 1 1 1 59.15 -12.973 2.0225 -3.0314 4.5138 -3.6672 5.4409 -2.9536 4.8984 -1.7833 4.0164 0.14177 1.9912 1.1208
1 1 1 1 60.428 -14.101 5.4166 -5.5753 4.7702 -5.7508 6.9064 -3.4046 7.65 -5.0373 0.30765 -0.92203 1.2741 0.47325
1 1 1 1 60.724 -13.759 6.2444 -6.8335 6.8282 -3.2813 9.8133 -3.3634 5.2293 -6.0151 2.3751 2.2907 -1.7679 -1.0297
1 1 1 1 59.95 -14.227 6.3307 -6.4614 8.8108 -4.7642 2.7288 -6.6847 5.1945 -3.332 5.6246 -0.24984 0.74587 2.6908
1 1 1 1 62.347 -11.979 6.045 -5.3787 5.6004 -4.7583 6.8674 -5.5399 5.3647 -4.4213 3.2889 -1.9433 1.3934 -0.27644
1 1 1 1 61.757 -11.743 5.646 -5.9768 6.448 -7.2544 6.0648 -4.5412 3.6028 -1.8359 2.5841 0.99179 2.1405 -0.31799
1 1 1 1 61.703 -14.491 5.5353 -4.4532 4.6609 -3.0054 4.8379 -2.0279 6.623 -4.2434 4.2768 -2.8372 -0.033538 -1.1449
1 1 1 1 61.391 -15.464 6.8509 -5.9491 2.7841 -0.63763 5.8839 -4.0354 4.3392 -5.6069 6.0304 -1.8582 0.90009 2.7831
1 1 1 1 61.202 -14.145 4.7125 -5.8051 5.0885 -5.2173 3.6051 -2.6708 4.3576 -1.5249 0.40066 -2.0251 1.0719 -1.7238
1 1 1 1 61.261 -14.395 5.7673 -5.5731 6.7345 -5.7166 3.2063 -5.7751 6.5527 -1.9382 6.2081 -2.1638 -0.51668 -0.43341
1 1 1 1 61.982 -11.8 6.4198 -7.3118 6.2771 -5.9809 7.3034 -6.9324 4.7534 -3.0957 0.19047 -1.5714 -0.60847 -1.2832
1 1 1 1 62.582 -11.847 5.848 -6.1766 5.3408 -4.793 5.4879 -5.7687 4.2813 -2.7296 0.80782 -0.33482 -0.38519 -0.64718
1 1 1 1 61.927 -13.608 5.3769 -6.9692 7.7158 -7.0765 6.3646 -3.6543 1.616 -3.8927 5.7098 2.5734 3.5159 -1.5906
