0 0 3 3 65.635 -6.9007 2.7502 -1.5705 3.8753 -1.2633 2.3673 1.3973 0.41079 -2.1679 0.50502 -0.87607 1.3647 -1.3284
0 0 3 3 64.244 -7.0964 3.6353 -0.3804 2.5762 -2.413 1.4488 -2.0398 -1.1715 2.4577 -1.2778 0.5061 -0.46789 1.1234
0 0 3 3 63.364 -9.6214 5.7786 -1.3579 1.24 1.7265 1.6384 1.0243 -1.6708 -3.1727 -0.0083452 0.72479 -0.053128 1.6726
0 0 3 3 66.498 -12.059 1.6082 2.3224 -2.5456 6.9865 5.8927 1.3766 -5.1289 -2.2132 6.914 -2.3009 2.7434 1.1865
0 0 3 3 66.349 -12.176 1.1978 2.0798 -2.4363 6.8098 5.8981 1.7772 -4.8791 -2.0296 6.7723 -1.6883 2.8687 1.1446
0 0 3 3 66.622 -10.35 0.85985 0.54535 1.2795 -0.42498 6.1418 5.8456 0.46805 -4.0944 -1.711 0.9814 1.2917 -0.75191
0 0 3 3 66.622 -10.35 0.85985 0.54535 1.2795 -0.42498 6.1418 5.8456 0.46805 -4.0944 -1.711 0.9814 1.2917 -0.75191
0 0 3 3 68.285 -12.143 -1.7222 3.7133 2.4098 1.8496 4.321 3.4181 2.4962 -6.5627 -2.7464 0.52685 -0.69539 -3.6304
0 0 3 3 68.285 -12.143 -1.7222 3.7133 2.4098 1.8496 4.321 3.4181 2.4962 -6.5627 -2.7464 0.52685 -0.69539 -3.6304
0 0 3 3 68.215 -12.074 -1.6543 3.3344 2.5146 1.7076 3.5565 3.1593 2.7989 -6.7447 -2.5442 0.30039 -0.98905 -4.0558
0 0 3 3 68.215 -12.074 -1.6543 3.3344 2.5146 1.7076 3.5565 3.1593 2.7989 -6.7447 -2.5442 0.30039 -0.98905 -4.0558
0 0 3 3 67.333 -13.885 2.134 4.0054 -3.3473 3.2319 6.1787 -0.9717 1.2154 -1.7458 0.67551 1.3326 1.3106 -3.6342
0 0 3 3 67.069 -13.999 2.0857 4.612 -3.3531 3.4721 5.9959 -1.971 1.2055 -1.7438 1.1792 0.9753 1.6664 -4.1085
0 0 3 3 62.992 -7.8219 3.3507 0.38668 3.8056 1.0164 -2.5027 -1.4366 -3.8697 2.6376 -3.8317 -2.9741 0.19509 -0.76593
0 0 3 3 64.433 -7.08 2.9865 -2.6 2.8011 -1.3707 0.35404 0.68554 -5.6128 -0.64637 -2.4953 2.8412 0.50507 1.1602
0 0 3 3 64.945 -11.036 0.89317 1.0373 -0.59773 0.26324 -0.17447 -3.2955 2.6642 -2.5338 1.9129 1.8223 -3.7191 -2.0951
0 0 3 3 65.573 -11.564 -0.58183 2.7688 1.0037 -0.22915 1.5935 -5.7649 4.0529 -1.1005 0.35739 2.3373 -3.4441 -2.1389
0 0 3 3 62.262 -8.7231 4.5805 -0.70416 5.0266 -2.3628 0.40023 1.7933 1.7214 1.3487 0.024713 2.0489 -1.9031 -4.2248
