0 1 1 3 59.743 -10.198 3.5835 -4.9644 0.51409 -0.27038 0.95492 -0.043223 3.0582 -2.4563 -4.4705 -2.1186 3.1421 5.2351
0 1 1 3 59.917 -9.9951 2.5742 -5.6185 -0.60594 0.21487 0.95171 5.4674 5.6086 -4.2325 -2.6707 1.3277 -2.6949 2.5711
0 1 1 3 59.95 -10.063 2.9431 -6.2392 1.9241 -2.7897 5.6782 2.6238 0.52587 -1.45 -4.3102 2.3939 1.3782 -0.017683
0 1 1 3 60.174 -10.32 3.1267 -5.185 1.0456 -3.7996 2.9166 1.8269 4.2691 -2.5688 -3.612 0.23461 2.7009 5.1124
0 1 1 3 55.064 -9.8274 2.6329 -0.031958 2.1257 3.5732 1.037 -2.4313 4.5032 -0.7847 2.8035 2.5329 -2.2519 1.502
0 1 1 3 61.168 -11.309 4.1902 -5.5298 -0.50405 -4.1265 2.1423 8.1747 -1.2149 -7.72 0.12792 3.3577 1.4504 4.5317
0 1 1 3 63.926 -10.169 4.0945 -7.1156 -0.016899 -1.4854 2.1638 1.5204 2.3573 -3.0684 -2.1922 0.035516 2.2978 5.3199
0 1 1 3 63.926 -10.169 4.0945 -7.1156 -0.016899 -1.4854 2.1638 1.5204 2.3573 -3.0684 -2.1922 0.035516 2.2978 5.3199
0 1 1 3 59.813 -9.5223 2.5943 -5.5416 3.1562 -4.1494 4.5416 5.9748 4.5474 -6.7318 -0.53017 0.42532 3.1039 1.0777
0 1 1 3 59.73 -9.8118 2.2732 -5.9423 -0.41977 -1.1862 4.9428 4.6127 0.75269 -2.9321 -1.2469 4.1983 1.1876 5.6002
0 1 1 3 59.73 -9.8118 2.2732 -5.9423 -0.41977 -1.1862 4.9428 4.6127 0.75269 -2.9321 -1.2469 4.1983 1.1876 5.6002
0 1 1 3 59.707 -9.8398 4.6198 -5.1477 -0.43498 -2.8611 3.593 3.0194 1.2501 -3.1724 -4.4064 0.71475 5.3276 1.2592
0 1 1 3 59.779 -9.4977 4.5268 -5.9775 -2.2191 1.3054 4.1398 8.4002 3.1189 -1.034 -2.6421 -1.374 1.4398 -1.3395
0 1 1 3 60.132 -9.6031 3.1533 -6.089 0.97984 -1.7998 1.4163 6.2251 1.8649 -7.0984 0.80111 2.3847 2.0722 6.832
0 1 1 3 60.132 -9.6031 3.1533 -6.089 0.97984 -1.7998 1.4163 6.2251 1.8649 -7.0984 0.80111 2.3847 2.0722 6.832
0 1 1 3 61.017 -9.5146 1.7124 -4.8345 1.475 -0.39181 2.2341 1.673 -0.064619 -3.2729 -1.3819 0.86492 2.0569 8.0673
0 1 1 3 61.017 -9.5146 1.7124 -4.8345 1.475 -0.39181 2.2341 1.673 -0.064619 -3.2729 -1.3819 0.86492 2.0569 8.0673
0 1 1 3 61.655 -10.699 3.7675 -7.0625 -1.2491 0.15248 3.59 5.2934 1.7029 -9.3058 -3.5261 2.6021 1.9372 4.1291
0 1 1 3 61.655 -10.699 3.7675 -7.0625 -1.2491 0.15248 3.59 5.2934 1.7029 -9.3058 -3.5261 2.6021 1.9372 4.1291
0 1 1 3 56.02 -9.277 0.95786 -0.95586 2.8061 1.2859 2.6629 0.68824 1.9249 0.9909 0.4637 3.9611 2.756 -2.8096
0 1 1 3 63.874 -10.936 5.0538 -6.9402 -0.36603 1.3032 4.5224 4.3939 2.5136 -4.7966 -3.4853 1.2458 2.4662 -1.8332
0 1 1 3 63.874 -10.936 5.0538 -6.9402 -0.36603 1.3032 4.5224 4.3939 2.5136 -4.7966 -3.4853 1.2458 2.4662 -1.8332
0 1 1 3 72.739 -8.7401 1.2892 -2.2938 0.75682 -0.070079 1.4287 0.031783 0.75466 -1.6176 -0.54825 -0.36206 1.2712 -0.31473
0 1 1 3 60.042 -10.045 3.4674 -2.1213 0.36453 -2.3209 6.5826 7.5741 4.6392 -5.5196 -6.1728 5.2482 0.34257 -0.54025
0 1 1 3 60.016 -9.9323 3.5837 -2.102 0.098313 -2.2898 6.3721 7.5362 4.6284 -5.9779 -6.7012 5.3531 0.47169 -0.65219
0 1 1 3 60.016 -9.9323 3.5837 -2.102 0.098313 -2.2898 6.3721 7.5362 4.6284 -5.9779 -6.7012 5.3531 0.47169 -0.65219
0 1 1 3 59.987 -10.494 3.3003 -3.5222 0.4781 -0.76023 3.5765 8.3211 6.4428 -3.4777 -7.8237 -2.2531 1.5713 0.60657
0 1 1 3 60.813 -9.9337 2.9777 -4.8034 -0.34537 -3.3048 1.8717 3.028 3.8393 -3.0715 0.17304 4.532 1.5718 1.7915
0 1 1 3 60.813 -9.9337 2.9777 -4.8034 -0.34537 -3.3048 1.8717 3.028 3.8393 -3.0715 0.17304 4.532 1.5718 1.7915
0 1 1 3 59.715 -11.837 2.7547 -3.2065 -0.14791 -0.8962 1.53 1.2332 4.6441 0.2064 -3.0833 -1.6006 3.0595 5.0394
0 1 1 3 61.315 -10.521 2.3298 -6.9836 -1.652 -1.7939 1.4984 1.5261 3.6968 -2.8228 -2.289 3.9408 6.2918 3.0221
0 1 1 3 54.607 -9.9252 3.8262 1.2812 -2.019 -1.1611 2.1819 6.3338 3.2659 3.2238 -1.4916 -3.4998 2.346 0.20444
0 1 1 3 59.899 -10.507 3.3544 -5.6571 1.2126 0.43948 6.9496 8.5558 1.9376 -5.9324 -2.3605 1.9881 2.1183 6.3792
0 1 1 3 59.899 -10.507 3.3544 -5.6571 1.2126 0.43948 6.9496 8.5558 1.9376 -5.9324 -2.3605 1.9881 2.1183 6.3792
0 1 1 3 59.882 -10.566 3.1905 -5.7452 1.2117 0.76037 6.7512 8.2947 1.5918 -5.732 -2.2364 2.087 2.2429 6.4196
0 1 1 3 61.073 -9.8423 4.0387 -6.2653 -0.69607 -1.2498 1.2675 5.0464 2.279 -6.1231 -0.026219 1.3068 -0.72531 3.8065
0 1 1 3 61.11 -9.888 4.1901 -6.3585 -0.82075 -1.2879 1.17 4.8401 2.0817 -6.0964 0.010536 1.2892 -0.75787 3.8025
0 1 1 3 57.692 -8.6052 0.62111 -0.28947 0.090257 1.2686 -0.8319 -0.96851 -1.9258 1.1445 0.89469 0.047678 1.4219 -0.26997
0 1 1 3 62.167 -10.115 6.4757 -6.5395 0.49146 0.088662 4.0562 6.1232 2.6993 -5.8227 -2.5668 3.7556 4.1231 -1.325
0 1 1 3 62.167 -10.115 6.4757 -6.5395 0.49146 0.088662 4.0562 6.1232 2.6993 -5.8227 -2.5668 3.7556 4.1231 -1.325
0 1 1 3 57.41 -7.7626 1.677 -0.5342 1.2889 -0.93486 0.68196 2.7493 -1.1583 -1.5457 -0.66948 0.43526 0.45522 -1.4823
0 1 1 3 64.211 -9.8088 6.9336 -7.321 -1.3023 -4.613 -3.316 -0.43134 0.060356 -3.7223 -4.6383 -2.2325 4.2712 1.3246
0 1 1 3 64.211 -9.8088 6.9336 -7.321 -1.3023 -4.613 -3.316 -0.43134 0.060356 -3.7223 -4.6383 -2.2325 4.2712 1.3246
0 1 1 3 72.929 -8.324 1.529 -2.4394 1.4443 -0.0026732 1.1066 0.55308 0.42594 -1.7765 -0.53847 0.025286 2.3617 1.049
0 1 1 3 72.929 -8.324 1.529 -2.4394 1.4443 -0.0026732 1.1066 0.55308 0.42594 -1.7765 -0.53847 0.025286 2.3617 1.049
0 1 1 3 63.453 -4.4727 5.6473 2.3257 2.6055 -2.0106 -2.4239 -3.4428 -0.73518 -0.49577 -1.2661 1.379 2.2619 2.2105
