1 1 3 3 63.309 -6.4266 4.2813 -2.7864 2.2252 -2.2103 -1.0659 -0.80983 -2.5706 -4.3172 -1.1725 1.3446 -0.32206 2.7699
1 1 3 3 63.682 -5.6444 4.8027 0.028905 1.2646 -2.9009 -1.6881 -1.6103 -2.3654 -3.1166 1.2377 -1.5478 2.9921 -0.33764
1 1 3 3 61.758 -6.7313 4.075 0.66797 3.5064 -1.8819 0.095886 -2.2966 -2.9386 0.76038 2.1404 -1.3907 1.6195 -1.3045
1 1 3 3 62.058 -6.0761 4.7671 0.15392 0.78124 -3.7479 -2.0312 -1.3301 -0.90709 0.55966 -1.2836 -2.8902 0.32208 0.40059
1 1 3 3 63.084 -5.7994 3.616 1.9971 1.1849 -0.33607 2.3261 2.9163 -0.68774 -1.3072 0.11432 0.11459 1.7533 0.078923
1 1 3 3 63.651 -5.0972 3.2205 1.5424 0.53222 0.37191 3.4049 3.7562 -0.95957 -0.38042 0.84502 0.6891 0.10913 0.35099
1 1 3 3 64.853 -6.9867 6.1176 -2.0852 1.2991 -0.80835 -2.7895 -3.2452 0.0077973 -0.77113 -4.525 0.12525 -0.16937 -3.7537
1 1 3 3 63.158 -7.9969 6.193 5.454 -5.0373 0.3228 -3.1028 -4.9473 -1.8152 -3.7965 -3.1905 0.12361 -1.5295 -4.5765
1 1 3 3 63.158 -7.9969 6.193 5.454 -5.0373 0.3228 -3.1028 -4.9473 -1.8152 -3.7965 -3.1905 0.12361 -1.5295 -4.5765
1 1 3 3 63.951 -7.6466 4.1352 -0.22098 -3.8984 0.28785 4.4145 -5.56 -2.3935 -5.02 -4.4807 1.0857 -0.52827 -4.0838
1 1 3 3 62.753 -5.5199 5.0381 -0.30234 3.013 -1.8702 0.34387 1.1001 1.0429 -3.3506 -1.6498 -0.65588 2.5642 -1.3798
1 1 3 3 64.563 -6.7562 3.7614 -0.018747 2.6558 0.61067 3.7486 3.2189 4.0487 -5.0983 -0.44073 0.32318 -2.5635 -0.78728
1 1 3 3 62.614 -7.0595 6.0797 1.2298 5.7996 -2.398 0.79781 -1.4147 -4.1074 -2.0258 2.6804 -1.1515 0.46099 -1.4666
1 1 3 3 65.548 -4.3104 3.7896 -1.0961 -1.2745 -2.0666 -0.28438 -0.49179 -3.0531 -2.0108 -0.91137 -2.6788 -1.0973 -1.6839
1 1 3 3 65.686 -2.8974 4.6515 0.54854 1.6302 -0.076049 0.27409 -2.3643 -0.42478 0.70897 -1.8327 -2.3357 1.3776 -1.0249
1 1 3 3 66.255 -4.8535 4.9491 0.67742 1.182 -0.53687 0.26585 -1.288 -3.2167 -1.9656 1.0876 0.58313 0.11057 -0.74416
1 1 3 3 67.196 -2.4496 2.8008 0.92221 2.8427 0.53735 0.83162 -0.7477 -0.19593 -0.67984 -0.85146 -1.9201 -3.3783 0.98543
1 1 3 3 63.904 -4.5879 6.0795 1.3547 2.7173 0.16788 -0.94772 -3.495 -4.1093 -3.6126 -0.57515 0.55402 -1.4219 -1.2886
1 1 3 3 63.245 -4.2289 7.2275 2.4328 1.4157 -3.8749 -3.7174 -6.7916 -8.323 -4.5964 -0.46451 -0.62214 -1.9774 -0.053378
1 1 3 3 62.903 -4.9291 5.1566 2.4248 2.4306 -2.2579 -3.0906 -4.7182 -4.375 2.1196 -0.016915 -1.5622 2.4699 -1.6415
1 1 3 3 66.615 -4.5599 3.545 0.56908 -1.0624 -0.89289 -1.3577 -1.1977 2.1614 -3.577 0.046081 -0.64245 1.1784 2.6984
1 1 3 3 65.998 -4.6273 3.2566 0.6319 0.96871 -0.8264 -3.2827 -3.5917 -2.1855 -2.9337 -1.1274 -2.5187 0.78462 0.56461
1 1 3 3 65.158 -3.6706 6.1365 0.16092 3.3538 -2.3623 0.94931 -5.5283 -5.5559 1.1413 -1.8715 -0.8273 0.66716 1.6462
