0 0 1 3 66.457 -15.113 -0.3714 -5.1197 1.5258 -6.2947 -0.60886 -0.74377 7.5924 4.2268 5.0427 -3.5471 -2.4814 -2.0187
0 0 1 3 66.457 -15.113 -0.3714 -5.1197 1.5258 -6.2947 -0.60886 -0.74377 7.5924 4.2268 5.0427 -3.5471 -2.4814 -2.0187
0 0 1 3 66.525 -8.768 -2.1206 1.225 3.9407 -4.9 -0.52866 1.0297 -0.10165 0.58426 -1.8344 -0.71244 2.664 -2.017
0 0 1 3 66.525 -8.768 -2.1206 1.225 3.9407 -4.9 -0.52866 1.0297 -0.10165 0.58426 -1.8344 -0.71244 2.664 -2.017
0 0 1 3 65.735 -9.915 -2.8517 1.9346 4.3752 -5.2858 0.41091 0.5934 0.99721 -1.3217 -2.4894 1.646 4.2951 -2.0457
0 0 1 3 62.728 -17.644 -4.8707 -0.6542 7.469 -5.3203 2.0207 -0.1312 1.7217 -3.2711 -2.7967 3.3893 3.9411 -3.6684
0 0 1 3 65.834 -13.675 -0.032521 -6.6392 1.4723 -5.2356 3.5569 -2.0597 3.2154 1.1505 -3.8339 -0.40741 -1.5043 -1.7752
0 0 1 3 67.586 -6.4166 1.5383 -2.2933 1.2437 -1.7097 0.75689 -1.3485 0.87041 -0.2871 -0.223 -1.4776 -0.76633 -0.74074
0 0 1 3 67.586 -6.4166 1.5383 -2.2933 1.2437 -1.7097 0.75689 -1.3485 0.87041 -0.2871 -0.223 -1.4776 -0.76633 -0.74074
0 0 1 3 66.21 -13.805 0.1121 -5.6154 1.2644 -4.2246 0.86173 -4.3685 4.6578 7.9351 1.9153 -1.6397 -5.0919 3.1859
0 0 1 3 66.369 -13.668 0.12514 -5.4364 1.1052 -4.1795 1.0398 -4.3463 4.579 7.8682 2.3242 -1.6895 -5.0092 2.9794
0 0 1 3 66.369 -13.668 0.12514 -5.4364 1.1052 -4.1795 1.0398 -4.3463 4.579 7.8682 2.3242 -1.6895 -5.0092 2.9794
0 0 1 3 65.319 -14.369 -0.082391 -6.0661 3.6543 -7.952 6.6552 2.52 9.2033 5.3688 -1.2159 -4.0762 -1.0821 2.3971
0 0 1 3 65.319 -14.369 -0.082391 -6.0661 3.6543 -7.952 6.6552 2.52 9.2033 5.3688 -1.2159 -4.0762 -1.0821 2.3971
0 0 1 3 68.167 -5.9986 1.3407 -1.9694 0.65599 -1.19 0.15793 -0.3473 0.69821 -0.058488 -0.74229 -0.47324 -0.44281 -0.73282
0 0 1 3 68.167 -5.9986 1.3407 -1.9694 0.65599 -1.19 0.15793 -0.3473 0.69821 -0.058488 -0.74229 -0.47324 -0.44281 -0.73282
0 0 1 3 65.068 -15.479 0.22334 -5.3591 1.5317 -6.0687 3.2332 2.4637 8.9823 9.9057 -1.5417 -1.8631 -1.3722 2.617
0 0 1 3 65.068 -15.479 0.22334 -5.3591 1.5317 -6.0687 3.2332 2.4637 8.9823 9.9057 -1.5417 -1.8631 -1.3722 2.617
0 0 1 3 65.068 -15.479 0.22334 -5.3591 1.5317 -6.0687 3.2332 2.4637 8.9823 9.9057 -1.5417 -1.8631 -1.3722 2.617
0 0 1 3 67.496 -7.4432 1.3448 -2.3571 2.7952 -2.7213 0.21475 -1.2054 2.2292 0.23205 -0.39886 -1.7883 -0.38214 -0.48032
0 0 1 3 69.546 -13.25 -3.6617 -5.6671 4.9136 -8.3374 -4.5807 -2.4447 3.7688 4.0422 0.56067 -3.8829 -2.4438 -1.3382
0 0 1 3 69.546 -13.25 -3.6617 -5.6671 4.9136 -8.3374 -4.5807 -2.4447 3.7688 4.0422 0.56067 -3.8829 -2.4438 -1.3382
0 0 1 3 69.546 -13.25 -3.6617 -5.6671 4.9136 -8.3374 -4.5807 -2.4447 3.7688 4.0422 0.56067 -3.8829 -2.4438 -1.3382
0 0 1 3 69.436 -13.197 -3.8797 -5.6626 5.0787 -8.3244 -4.7836 -2.3038 3.8597 3.8888 0.91373 -3.8756 -2.5575 -1.4507
0 0 1 3 67.842 -6.248 1.9665 -2.6038 1.0882 -1.254 0.88373 -1.2988 1.027 -1.0671 0.7853 -0.33337 0.6832 0.23397
0 0 1 3 66.817 -13.548 2.695 -5.9325 -0.78234 -3.325 -0.85166 -4.139 3.3576 2.0556 -3.7703 -7.3361 -0.26509 0.87925
0 0 1 3 63.841 -7.2389 2.3763 -2.5018 2.3374 -2.8856 1.6215 -2.03 0.552 -0.34036 0.43364 -1.5591 0.11426 -0.96496
0 0 1 3 67.948 -6.1894 1.6739 -2.2993 1.226 -1.7773 0.71244 -0.90231 0.2049 -0.5265 -0.087999 -0.39353 -1.196 -1.0798
0 0 1 3 67.948 -6.1894 1.6739 -2.2993 1.226 -1.7773 0.71244 -0.90231 0.2049 -0.5265 -0.087999 -0.39353 -1.196 -1.0798
