1 0 2 3 85.72 -1.904 -3.4618 3.0661 2.2401 1.676 4.4228 -1.2114 -2.0377 -1.2321 -0.1693 5.0309 -1.4166 0.11582
1 0 2 3 86.011 -2.1695 -3.543 2.8046 1.8825 1.1466 4.2319 -0.23355 -2.9882 -0.75363 -0.044904 4.5644 -1.6041 0.43161
1 0 2 3 86.459 -3.4326 -4.2839 1.8337 0.68588 -0.41682 3.2148 2.222 -3.4707 1.6731 0.27138 0.65278 1.0724 1.8104
1 0 2 3 86.591 -3.4952 -4.5499 1.6352 0.37744 -0.36962 2.9654 1.7318 -3.0048 2.1214 0.24621 -0.12384 1.8838 1.9679
1 0 2 3 88.062 -1.7931 -5.3086 1.3038 1.4485 2.0098 4.4518 -2.3251 -2.5245 -0.14106 1.557 -0.39998 1.2537 -1.9511
1 0 2 3 88.123 -1.6771 -5.4428 1.4099 1.2785 1.9338 4.5839 -1.8771 -1.4434 0.049751 1.4975 -0.53564 0.90224 -2.452
1 0 2 3 88.12 -1.5432 -5.5052 1.5726 0.95953 2.0178 4.83 -1.312 -0.27696 0.34668 1.366 -0.69957 0.47374 -2.7851
1 0 2 3 87.732 -0.77027 -5.4942 1.6075 -0.21431 0.84058 4.141 1.423 -0.91409 -0.67464 0.89262 1.6124 -1.2783 0.36057
1 0 2 3 87.708 -1.9567 -5.1175 1.2202 0.90495 -1.4563 1.7298 -0.49775 -2.1836 -2.3872 -0.16348 3.4459 0.017873 1.8372
1 0 2 3 87.733 -2.3454 -4.9991 1.3738 1.7444 -1.3753 0.96832 -1.2613 -2.5538 -2.5035 -0.61318 4.0606 0.16972 1.9539
1 0 2 3 87.758 -2.6617 -4.9514 0.72233 1.8589 -0.66672 -0.12328 -2.1307 -1.833 -1.3843 -1.2129 3.8498 -1.0169 1.2769
1 0 2 3 87.758 -2.6617 -4.9514 0.72233 1.8589 -0.66672 -0.12328 -2.1307 -1.833 -1.3843 -1.2129 3.8498 -1.0169 1.2769
1 0 2 3 86.903 -2.2702 -5.5234 -0.22153 0.4399 0.21089 3.247 -0.8648 -2.6438 -1.0084 -3.3152 1.3526 -3.7791 0.49996
1 0 2 3 86.534 -2.4277 -5.0641 0.67927 1.6777 0.11889 3.9722 -0.79239 -2.3726 -0.61762 -2.5155 2.3676 -2.5994 1.2919
1 0 2 3 85.861 -2.5413 -4.9284 0.99768 3.9551 0.40763 4.5988 -1.8803 -1.7994 0.069067 -1.8707 1.924 0.78931 3.3348
1 0 2 3 85.623 -2.499 -4.8309 -0.17958 2.6364 -0.89991 4.8453 -1.6911 -1.9206 -0.36368 -2.6799 -0.43222 0.20008 2.4356
1 0 2 3 85.672 -1.9847 -5.263 -1.2392 1.1536 -0.73773 4.4144 0.25707 -1.3977 0.68453 -0.96693 -3.1207 -0.50651 0.23457
1 0 2 3 85.672 -1.9847 -5.263 -1.2392 1.1536 -0.73773 4.4144 0.25707 -1.3977 0.68453 -0.96693 -3.1207 -0.50651 0.23457
1 0 2 3 85.656 -1.8816 -5.3167 -1.1015 1.4742 -0.3261 4.4834 0.79839 -1.3106 0.8176 -0.75886 -2.886 -0.093856 0.30256
1 0 2 3 86.78 -1.9684 -5.5742 1.3005 1.3533 0.78332 4.5139 0.85815 -0.51855 -2.7739 0.79815 -1.3888 1.9768 3.0793
1 0 2 3 87.134 -2.2361 -5.8951 1.0924 1.7499 0.50791 4.1463 -0.22682 0.038438 -0.84963 1.1377 -2.5476 0.621 2.8034
1 0 2 3 87.134 -2.2361 -5.8951 1.0924 1.7499 0.50791 4.1463 -0.22682 0.038438 -0.84963 1.1377 -2.5476 0.621 2.8034
1 0 2 3 87.126 -2.4115 -6.2721 0.31191 1.9822 -0.18722 4.0354 -0.8852 0.72698 1.9027 0.16162 -4.0884 -0.60261 1.6754
1 0 2 3 87.065 -2.3238 -6.5352 -0.21326 2.0142 -0.43392 3.7149 -1.3004 0.62379 2.5092 -0.6496 -4.3019 -0.52482 0.77763
1 0 2 3 86.973 -2.1323 -6.8035 -0.74487 1.9334 -0.56871 3.4042 -1.5459 0.22399 2.4698 -1.4478 -4.0711 -0.22413 -0.259
1 0 2 3 86.767 -1.2432 -6.4727 -0.37078 1.083 0.056778 2.4276 -1.8462 -0.72024 0.12188 -0.23986 0.765 0.5088 -2.6437
1 0 2 3 86.83 -1.3245 -5.9969 -0.41239 -0.62836 0.17144 2.1402 -3.4001 -1.2074 -1.328 -0.62272 -0.88708 0.28464 -0.60896
1 0 2 3 86.735 -1.5357 -6.1668 -1.8834 -0.73553 2.5727 4.2476 -4.5604 -1.6869 -2.3374 1.5022 0.34833 -0.13251 2.4433
1 0 2 3 86.686 -1.6841 -5.5132 0.187 0.60616 3.7177 3.5396 -3.7774 -0.64497 -2.2838 3.8812 2.2644 0.44943 1.3636
1 0 2 3 86.818 -1.734 -3.9953 1.31 0.12411 1.4871 2.1441 -1.4887 0.87564 -1.7725 -2.0858 0.37296 0.30676 3.0383
1 0 2 3 86.902 -1.6335 -3.9793 1.1106 0.35882 1.6201 2.109 -1.2937 0.65329 -1.9814 -2.4829 0.40231 0.029232 2.667
1 0 2 3 86.902 -1.6335 -3.9793 1.1106 0.35882 1.6201 2.109 -1.2937 0.65329 -1.9814 -2.4829 0.40231 0.029232 2.667
1 0 2 3 86.953 -1.4186 -4.199 0.53258 1.0629 2.4404 1.5648 -1.3106 0.052765 -2.5152 -1.566 0.70659 -0.18807 1.6985
1 0 2 3 86.846 -1.3821 -4.3363 0.4752 1.5557 2.5961 1.1338 -1.1203 -0.27788 -2.654 -0.80534 1.0194 0.0024798 1.2675
1 0 2 3 86.438 -1.4412 -4.5262 0.613 2.222 2.4465 1.095 0.53306 -0.59792 -2.2569 0.91917 1.6335 0.078596 0.60284
1 0 2 3 85.631 -1.6214 -4.8413 -0.11827 1.1823 0.99733 1.6404 4.3855 0.297 1.4501 0.4875 1.5418 -0.84761 1.0357
1 0 2 3 85.912 -2.8082 -3.0937 0.98313 2.2833 1.2877 -1.5386 -0.51125 2.0444 2.3088 -1.6537 -0.22447 -3.2256 2.6563
1 0 2 3 85.998 -2.9815 -2.6694 0.62093 2.5785 1.1523 -0.99016 -0.59234 1.6996 2.7778 -1.5328 -0.39962 -3.3318 2.9799
1 0 2 3 86.088 -3.7759 -2.0536 -0.76795 2.6906 0.81029 0.52929 0.1844 -1.6473 5.2442 -1.4567 -0.59922 -2.7834 2.6499
1 0 2 3 86.088 -3.7759 -2.0536 -0.76795 2.6906 0.81029 0.52929 0.1844 -1.6473 5.2442 -1.4567 -0.59922 -2.7834 2.6499
1 0 2 3 87.018 -4.7053 -0.95481 -1.6662 0.86328 -0.53932 -0.3823 2.1158 -4.9984 5.2313 -5.5379 0.17618 -2.8259 -0.01136
1 0 2 3 87.253 -4.6223 -1.0796 -1.2364 0.93525 -0.71477 -0.77513 1.5873 -4.5487 5.028 -5.8717 0.58396 -2.9502 0.1523
1 0 2 3 87.936 -3.814 -1.6718 0.85448 2.2291 -2.0919 -1.3888 1.1606 -2.1025 4.3787 -7.2292 1.5903 -4.2873 -0.0093939
1 0 2 3 87.999 -3.6653 -2.0032 1.5525 2.6361 -2.5355 -1.3955 1.1685 -1.5849 4.3361 -7.6402 1.8367 -4.6431 -0.43764
1 0 2 3 88.019 -3.6009 -2.4186 1.9622 2.8846 -2.7391 -1.2653 1.2804 -1.5348 4.414 -7.9981 2.153 -4.8959 -0.77333
1 0 2 3 87.984 -3.75 -3.2621 1.8212 2.8114 -2.6001 -0.8382 1.2087 -2.1938 4.851 -8.6992 2.8475 -4.8804 -1.3317
1 0 2 3 87.876 -3.9245 -3.6041 1.4459 2.7307 -2.1792 -0.46029 0.91877 -2.4504 5.0135 -8.792 2.9418 -4.718 -1.3555
1 0 2 3 87.876 -3.9245 -3.6041 1.4459 2.7307 -2.1792 -0.46029 0.91877 -2.4504 5.0135 -8.792 2.9418 -4.718 -1.3555
1 0 2 3 86.547 -2.6091 -4.24 2.0662 1.143 3.2351 5.3989 2.5604 1.6068 2.8123 -6.9035 1.8996 1.3246 -0.7002
1 0 2 3 86.389 -2.8948 -4.9966 2.4572 1.0582 3.7365 5.8171 3.502 1.452 2.716 -5.7303 1.1688 1.6939 -0.98781
1 0 2 3 86.287 -3.1602 -5.2779 2.6052 1.0685 3.8595 5.8091 3.3743 1.047 2.333 -5.2302 0.46303 1.3136 -0.87616
1 0 2 3 86.156 -3.3905 -5.4957 2.5478 1.073 3.8725 5.7104 2.9744 0.80014 1.9823 -4.9429 -0.37187 0.73774 -0.43342
1 0 2 3 85.966 -3.6075 -5.5949 2.4716 1.1323 3.7198 5.3202 2.1976 0.48718 1.4996 -4.5546 -1.0609 0.057619 0.10495
1 0 2 3 85.515 -3.719 -5.6905 1.5691 1.6352 2.2829 2.1426 -1.2439 -0.94121 0.80095 -2.5398 -1.7753 -2.2725 0.28636
1 0 2 3 85.689 -3.0736 -5.8513 0.91183 1.9396 1.6956 0.86685 -1.4167 -0.17565 1.6825 -1.5522 -2.1855 -3.7008 0.34616
1 0 2 3 85.992 -2.5462 -6.1325 0.93616 2.1966 1.8541 1.5177 -0.64914 0.80563 2.6895 -1.3573 -2.9518 -3.6489 0.97192
1 0 2 3 86.317 -2.6174 -6.5763 0.43313 0.70021 1.9095 1.4865 1.0804 0.94773 2.3034 -1.4157 -4.0872 -2.617 2.339
1 0 2 3 86.36 -2.712 -6.7398 -0.098932 -0.014245 1.9418 1.1286 1.3621 0.96475 2.0731 -1.2185 -4.1419 -2.4484 2.8022
1 0 2 3 86.485 -2.8373 -6.3046 -0.84528 -1.2508 2.1477 0.53035 1.4633 -0.37046 0.85771 -0.43421 -3.2819 -2.7342 2.8426
1 0 2 3 86.485 -2.8373 -6.3046 -0.84528 -1.2508 2.1477 0.53035 1.4633 -0.37046 0.85771 -0.43421 -3.2819 -2.7342 2.8426
1 0 2 3 86.485 -2.8373 -6.3046 -0.84528 -1.2508 2.1477 0.53035 1.4633 -0.37046 0.85771 -0.43421 -3.2819 -2.7342 2.8426
1 0 2 3 86.69 -1.5789 -6.3315 0.74805 0.65882 -0.57211 0.71392 -0.60318 -1.7511 2.5605 0.17714 -0.96093 -1.3031 -2.1694
1 0 2 3 86.69 -1.5789 -6.3315 0.74805 0.65882 -0.57211 0.71392 -0.60318 -1.7511 2.5605 0.17714 -0.96093 -1.3031 -2.1694
1 0 2 3 86.693 -1.4856 -6.4994 0.64627 0.95038 -0.17624 1.1446 -0.9426 -1.1368 2.2011 0.44963 -1.1922 -0.61017 -2.346
1 0 2 3 86.667 -1.6672 -6.5245 0.53041 0.84749 1.539 1.5446 -2.0182 0.051868 0.72963 0.72775 -1.9345 -0.014443 -1.9674
1 0 2 3 86.651 -1.9105 -6.4905 0.51609 0.64896 2.2018 1.8216 -2.3205 0.4858 0.12127 0.63322 -2.2105 -0.15365 -1.5943
1 0 2 3 86.472 -2.4379 -6.3294 0.39496 -0.049699 2.547 3.0992 -0.62342 2.5478 0.49416 -0.307 -3.0122 -1.3159 -1.0793
1 0 2 3 86.335 -2.0706 -5.6232 0.66892 0.091928 1.8359 3.3829 0.80619 2.2429 1.1052 -2.9423 -3.5823 -2.4323 -1.0303
1 0 2 3 86.217 -1.4827 -5.3745 -0.18365 1.3463 1.2761 1.7435 0.45599 -0.71922 -0.15471 -4.5241 -1.519 -1.466 -0.40782
1 0 2 3 86.16 -1.3663 -5.0989 -0.19397 2.0213 0.97279 1.1096 0.36271 -1.8066 -0.31458 -4.1393 -0.87575 -1.1707 -0.13782
1 0 2 3 85.889 -1.4963 -4.1849 0.68602 3.1255 -0.18593 -0.30524 1.7737 -3.7478 0.23324 -2.0293 0.098608 -0.40731 0.29097
1 0 2 3 85.102 -2.9063 -3.6109 0.20399 2.0399 -0.23108 -0.18992 3.8829 -0.8134 2.3767 -2.3178 0.16136 -0.98839 0.29811
1 0 2 3 85.172 -3.7986 -4.0711 -2.1227 2.1695 0.37343 1.8894 -0.22883 -0.92505 3.6114 -3.4632 -2.1015 -4.1406 1.5868
1 0 2 3 85.536 -3.9765 -3.8181 -1.923 2.477 0.50782 3.869 -0.64132 -2.5081 3.822 -3.1639 -1.6326 -5.4907 2.3157
1 0 2 3 85.71 -3.8922 -3.6103 -1.56 2.4271 0.1056 4.0393 -1.281 -3.5021 3.541 -2.8843 -0.66181 -5.2583 2.6883
1 0 2 3 85.866 -3.6263 -3.3632 -1.1403 2.0656 -0.53995 3.8483 -1.8515 -4.1403 3.0554 -2.5626 0.71202 -4.6736 2.9917
1 0 2 3 85.866 -3.6263 -3.3632 -1.1403 2.0656 -0.53995 3.8483 -1.8515 -4.1403 3.0554 -2.5626 0.71202 -4.6736 2.9917
1 0 2 3 86.441 -1.9158 -5.2128 0.074107 0.57654 1.1641 3.0993 0.56972 -2.9044 0.69468 -0.013399 -1.4473 -0.0064417 1.61
1 0 2 3 86.441 -1.9158 -5.2128 0.074107 0.57654 1.1641 3.0993 0.56972 -2.9044 0.69468 -0.013399 -1.4473 -0.0064417 1.61
1 0 2 3 86.441 -1.9158 -5.2128 0.074107 0.57654 1.1641 3.0993 0.56972 -2.9044 0.69468 -0.013399 -1.4473 -0.0064417 1.61
1 0 2 3 86.323 -2.205 -5.1852 0.14183 0.3779 1.9318 4.4818 0.80328 -1.0918 0.13791 0.31283 -3.2214 -1.5938 0.071884
1 0 2 3 86.254 -2.3572 -4.8562 0.54389 0.7558 2.323 4.3123 0.5136 -0.73685 0.20174 -0.74422 -3.7812 -1.043 -0.56883
1 0 2 3 86.2 -2.412 -4.7853 0.83264 0.88239 2.3836 3.9341 0.43319 -0.96801 0.35797 -1.2501 -3.373 -0.56849 -0.65913
1 0 2 3 85.903 -2.6731 -5.2047 0.46292 1.6518 1.7632 2.0865 0.16954 0.33878 1.3142 -2.1614 -0.78374 2.1124 -0.35345
1 0 2 3 85.903 -2.6731 -5.2047 0.46292 1.6518 1.7632 2.0865 0.16954 0.33878 1.3142 -2.1614 -0.78374 2.1124 -0.35345
1 0 2 3 86.303 -2.6851 -5.4883 0.059667 2.4873 -0.50464 1.7417 -2.3684 0.18212 0.96279 -0.80245 -1.5532 2.7186 -0.92082
1 0 2 3 86.849 -2.3153 -5.2493 1.3256 0.85475 -2.277 3.4384 -1.7289 -0.51641 1.5737 -1.945 -3.2601 1.1062 -2.3084
1 0 2 3 86.972 -1.864 -4.9209 2.0076 -0.35672 -2.2168 5.4824 -0.4464 -0.17407 1.8341 -2.9557 -1.6779 1.1536 -1.7566
1 0 2 3 86.972 -1.864 -4.9209 2.0076 -0.35672 -2.2168 5.4824 -0.4464 -0.17407 1.8341 -2.9557 -1.6779 1.1536 -1.7566
1 0 2 3 87.012 -1.7643 -4.9699 1.7553 -1.4578 -2.0512 6.2411 0.2988 0.29711 3.8488 -2.3445 1.674 -0.043199 0.49338
1 0 2 3 86.998 -1.8219 -5.0795 1.2869 -1.8223 -2.6429 4.5407 -0.23163 -0.074561 5.3035 -0.38467 2.7619 -0.76931 0.76006
1 0 2 3 86.964 -1.8001 -5.1178 1.3539 -1.5648 -2.858 3.4011 -0.44125 -0.22421 5.3615 0.038769 2.5882 -0.89454 0.56452
1 0 2 3 86.964 -1.8001 -5.1178 1.3539 -1.5648 -2.858 3.4011 -0.44125 -0.22421 5.3615 0.038769 2.5882 -0.89454 0.56452
1 0 2 3 86.298 -1.1493 -5.5659 1.4924 -1.1774 -0.72266 1.3745 -1.1578 0.87729 0.88148 -0.96112 -0.068544 1.1399 0.73255
1 0 2 3 85.925 -0.85032 -5.6447 0.89405 -1.8616 -0.47844 2.3645 -0.44143 1.5176 -0.59257 -0.37735 -0.78566 1.1025 1.4684
1 0 2 3 85.562 -0.62481 -5.1457 0.8166 -2.595 -1.3962 4.5729 0.003189 0.41376 -0.80008 1.4667 -0.60642 1.267 2.2425
1 0 2 3 85.905 -0.62999 -5.4331 1.8563 -1.5244 -1.2995 4.4298 -0.87172 0.12768 -1.0296 3.4437 -0.51348 2.2568 1.8097
1 0 2 3 86.302 -1.1907 -7.0624 1.372 0.02345 0.56264 3.7367 -0.014829 -1.5016 -1.0493 4.7306 0.053072 2.8407 0.098069
1 0 2 3 86.439 -1.3102 -7.4449 0.97853 0.23799 1.2539 3.6761 0.50058 -1.8958 -0.44842 4.9132 0.44083 3.2749 -0.15476
1 0 2 3 86.57 -1.6042 -7.5497 0.32511 0.58359 2.133 2.8931 0.60423 -3.1147 0.4707 4.0514 0.57007 3.0116 -0.27916
1 0 2 3 86.57 -1.6042 -7.5497 0.32511 0.58359 2.133 2.8931 0.60423 -3.1147 0.4707 4.0514 0.57007 3.0116 -0.27916
1 0 2 3 86.559 -1.7999 -7.3774 0.22422 0.66662 2.2739 2.4023 0.33521 -3.6677 0.29716 2.7799 0.44367 2.4219 -0.37351
1 0 2 3 86.256 -1.9166 -5.1959 1.7179 1.4653 -0.13692 1.5716 -3.2612 -3.0547 -0.3058 -2.5073 2.5542 0.50912 -0.59888
1 0 2 3 86.256 -1.9166 -5.1959 1.7179 1.4653 -0.13692 1.5716 -3.2612 -3.0547 -0.3058 -2.5073 2.5542 0.50912 -0.59888
1 0 2 3 86.201 -1.9158 -5.169 1.5298 1.5895 -0.81657 1.9067 -3.1978 -2.983 -0.11208 -2.483 2.8761 1.1302 -0.41907
1 0 2 3 86.134 -2.0077 -5.089 0.75849 1.9074 -1.0931 2.7162 -1.8609 -2.7292 0.22494 -2.1948 2.3451 1.8384 -0.042167
1 0 2 3 86.134 -2.0077 -5.089 0.75849 1.9074 -1.0931 2.7162 -1.8609 -2.7292 0.22494 -2.1948 2.3451 1.8384 -0.042167
1 0 2 3 86.066 -2.2573 -4.8882 -0.12307 2.0482 0.3666 3.7715 2.3929 -0.53848 1.2769 -2.3364 -0.45868 -1.0441 0.48137
1 0 2 3 86.085 -2.2001 -4.7312 0.11849 1.9181 0.0026854 3.4659 2.5379 -0.11834 1.2484 -2.0721 -0.32591 -1.9018 0.49175
1 0 2 3 86.143 -2.1786 -4.7903 0.50146 1.6679 -0.73325 3.5849 1.9172 0.58573 0.30286 -1.086 0.62929 -2.4048 0.017621
1 0 2 3 86.255 -2.1741 -5.122 0.24604 1.9074 -1.1149 3.5845 0.98237 1.0436 -0.63737 0.080917 1.7932 -2.1367 -0.75753
1 0 2 3 86.28 -2.1644 -5.3787 0.010905 2.1798 -0.9891 3.2501 0.61479 1.0734 -1.2741 0.25252 2.1298 -1.8204 -0.96278
1 0 2 3 86.259 -2.172 -5.653 -0.18991 2.3116 -0.79728 2.7679 0.33903 0.95239 -1.9548 0.23989 2.163 -1.4812 -1.1525
1 0 2 3 86.235 -2.1527 -5.8019 -0.30084 2.3074 -0.67219 1.9448 -0.18179 0.50757 -2.7785 -0.34645 1.9446 -1.2646 -1.066
1 0 2 3 86.186 -2.0475 -5.3136 -0.88058 0.91141 0.13804 0.38136 -0.15363 0.19033 -2.734 -4.3783 0.67368 -0.87902 -0.021319
1 0 2 3 86.225 -2.6884 -3.4445 -2.2672 1.6444 0.57096 1.7685 2.064 -1.282 0.54032 -7.3006 2.3626 -0.072892 0.53072
1 0 2 3 85.96 -3.8213 -2.2933 -2.7883 3.3958 -0.25338 3.6822 5.1484 -3.0691 4.1132 -8.9665 4.3318 0.44267 -1.2485
1 0 2 3 86.121 -5.1632 -2.9831 -4.1788 1.8833 -0.3824 0.53088 5.0357 -8.8391 7.4951 -8.2456 0.97935 -1.7482 -0.77119
1 0 2 3 86.121 -5.1632 -2.9831 -4.1788 1.8833 -0.3824 0.53088 5.0357 -8.8391 7.4951 -8.2456 0.97935 -1.7482 -0.77119
1 0 2 3 86.658 -4.1084 -3.7163 -2.027 0.26353 -0.11542 1.2456 3.5429 -5.3425 4.2524 -4.3794 0.13366 -0.0013651 -0.77365
1 0 2 3 87.036 -2.5784 -3.8157 0.76824 0.91792 -1.4177 1.6645 4.2014 -1.8257 0.063434 -2.8456 -2.2355 2.7874 0.58453
1 0 2 3 87.178 -2.0689 -4.0849 0.9731 2.3264 -0.7622 1.1991 3.2862 -0.21362 -0.43885 -1.5409 -4.2102 2.4562 1.8694
1 0 2 3 87.31 -1.6404 -4.328 0.32202 2.9311 0.03357 1.3953 2.5728 0.17643 -0.11179 -1.6843 -5.3645 -0.17249 2.3245
1 0 2 3 87.298 -1.5376 -4.5561 0.46106 2.2136 0.24849 2.0402 1.2242 0.019851 0.24972 -2.3252 -5.3417 -3.6722 1.7889
1 0 2 3 87.234 -1.4898 -4.6227 0.83491 1.4634 -0.23555 2.0709 0.23645 -0.089132 0.68532 -2.2125 -4.6388 -4.5704 1.4686
1 0 2 3 87.164 -1.3944 -4.6368 1.2719 0.66337 -1.0373 1.7672 -0.79423 -0.23441 1.2012 -1.7454 -3.6633 -4.9742 1.1625
1 0 2 3 86.898 -1.3581 -4.7382 2.7249 -0.45184 -3.0696 1.0907 -0.92274 -2.1336 5.7631 -0.73735 -0.80149 -4.4931 -0.80862
1 0 2 3 86.899 -1.2602 -4.8323 2.5399 -0.11269 -2.8679 1.2668 -0.89584 -2.4682 6.8744 -1.5008 -0.95323 -4.6377 -1.1673
1 0 2 3 86.861 -1.1785 -5.0551 2.3107 0.91003 -1.7833 1.1895 -1.435 -2.0353 7.683 -3.0319 -1.6736 -4.742 -1.8106
1 0 2 3 86.861 -1.1785 -5.0551 2.3107 0.91003 -1.7833 1.1895 -1.435 -2.0353 7.683 -3.0319 -1.6736 -4.742 -1.8106
1 0 2 3 86.861 -1.1785 -5.0551 2.3107 0.91003 -1.7833 1.1895 -1.435 -2.0353 7.683 -3.0319 -1.6736 -4.742 -1.8106
1 0 2 3 86.696 -1.2733 -5.1088 2.3127 1.8536 -0.50943 0.9774 -1.7965 -0.7484 7.7552 -3.136 -2.4142 -4.7608 -2.5671
1 0 2 3 86.696 -1.2733 -5.1088 2.3127 1.8536 -0.50943 0.9774 -1.7965 -0.7484 7.7552 -3.136 -2.4142 -4.7608 -2.5671
1 0 2 3 85.624 -1.4251 -6.4765 -1.0302 1.3449 2.0776 0.59283 -2.3736 -0.23356 2.481 2.1632 -2.7403 -2.3038 0.88614
1 0 2 3 85.695 -1.8461 -6.7644 -1.9106 1.9759 2.6553 -0.1287 -2.2506 -1.6309 1.3516 0.61582 -1.1836 -2.3265 1.0906
1 0 2 3 86.562 -2.6527 -5.7162 -1.662 2.7459 1.7382 -2.5786 -1.3404 -2.0211 0.8158 -1.8386 1.6172 -1.5564 -0.42879
1 0 2 3 86.893 -2.8238 -5.1755 -0.96481 2.3769 1.0141 -2.4503 -0.097298 -2.0213 1.1237 -1.3654 1.7625 0.083124 -0.94393
1 0 2 3 86.893 -2.8238 -5.1755 -0.96481 2.3769 1.0141 -2.4503 -0.097298 -2.0213 1.1237 -1.3654 1.7625 0.083124 -0.94393
1 0 2 3 87.038 -2.8461 -4.9475 -0.2 1.6505 1.2065 -1.2546 1.0629 -1.3406 1.668 -0.79918 1.8472 1.3385 -1.1263
1 0 2 3 87.112 -2.8196 -4.8991 0.30056 1.3974 1.1698 -0.73013 1.3879 -1.2024 1.9102 -0.80671 1.9325 1.8182 -0.83577
1 0 2 3 87.334 -2.7183 -4.7044 0.8964 1.5242 1.1056 -0.48733 1.0815 -1.5471 2.739 -2.0458 2.0025 1.7494 0.0021064
1 0 2 3 87.542 -2.7796 -4.4809 0.51921 2.0301 1.56 -0.013013 -0.28722 -1.758 3.6414 -3.1859 1.2138 0.090479 -0.18422
1 0 2 3 87.628 -2.8543 -4.5437 -0.11647 2.046 2.0417 0.74084 -0.91082 -1.8425 3.6059 -3.2923 0.79539 -1.0899 -0.6816
1 0 2 3 87.614 -3.1537 -4.5654 -1.3686 1.6282 2.947 2.2138 -1.4581 -1.8362 2.6762 -2.7903 0.30925 -3.2177 -1.4042
1 0 2 3 87.574 -3.47 -4.336 -1.7039 0.77212 3.5566 3.5325 -0.53893 -2.2634 0.16408 -1.375 1.2461 -3.3619 -0.75762
1 0 2 3 87.508 -3.3844 -4.5348 -0.82931 0.57591 3.846 3.6905 -0.51002 -2.3513 -0.40592 -1.8428 2.5416 -2.4453 0.095022
1 0 2 3 87.395 -3.1621 -4.7679 -0.48309 0.42763 3.7828 3.47 -0.62002 -2.2575 -0.49061 -2.1407 3.0109 -2.3572 0.19005
1 0 2 3 87.259 -2.8876 -5.0999 -0.25196 0.42209 3.898 3.0377 -0.67037 -2.2301 -0.26294 -2.4178 3.2552 -2.5119 0.0098858
1 0 2 3 86.862 -2.137 -5.5611 0.48702 1.6251 4.333 2.8944 0.6096 -1.3886 1.6949 -1.9518 2.3334 -3.0017 -0.86803
1 0 2 3 86.684 -1.8193 -5.2718 0.89631 2.4474 3.4832 2.713 1.0723 -0.42375 2.4526 -0.10034 1.9318 -2.4924 -1.1945
1 0 2 3 86.627 -1.6113 -4.9715 0.62067 2.5324 2.1261 2.1753 0.34155 -0.76434 2.3907 1.1452 2.1465 -1.482 -1.3119
1 0 2 3 86.69 -1.404 -5.2852 -0.53365 2.2313 1.5305 1.4482 -0.54638 -1.3684 2.3797 0.84263 1.5056 -1.0932 -1.4391
1 0 2 3 86.673 -1.3095 -5.4829 -1.0191 1.8735 1.5495 0.99311 -0.90017 -1.4753 2.4693 0.46434 0.70736 -1.1791 -1.6553
1 0 2 3 86.441 -1.3406 -6.1436 -1.6206 1.0304 3.1192 0.24103 -1.176 0.76577 3.6304 0.10208 -1.0221 -1.8771 -1.6896
1 0 2 3 86.331 -1.4296 -6.3792 -1.3839 0.87565 3.5043 0.17648 -1.0066 1.6057 4.1028 0.13807 -1.3423 -1.9448 -1.1458
1 0 2 3 86.236 -1.4945 -6.6307 -1.2392 0.91041 3.5361 -0.12933 -0.94314 2.0427 4.5373 0.20586 -1.3695 -1.5762 -0.48486
1 0 2 3 86.236 -1.4945 -6.6307 -1.2392 0.91041 3.5361 -0.12933 -0.94314 2.0427 4.5373 0.20586 -1.3695 -1.5762 -0.48486
1 0 2 3 85.974 -1.4236 -7.374 -0.71269 1.8344 2.1671 -1.0968 -1.5506 0.41319 5.3306 0.41038 -0.88586 0.088062 0.029462
1 0 2 3 85.899 -1.2819 -7.5584 -0.67458 2.1168 1.5686 -1.0338 -1.9146 -0.70151 5.5457 0.3697 -0.71137 0.60307 -0.22428
1 0 2 3 85.771 -0.88848 -7.604 -1.381 1.6501 0.13902 0.42934 -2.0496 -2.9692 4.3134 -0.40643 0.39571 0.93766 -1.612
1 0 2 3 85.764 -0.87049 -7.379 -1.6802 1.3728 -0.15701 1.0125 -1.4428 -2.9911 3.7345 -0.86806 0.47297 0.48221 -1.9329
1 0 2 3 85.665 -1.1334 -6.8628 -2.4497 0.75466 -0.24169 2.2831 0.50347 -2.3802 2.6952 -1.7584 0.18253 -0.93607 -2.03
1 0 2 3 85.585 -1.2752 -6.6072 -2.4523 0.78017 0.13254 3.0375 1.6855 -1.6755 2.6409 -2.0646 0.16664 -1.3234 -1.9374
1 0 2 3 87.16 -3.2648 -6.1355 0.45468 0.4792 -0.82536 5.1278 2.5876 2.6473 3.0181 -1.1143 0.30852 -1.1542 2.3823
1 0 2 3 87.16 -3.2648 -6.1355 0.45468 0.4792 -0.82536 5.1278 2.5876 2.6473 3.0181 -1.1143 0.30852 -1.1542 2.3823
1 0 2 3 87.526 -2.9273 -6.4738 1.5655 1.262 -1.0613 3.2358 1.5579 -0.21983 2.6562 -2.8826 0.74048 -1.7566 1.7807
1 0 2 3 87.749 -2.2939 -6.8281 0.7804 1.7117 -0.58121 1.7554 0.88766 -2.6174 0.88714 -4.2918 0.49586 -2.2445 -0.86623
1 0 2 3 87.749 -2.2939 -6.8281 0.7804 1.7117 -0.58121 1.7554 0.88766 -2.6174 0.88714 -4.2918 0.49586 -2.2445 -0.86623
1 0 2 3 87.458 -1.8019 -7.0609 -0.81142 0.6175 -0.87866 2.3362 0.32138 -2.7637 -0.70198 -2.2122 1.0143 -0.80509 -1.3645
1 0 2 3 86.738 -2.2724 -5.309 0.3464 0.36806 2.8883 6.4813 2.7871 3.8046 0.38488 2.4815 -0.61095 -2.5935 -0.11013
1 0 2 3 86.738 -2.2724 -5.309 0.3464 0.36806 2.8883 6.4813 2.7871 3.8046 0.38488 2.4815 -0.61095 -2.5935 -0.11013
1 0 2 3 86.823 -2.1396 -5.4656 0.41647 0.61593 3.426 6.6262 2.5031 3.8226 0.63137 2.424 -0.58912 -2.7869 0.1169
1 0 2 3 86.872 -1.8208 -6.072 0.52833 1.0452 3.5657 6.5723 1.927 3.5515 1.1549 2.7833 0.024248 -3.162 -0.17482
1 0 2 3 86.639 -1.1918 -6.4045 0.43451 1.1876 2.2265 5.7023 1.4904 2.8839 1.3462 2.6858 0.93977 -3.4281 -0.76876
1 0 2 3 86.419 -0.71261 -6.0547 0.037209 0.91902 0.45706 3.5806 1.05 1.7519 0.79383 1.8654 1.1036 -2.577 -1.2259
1 0 2 3 86.619 -1.2115 -5.3451 -1.428 -0.0027101 0.46252 2.3918 1.6302 1.8146 -0.19737 -0.22613 2.1444 0.218 -0.49343
1 0 2 3 86.64 -2.009 -5.4549 -2.0926 0.54144 1.3498 3.1038 2.1893 3.3524 0.14213 -1.0222 2.5997 -0.047916 -0.46256
1 0 2 3 86.644 -2.1277 -5.5474 -1.9337 1.0567 1.3786 3.3786 2.2622 3.4056 0.39881 -1.2396 2.412 -0.23557 -0.49069
1 0 2 3 86.644 -2.1277 -5.5474 -1.9337 1.0567 1.3786 3.3786 2.2622 3.4056 0.39881 -1.2396 2.412 -0.23557 -0.49069
1 0 2 3 86.68 -2.0741 -5.522 -1.5194 1.6044 1.2349 3.816 2.2084 2.9467 0.80971 -1.3297 1.9386 -0.17147 -0.51953
1 0 2 3 86.679 -1.865 -5.42 -0.48446 2.5395 0.14967 4.0108 1.9653 1.5306 1.3163 -0.91135 0.50637 0.56276 -0.29459
1 0 2 3 86.679 -1.865 -5.42 -0.48446 2.5395 0.14967 4.0108 1.9653 1.5306 1.3163 -0.91135 0.50637 0.56276 -0.29459
1 0 2 3 86.557 -1.9327 -6.3507 0.46914 1.1214 -0.507 2.1158 0.19644 0.71119 1.1208 -0.43599 -0.91667 1.0235 0.24386
1 0 2 3 86.628 -2.0432 -6.3187 0.31386 0.77996 -0.30798 1.425 -0.046038 0.27838 1.3889 -0.54819 -0.24264 1.1608 0.52183
1 0 2 3 87.015 -2.0438 -4.8927 -1.1882 0.058193 -0.17759 -0.77186 0.12497 -1.8806 2.7343 0.087052 1.0114 2.0052 0.98392
1 0 2 3 86.984 -2.0998 -4.623 -1.7116 0.20649 -0.18099 -1.1426 0.54051 -2.0781 2.8867 0.55768 0.85951 1.5862 0.89475
1 0 2 3 86.984 -2.0998 -4.623 -1.7116 0.20649 -0.18099 -1.1426 0.54051 -2.0781 2.8867 0.55768 0.85951 1.5862 0.89475
1 0 2 3 86.851 -2.1931 -4.4155 -2.308 0.57812 0.0040876 -1.5736 0.79823 -1.8427 3.0709 1.0511 0.65277 0.94918 0.86208
1 0 2 3 86.684 -2.3224 -4.2703 -2.7444 1.0917 0.40842 -1.8318 0.83518 -1.3687 3.3225 1.3404 0.54548 0.14458 0.81969
1 0 2 3 86.116 -2.9836 -3.7041 -3.7945 3.8466 2.2287 -0.15449 2.4562 1.1508 6.2848 -0.38753 3.1872 -3.6899 1.0208
1 0 2 3 86.098 -3.3935 -3.519 -3.1565 4.5447 0.65846 1.7904 2.8694 0.76069 7.5892 -2.3725 4.423 -4.9643 0.98782
1 0 2 3 86.098 -3.3935 -3.519 -3.1565 4.5447 0.65846 1.7904 2.8694 0.76069 7.5892 -2.3725 4.423 -4.9643 0.98782
1 0 2 3 86.336 -3.8093 -2.9195 -2.1863 3.9271 0.0009479 2.4375 1.64 -3.6903 5.8216 -3.9168 2.2916 -5.6367 -0.25185
1 0 2 3 86.506 -3.8447 -2.9119 -1.5003 3.9422 -0.72081 2.246 1.131 -7.1763 4.1535 -4.2666 1.4768 -6.5104 -1.8496
1 0 2 3 86.68 -3.2639 -2.9798 -0.53244 4.4053 -0.8769 2.0315 1.0718 -8.9027 3.3436 -3.8992 1.0238 -6.5846 -2.5762
1 0 2 3 86.695 -2.834 -2.9848 -0.0054057 4.5198 -0.82908 1.8946 1.085 -8.6122 3.4382 -3.2096 0.86301 -6.211 -2.5581
1 0 2 3 86.662 -2.4256 -3.1241 0.38738 4.5094 -0.57784 1.6548 1.07 -7.8128 3.4609 -2.2868 0.57262 -5.7012 -2.4689
1 0 2 3 86.662 -2.4256 -3.1241 0.38738 4.5094 -0.57784 1.6548 1.07 -7.8128 3.4609 -2.2868 0.57262 -5.7012 -2.4689
1 0 2 3 86.037 -1.0466 -5.4789 -0.56551 2.8275 0.98236 0.93305 1.4769 -1.845 1.115 2.0137 -0.22675 -2.805 -2.125
1 0 2 3 85.952 -0.95132 -5.8962 -0.60713 2.3893 0.7478 1.0294 1.6254 -1.0272 0.76225 2.3917 -0.58099 -2.7104 -2.2941
1 0 2 3 85.937 -1.1576 -4.5132 0.2021 -0.030999 -1.4601 3.0529 2.8022 0.39509 2.1794 1.5135 0.13905 -3.9082 -1.0303
1 0 2 3 86.203 -1.5185 -4.4731 0.044622 0.089761 -1.0971 3.4312 3.3681 -0.0035409 1.1315 -0.53945 -0.61648 -3.0388 -0.46404
1 0 2 3 86.608 -2.1111 -4.5137 -0.029576 1.217 0.75401 4.2838 4.2512 0.14839 -0.62043 -2.5295 -2.3459 -3.1515 -0.31919
1 0 2 3 86.719 -2.1811 -4.5463 -0.13832 1.4354 1.1604 4.8077 4.6885 -0.062854 -0.35126 -2.9874 -2.2424 -3.1486 -0.16002
1 0 2 3 86.83 -2.2029 -4.7607 -0.55087 1.4902 1.8905 5.4042 5.576 -1.0892 1.2197 -3.4027 -1.8133 -2.8162 0.56211
1 0 2 3 86.832 -2.043 -5.2434 -0.94878 1.0833 2.2067 4.1476 5.0612 -2.1002 3.2857 -2.7987 -0.99901 -1.7932 1.3934
1 0 2 3 86.832 -2.043 -5.2434 -0.94878 1.0833 2.2067 4.1476 5.0612 -2.1002 3.2857 -2.7987 -0.99901 -1.7932 1.3934
1 0 2 3 86.832 -2.043 -5.2434 -0.94878 1.0833 2.2067 4.1476 5.0612 -2.1002 3.2857 -2.7987 -0.99901 -1.7932 1.3934
1 0 2 3 86.635 -1.9343 -6.1487 -1.2278 -0.36381 2.3213 1.9599 2.0769 -0.38658 3.7841 -2.5438 -1.134 -2.6633 0.35369
1 0 2 3 86.414 -1.6708 -5.2489 -0.75864 -0.17851 2.5694 1.394 2.4901 5.0961 0.10667 -2.1136 0.39027 -2.0527 0.68028
1 0 2 3 86.414 -1.6708 -5.2489 -0.75864 -0.17851 2.5694 1.394 2.4901 5.0961 0.10667 -2.1136 0.39027 -2.0527 0.68028
1 0 2 3 86.603 -1.1759 -5.0081 0.62413 -0.78035 1.5612 2.0091 1.7643 4.0595 -2.3295 0.71733 0.64627 -1.8907 1.3268
1 0 2 3 86.6 -1.1541 -5.5372 1.5581 -1.0044 1.1565 2.3664 0.73514 3.024 -1.6834 1.9595 0.19173 -1.6805 1.5649
1 0 2 3 86.233 -1.3218 -5.6541 1.7441 -1.8214 1.9171 -0.86229 -2.1825 2.0102 0.055492 2.3242 -3.4872 -1.9522 2.4954
1 0 2 3 86.233 -1.3218 -5.6541 1.7441 -1.8214 1.9171 -0.86229 -2.1825 2.0102 0.055492 2.3242 -3.4872 -1.9522 2.4954
1 0 2 3 85.955 -1.3819 -5.612 1.4094 -2.2624 2.6757 -0.68758 -2.4579 1.6013 0.50598 0.98103 -5.5792 -2.4422 1.6514
1 0 2 3 85.829 -1.4056 -5.6025 1.1709 -2.4008 2.3297 -0.62794 -2.3314 1.6329 0.64985 0.34433 -5.9006 -2.2018 1.17
1 0 2 3 85.722 -1.4607 -5.5802 0.88472 -2.5608 1.7306 -0.88112 -2.0268 1.454 0.86391 -0.23242 -6.0072 -1.7419 0.8163
1 0 2 3 85.362 -1.7702 -5.3394 -1.1743 -0.0397 1.4163 -0.51512 -0.30038 -0.56743 3.5233 -1.6256 -4.6534 -0.11178 -0.40802
1 0 2 3 85.231 -1.782 -5.5255 -2.4686 1.0938 0.98681 -0.34716 0.83122 -0.50116 3.866 -2.6813 -4.2683 0.043341 -0.88904
1 0 2 3 85.209 -1.6846 -5.6205 -2.8772 1.2327 0.12724 -0.42606 1.0558 -0.58594 3.6102 -3.3228 -3.9098 -0.22149 -1.2544
1 0 2 3 85.214 -1.5202 -5.6188 -3.0725 1.2315 -0.82551 -0.38883 0.82601 -0.97376 2.5984 -4.1833 -3.5931 -0.91128 -1.7638
1 0 2 3 85.766 -1.1015 -4.8551 -0.77223 1.503 -1.374 1.9799 -0.04637 -3.2115 -0.60641 -1.2897 0.27552 -4.0865 -2.5735
1 0 2 3 86 -1.5345 -4.3682 -0.16298 1.3538 -0.70814 1.8512 0.32541 -3.1363 0.89884 -1.0468 1.4164 -3.3155 -1.7995
1 0 2 3 86.068 -1.883 -3.9428 -0.19824 1.4044 -0.29636 1.7794 0.44368 -3.0986 2.2892 -1.7575 1.8021 -2.972 -0.95159
1 0 2 3 86.183 -2.6092 -2.6708 -0.87031 1.5829 0.44516 2.0139 0.4869 -3.7441 4.9622 -3.168 3.0527 -2.6524 0.87247
1 0 2 3 87.398 -3.3235 -2.0802 -1.3606 0.99156 -0.69582 -0.04541 -0.49765 -5.2348 5.5516 -5.9228 1.4412 -4.0771 -0.022637
1 0 2 3 87.398 -3.3235 -2.0802 -1.3606 0.99156 -0.69582 -0.04541 -0.49765 -5.2348 5.5516 -5.9228 1.4412 -4.0771 -0.022637
1 0 2 3 87.549 -3.3466 -2.6478 -1.1658 -0.29933 -0.037131 -0.17726 0.52696 -5.6052 5.4572 -6.0623 2.7496 -4.0866 -1.0274
1 0 2 3 87.513 -3.3071 -3.0128 -1.1057 -0.86451 0.11697 -0.24892 1.2137 -5.7275 5.5392 -6.3146 2.9218 -4.3077 -1.4623
1 0 2 3 86.918 -3.0082 -5.3307 -1.6645 -0.72573 0.58393 1.2877 2.2259 -2.8196 4.3713 -4.5041 0.56632 -3.5945 -1.1915
1 0 2 3 86.355 -2.2625 -6.2993 -1.1425 0.90718 0.87875 3.2591 1.2572 -1.2613 2.1217 -0.89099 -1.0939 -2.1159 -0.25095
1 0 2 3 85.819 -2.2259 -7.1317 -0.86791 2.6557 0.62199 2.9566 0.14137 -2.0471 1.8813 -0.46232 -0.31777 -1.1179 1.095
1 0 2 3 85.819 -2.2259 -7.1317 -0.86791 2.6557 0.62199 2.9566 0.14137 -2.0471 1.8813 -0.46232 -0.31777 -1.1179 1.095
1 0 2 3 85.467 -2.6359 -6.5324 -0.13444 2.8682 -0.00052832 2.0166 -1.4788 -1.7618 2.1076 -0.29834 1.1829 -0.26637 2.8376
1 0 2 3 85.427 -2.7029 -6.2203 0.13945 2.985 0.38623 2.2578 -1.3894 -1.2876 1.926 0.077844 1.1648 0.2874 3.1899
1 0 2 3 86.547 -1.9472 -5.2734 0.46621 1.5048 -0.62396 -0.26001 -0.78738 -0.49196 -3.1551 -0.86248 -2.5325 0.82321 0.62213
1 0 2 3 86.65 -2.0361 -4.9325 0.21656 1.1108 -1.0453 -0.87806 -0.76361 -0.95953 -2.9797 -1.0881 -3.0303 0.78178 0.62284
1 0 2 3 86.65 -2.0361 -4.9325 0.21656 1.1108 -1.0453 -0.87806 -0.76361 -0.95953 -2.9797 -1.0881 -3.0303 0.78178 0.62284
1 0 2 3 86.68 -2.07 -4.4989 0.034571 1.1333 -1.298 -1.2642 -0.61761 -1.1776 -2.1853 -1.0917 -3.1186 0.92468 0.81658
1 0 2 3 86.68 -2.07 -4.4989 0.034571 1.1333 -1.298 -1.2642 -0.61761 -1.1776 -2.1853 -1.0917 -3.1186 0.92468 0.81658
1 0 2 3 86.751 -2.0433 -3.8023 0.52214 4.1351 -0.632 -0.46987 1.5694 -0.70485 5.867 2.0553 -3.7048 -1.8126 -0.4728
1 0 2 3 86.932 -1.9241 -4.4811 0.25604 4.4131 0.12409 -0.99415 2.2002 -0.41214 6.7775 1.9982 -3.4995 -2.6979 -0.25891
1 0 2 3 87.076 -1.6815 -5.2344 0.2208 3.9412 0.61158 -2.2594 2.117 -0.54772 6.1096 1.9572 -2.9244 -3.3827 0.56011
1 0 2 3 87.076 -1.6815 -5.2344 0.2208 3.9412 0.61158 -2.2594 2.117 -0.54772 6.1096 1.9572 -2.9244 -3.3827 0.56011
1 0 2 3 87.038 -1.4276 -5.9078 0.3517 2.7453 1.2048 -2.4038 1.9861 -0.46371 5.1924 1.4566 -2.062 -2.5411 1.197
1 0 2 3 86.724 -1.3725 -6.4619 0.44197 1.3517 1.4029 -1.6052 2.2472 -0.36321 4.5205 0.41219 -2.2868 -0.8139 1.8431
1 0 2 3 86.724 -1.3725 -6.4619 0.44197 1.3517 1.4029 -1.6052 2.2472 -0.36321 4.5205 0.41219 -2.2868 -0.8139 1.8431
1 0 2 3 86.214 -1.7043 -6.6164 0.60553 0.44009 1.2909 -0.89823 1.9637 -0.43943 4.3176 -1.3644 -3.1828 0.29517 2.1098
1 0 2 3 85.19 -2.6632 -3.7276 1.8515 1.5094 1.1608 -0.92314 1.2801 -0.86568 2.667 -1.8138 -0.63211 0.25974 1.8133
1 0 2 3 84.74 -2.8264 -4.3699 1.7224 0.75101 2.8402 -0.98362 0.27622 1.2159 0.40691 -0.98568 -0.383 -0.66894 -0.39423
1 0 2 3 84.537 -2.7621 -4.7562 1.2665 0.66538 2.6412 -0.97269 0.18785 1.8944 0.12677 -0.58315 -0.42422 -1.1358 -0.75435
1 0 2 3 84.375 -2.3752 -4.9294 0.6442 0.92296 0.4623 -1.0197 0.40759 2.7757 0.7523 1.0428 -1.3937 -1.0388 -0.11226
1 0 2 3 86.12 -2.3575 -4.6385 0.023364 0.88052 -1.8827 -0.016756 -0.050151 2.1926 0.92611 -1.7849 -2.7273 -0.14929 1.8784
