1 0 3 3 65.63 -6.9027 2.743 -1.5663 3.8797 -1.2563 2.3474 1.4044 0.4318 -2.141 0.55845 -0.87402 1.3525 -1.3339
1 0 3 3 64.26 -7.0833 3.6357 -0.38905 2.5707 -2.4317 1.4438 -1.9833 -1.1642 2.4515 -1.2903 0.47086 -0.43333 1.1392
1 0 3 3 63.404 -9.5896 5.7776 -1.3559 1.1952 1.5895 1.5964 1.101 -1.5617 -3.2398 -0.077738 0.73214 -0.065419 1.7067
1 0 3 3 66.492 -12.073 1.579 2.3148 -2.5353 6.9724 5.8909 1.3879 -5.168 -2.2624 6.8812 -2.2319 2.7881 1.2282
1 0 3 3 66.492 -12.073 1.579 2.3148 -2.5353 6.9724 5.8909 1.3879 -5.168 -2.2624 6.8812 -2.2319 2.7881 1.2282
1 0 3 3 66.625 -10.344 0.88291 0.59237 1.3024 -0.42237 6.1235 5.8734 0.52445 -4.1453 -1.8253 0.89697 1.2788 -0.7207
1 0 3 3 66.625 -10.344 0.88291 0.59237 1.3024 -0.42237 6.1235 5.8734 0.52445 -4.1453 -1.8253 0.89697 1.2788 -0.7207
1 0 3 3 68.279 -12.157 -1.7427 3.6684 2.3992 1.8416 4.3126 3.4832 2.5784 -6.5579 -2.7542 0.44141 -0.81244 -3.7404
1 0 3 3 68.279 -12.157 -1.7427 3.6684 2.3992 1.8416 4.3126 3.4832 2.5784 -6.5579 -2.7542 0.44141 -0.81244 -3.7404
1 0 3 3 68.203 -12.074 -1.6668 3.2673 2.4856 1.6982 3.575 3.2388 2.9069 -6.7318 -2.5692 0.21322 -1.0615 -4.1244
1 0 3 3 67.318 -13.893 2.1394 4.0506 -3.3522 3.2733 6.179 -1.0498 1.2298 -1.7103 0.70644 1.2826 1.3271 -3.6583
1 0 3 3 67.062 -13.981 2.1046 4.6698 -3.3186 3.4662 5.9281 -2.0488 1.2052 -1.7266 1.2506 1.0474 1.7624 -4.1182
1 0 3 3 62.982 -7.8296 3.3256 0.42406 3.9122 1.122 -2.4828 -1.4163 -3.8873 2.6342 -3.8742 -2.9519 0.20709 -0.80935
1 0 3 3 64.452 -7.0727 2.9735 -2.6221 2.7153 -1.4744 0.31435 0.70602 -5.5787 -0.64342 -2.5238 2.8089 0.48959 1.1317
1 0 3 3 64.942 -11.097 0.84292 1.0642 -0.61449 0.27137 -0.085236 -3.3001 2.6093 -2.7003 1.7777 1.7232 -3.7808 -2.1177
1 0 3 3 65.589 -11.528 -0.55918 2.7937 1.0208 -0.27493 1.5859 -5.8206 3.9764 -1.1175 0.26746 2.2768 -3.4808 -2.1338
1 0 3 3 62.27 -8.7395 4.5901 -0.72923 5.0593 -2.391 0.36096 1.7945 1.7122 1.3859 0.11266 1.9948 -1.7938 -4.1791
