0 0 1 3 57.201 -15.049 6.3672 -4.3405 6.3742 -1.4208 -2.0285 -0.53937 1.3426 5.3223 -2.1505 3.5617 -3.6378 0.068497
0 0 1 3 59.983 -17.159 4.2919 -3.6481 4.2613 -2.3371 4.7886 1.9254 0.54656 -0.90399 1.8102 -2.4235 1.2457 4.8513
0 0 1 3 57.793 -15.876 6.0733 -3.1867 3.0979 -1.6082 0.85506 -0.29087 0.20063 3.7071 0.82978 2.3157 -1.0541 -0.25081
0 0 1 3 60.328 -16.35 4.5987 -1.2976 5.2681 -2.4731 1.993 -0.70467 0.20775 0.50828 1.4625 6.6258 4.7923 3.0581
0 0 1 3 60.845 -14.595 4.1916 -7.2222 -0.93857 -1.3934 0.23852 -1.8558 3.1704 4.9843 5.703 2.2587 -0.89288 -0.5626
0 0 1 3 61.993 -16.159 5.1613 -6.2512 3.8044 -2.0473 -2.0897 -1.7446 9.1421 2.9076 -0.18805 -0.32786 -1.6528 4.7964
0 0 1 3 61.249 -14.607 4.0738 -1.0227 2.9943 -1.2531 3.2599 0.48744 -3.1602 0.69912 -0.27364 -2.4091 -5.1608 2.2261
0 0 1 3 61.249 -14.607 4.0738 -1.0227 2.9943 -1.2531 3.2599 0.48744 -3.1602 0.69912 -0.27364 -2.4091 -5.1608 2.2261
0 0 1 3 60.756 -15.583 5.3106 -2.0759 3.5031 -3.8393 0.7339 -2.3916 -2.8316 -1.563 6.0125 1.711 1.2017 4.1555
0 0 1 3 64.097 -17.128 2.5312 -4.1293 5.9489 1.4576 -1.7746 4.8765 1.1751 -3.013 5.4761 1.3677 -2.3738 -0.93179
0 0 1 3 48.992 -12.668 17.847 -5.1598 8.6846 -2.0214 0.24847 2.9678 -1.8137 0.1038 -0.46478 4.91 3.8487 7.8256
0 0 1 3 63.562 -17.011 2.5928 -5.7667 1.9084 1.8189 0.50172 -1.4906 3.1187 1.4859 1.7267 -3.1101 -4.0727 6.4629
0 0 1 3 63.562 -17.011 2.5928 -5.7667 1.9084 1.8189 0.50172 -1.4906 3.1187 1.4859 1.7267 -3.1101 -4.0727 6.4629
0 0 1 3 65.512 -7.3685 3.5713 -4.2866 2.6572 -1.8829 0.4527 -0.087481 -0.93294 0.87592 -1.0387 0.87983 -1.4357 1.6481
0 0 1 3 65.099 -18.348 3.1303 -3.3971 5.3648 -4.9568 0.79452 0.10623 0.19699 -2.2251 7.3828 4.9934 4.2414 0.44261
0 0 1 3 65.175 -18.426 3.2185 -3.5206 5.1834 -4.8788 1.0092 0.55668 0.40381 -2.2721 7.5596 5.1847 3.9854 0.40156
0 0 1 3 63.34 -16.055 1.4187 -4.7925 0.15943 -3.751 -0.80634 1.0824 9.6061 1.4207 0.16375 -1.6291 6.1466 0.27567
0 0 1 3 63.34 -16.055 1.4187 -4.7925 0.15943 -3.751 -0.80634 1.0824 9.6061 1.4207 0.16375 -1.6291 6.1466 0.27567
0 0 1 3 63.34 -16.055 1.4187 -4.7925 0.15943 -3.751 -0.80634 1.0824 9.6061 1.4207 0.16375 -1.6291 6.1466 0.27567
0 0 1 3 59.411 -14.96 4.1068 -6.9509 3.4849 -0.68468 7.0444 4.3231 1.5783 0.67485 -1.7889 3.3436 -0.39394 5.4553
0 0 1 3 49.523 -13.037 15.416 -3.6682 6.5934 -2.721 2.8998 0.17941 -3.6537 4.902 0.74975 4.7817 2.9235 7.1546
0 0 1 3 61.369 -15.855 5.0181 -4.7461 4.1493 1.0793 2.7562 -4.35 -2.7873 4.6279 -0.2205 -2.8664 1.9538 6.3248
