0 0 2 3 79.358 -3.3342 7.8236 2.9051 -6.3881 1.5616 -5.5812 -0.63899 -3.396 -1.9459 0.16476 -0.87011 -0.51628 -3.7984
0 0 2 3 79.386 -3.4333 8.8398 2.9043 -7.1264 0.32924 -5.8862 -0.80043 -3.2305 -1.6992 1.1632 -0.16011 0.31122 -3.4621
0 0 2 3 79.513 -3.3775 8.9306 3.4972 -6.1654 -0.5075 -6.811 -0.7141 -2.8053 -1.5383 0.40015 1.7197 0.47689 -2.0999
0 0 2 3 79.332 -2.6584 8.6696 4.408 -4.5929 -1.446 -7.7114 0.76412 -1.0735 -0.47426 0.73585 3.6931 -0.69962 -0.85836
0 0 2 3 78.998 -2.0197 8.3239 4.2898 -3.9372 -0.97685 -7.3901 3.469 -0.19839 -1.707 -0.71758 2.9023 -1.3426 -1.2735
0 0 2 3 79.156 -2.3586 7.3637 3.6413 -2.7968 0.16448 -7.3205 4.7052 -3.1622 -1.0762 -2.1816 4.7745 -0.73102 -2.3203
0 0 2 3 79.165 -2.2788 7.352 4.023 -1.9762 0.43493 -7.2778 4.4086 -3.431 -0.68453 -2.14 5.3596 0.067196 -1.9353
0 0 2 3 78.723 -1.8811 7.1177 4.8029 -0.77181 0.47133 -5.4171 3.5709 -4.3875 -2.2879 -1.8929 3.8723 0.27791 -1.2718
0 0 2 3 78.753 -2.6871 7.31 2.7132 -4.1735 0.48737 -3.5905 -0.3152 -4.3275 -3.4952 -5.7759 1.1291 -2.4343 -1.3984
0 0 2 3 78.858 -3.2327 6.1002 3.3215 -4.663 0.13384 -5.3541 -2.5733 -5.4438 -6.0674 -5.2019 1.4663 -1.8164 -0.46241
0 0 2 3 78.823 -3.2056 4.7978 4.0292 -4.6643 0.48584 -6.6892 -2.2914 -5.0551 -6.0408 -2.8414 1.5141 -1.7485 0.78482
0 0 2 3 78.942 -3.0519 5.5472 0.76991 -4.5692 -0.6439 -3.5635 2.025 -4.7252 -0.26782 -2.1423 -0.97648 -3.2265 -0.077526
0 0 2 3 79.594 -2.5414 6.8839 2.1782 -3.3046 4.4244 -4.1138 1.4839 -4.7222 -4.9426 -3.3476 -1.1804 -3.7401 0.35586
0 0 2 3 79.368 -2.8987 6.8238 3.3807 -3.3955 4.481 -4.1138 2.3017 -5.6772 -5.1841 -3.2195 -0.272 -3.743 0.82471
0 0 2 3 78.611 -2.5675 6.1552 2.8203 -2.7337 0.69804 -4.0789 3.0549 -1.1937 -2.275 -2.5351 3.043 0.63991 -2.9171
0 0 2 3 79.079 -2.1371 6.5352 4.8446 -2.2533 2.0193 -5.751 -2.231 1.7068 0.67491 -0.70466 0.14564 -2.4484 1.2027
0 0 2 3 79.151 -2.1111 6.5833 4.4555 -1.9041 2.2257 -5.5855 -1.7243 1.7987 0.59629 -0.27575 -0.23889 -2.3232 0.50136
0 0 2 3 78.893 -2.5681 7.1217 3.0879 -3.4817 1.4766 -4.9525 2.1649 2.9065 2.445 0.60185 2.0827 -3.7768 -2.3576
0 0 2 3 78.684 -1.4068 6.7465 2.0518 -1.869 2.4789 -4.9976 -1.3126 -0.54047 -0.14064 -2.8937 1.0554 -1.9968 -5.732
0 0 2 3 78.497 -2.4747 7.0227 1.3687 -5.3067 2.4213 -6.4792 2.5763 -1.1824 -3.5954 0.37733 -0.64734 -4.7519 -2.3999
0 0 2 3 78.732 -1.2665 7.7064 2.2425 -5.0825 2.4889 -3.4194 3.9116 0.13522 -0.24662 -1.9104 -2.5753 0.0083251 -2.1476
0 0 2 3 78.917 -2.5046 6.1057 0.24526 -5.0175 2.0041 -5.1707 0.99669 0.55377 -1.8126 -2.2197 -1.4627 -1.1375 -2.5701
0 0 2 3 78.855 -2.9027 5.587 1.3597 -6.2989 1.7338 -5.6989 -0.33916 1.461 -0.7386 0.22159 -0.64979 0.20995 -0.35121
0 0 2 3 82.653 -5.1353 0.48149 6.245 -2.4367 2.9563 -8.1725 -0.075755 1.6825 1.5237 -0.56313 -9.5702 2.899 2.0319
0 0 2 3 82.553 -5.1666 0.59886 6.2178 -3.2391 2.7196 -7.9825 -0.25052 1.7807 1.212 -1.8133 -9.5778 3.9755 2.0923
0 0 2 3 82.31 -5.0523 0.97769 6.0655 -4.0358 2.3815 -7.6317 -0.60476 1.8426 0.82639 -3.1063 -9.1749 4.7986 1.9155
0 0 2 3 81.494 -4.3759 2.7754 5.7258 -5.1613 1.6053 -5.9731 -1.0962 2.7532 0.21746 -5.5111 -6.8532 5.3801 1.2355
0 0 2 3 79.017 -2.5083 8.1652 2.7369 -5.3748 2.4009 -2.3555 0.1969 -0.67213 -1.4736 -3.0607 -1.906 -2.7256 -0.015028
0 0 2 3 78.684 -1.9056 9.6104 3.1987 -2.811 1.0896 -2.559 -0.84063 -2.8747 -2.9793 0.07416 -2.1328 -1.5623 -2.4426
0 0 2 3 78.603 -2.3955 9.8826 3.9808 -1.6618 0.39525 -3.8107 -3.0459 -2.2999 -3.0195 1.2691 -1.2155 -0.36533 -2.2392
0 0 2 3 78.82 -2.6204 8.476 3.4571 -2.9976 0.64485 -3.4095 -3.9937 -2.4211 -2.2304 0.93883 -0.36738 -1.5202 -1.2239
0 0 2 3 79.117 -1.8063 7.8538 4.0476 -2.5064 1.5149 -4.1431 -0.73165 -1.8392 0.67689 -0.35694 -1.0724 -1.7416 -0.94204
0 0 2 3 78.973 -1.9918 7.7832 3.7945 -2.1795 1.1375 -4.9092 -1.0332 -1.2644 1.7701 -1.6009 -2.0341 -1.6833 -0.40825
0 0 2 3 78.686 -2.3414 6.3572 2.5694 -3.1014 -0.11439 -1.9611 -2.4243 -1.3815 -2.3032 0.37293 0.6137 -2.0545 0.35408
0 0 2 3 78.743 -1.8497 4.5065 0.45923 -3.452 -3.1069 -5.1217 -4.6378 -3.7773 -3.9019 -1.7964 -1.0386 -4.3411 -2.6918
0 0 2 3 78.535 -1.2934 6.0446 1.0847 -3.1723 -3.8482 -5.9229 -4.1382 -2.0584 -3.4947 -0.89772 -0.67145 -4.3942 -1.1505
0 0 2 3 78.171 -0.20166 7.2063 1.1318 -3.9914 -3.4768 -5.1298 -1.6908 -1.8084 -5.7612 -0.78926 -1.6161 -4.567 0.077743
0 0 2 3 77.938 -0.75511 7.4843 0.65173 -1.841 -1.3696 -5.3157 -2.3578 -4.4404 -4.0162 -1.4236 -0.2824 -0.47167 -1.8756
0 0 2 3 77.927 -0.77114 6.9154 0.31103 -2.3502 -1.4042 -5.3815 -2.5185 -5.9397 -4.5792 -1.6152 -0.047824 0.44242 -1.6275
0 0 2 3 80.673 -1.706 0.45092 1.6967 1.5602 -1.9871 -1.5362 -4.1226 -8.7755 -1.3675 -2.1679 -2.7467 2.497 -3.4351
0 0 2 3 80.987 -1.7057 -0.17762 1.6422 1.384 -1.8615 -1.5422 -4.4645 -8.5823 -1.025 -1.9443 -2.2943 2.0734 -3.4768
0 0 2 3 81.428 -1.6552 -1.2635 1.3158 0.48985 -1.4694 -2.0518 -5.1091 -8.1897 -0.96059 -0.44102 -1.1868 0.84604 -2.9409
0 0 2 3 81.565 -1.5149 -1.7871 1.4245 -0.15016 -1.2588 -2.7154 -5.4816 -8.8269 -1.5736 0.17067 -0.43088 -0.53476 -1.4962
0 0 2 3 81.409 -1.8167 -1.9509 2.0115 -1.1697 -1.0784 -2.9191 -5.3596 -9.3861 -2.3611 0.077817 0.21395 -1.137 -0.57754
0 0 2 3 81.069 -2.6257 -0.88994 3.8227 -2.7767 0.89539 -0.6158 -6.2419 -10.556 -3.0539 1.7747 1.3635 0.38171 -0.77186
0 0 2 3 81.119 -2.8307 -0.12229 4.5349 -2.6523 2.5553 0.046579 -7.658 -9.4903 -2.3052 3.4907 2.1268 -1.0814 -1.6401
0 0 2 3 81.265 -3.4873 -0.13495 5.8589 -1.7392 2.1578 -2.4299 -8.3618 -5.3268 -2.38 1.3997 2.4682 -3.7833 -1.491
0 0 2 3 81.077 -2.76 0.24074 6.1927 -1.3538 0.46912 -0.48697 -6.2327 -7.2127 -2.9182 -0.53312 -0.032899 -4.2271 -1.9984
0 0 2 3 80.808 -1.445 0.68302 4.5114 0.2169 -0.16853 -0.12729 -5.4732 -8.9555 -1.5462 -0.24367 -1.6627 -2.5936 -3.3736
0 0 2 3 80.516 -0.84707 1.1692 2.4075 1.7184 2.0123 -1.8101 -6.7889 -8.194 1.2009 1.9389 -0.031787 -0.40169 -3.1434
0 0 2 3 80.214 -0.85839 1.7388 1.9944 1.9967 2.4316 -2.5442 -7.0359 -7.6549 2.6537 3.3786 1.675 -0.032813 -3.1571
0 0 2 3 78.609 -1.7626 4.2722 1.3654 0.29718 1.5952 -9.0033 -2.326 -2.9674 1.1307 -4.5612 -2.4452 -6.2421 0.068305
0 0 2 3 79.851 -3.1328 2.605 2.0451 1.4217 2.8297 -12.179 -4.2141 -5.2803 0.45868 -2.5402 -3.1612 -3.9867 -2.1677
0 0 2 3 80.574 -3.6135 0.83951 0.9327 -0.39689 7.2781 -9.0797 -0.71575 -3.2287 0.37714 0.087855 -0.87877 -3.2334 -3.6988
0 0 2 3 80.733 -3.7957 1.5059 0.95618 -0.81096 8.1841 -8.8657 0.79711 -4.6857 -0.35689 -1.0957 -0.49854 -4.4243 -4.2
0 0 2 3 77.436 -0.30655 6.1176 2.0586 -0.26121 -1.1163 -6.1729 -2.721 -5.1896 -1.5826 2.9723 5.7706 2.1207 0.11488
0 0 2 3 77.188 0.108 4.8082 0.87829 -2.8908 -2.0625 -5.1294 -2.5258 -4.2236 -2.7189 -2.054 2.3815 0.56408 -1.3424
0 0 2 3 77.151 0.17298 4.4641 0.45132 -1.6441 -1.7505 -3.543 -3.5378 -2.0374 -4.365 -3.7129 -1.1616 -2.9165 -3.9359
0 0 2 3 77.434 1.1445 5.6599 4.0466 -4.7476 -4.1246 -7.2964 -4.8813 -5.5101 -0.79949 0.5831 1.9324 -4.33 -4.0859
0 0 2 3 77.434 1.1445 5.6599 4.0466 -4.7476 -4.1246 -7.2964 -4.8813 -5.5101 -0.79949 0.5831 1.9324 -4.33 -4.0859
0 0 2 3 77.862 -0.49024 5.2941 6.0033 -4.9836 -2.9717 -3.1161 -8.5399 -0.28536 0.56698 -4.3564 0.046943 -3.6029 -2.7252
0 0 2 3 77.862 -0.49024 5.2941 6.0033 -4.9836 -2.9717 -3.1161 -8.5399 -0.28536 0.56698 -4.3564 0.046943 -3.6029 -2.7252
0 0 2 3 76.905 0.47136 4.7498 2.4232 -4.0334 -3.6586 -3.5821 -4.096 -0.65277 0.069989 1.3118 3.8459 -1.9798 -0.53135
0 0 2 3 76.735 0.77279 5.564 4.613 -1.7807 -1.4245 -3.1399 -0.17949 -1.3363 -4.465 -3.4916 -0.94022 -5.5554 -5.0996
0 0 2 3 76.175 0.71601 5.0087 1.844 -3.361 -5.2358 -7.1569 -2.0399 -1.0747 -0.57531 -0.60588 2.1271 -1.8121 -0.58971
0 0 2 3 77.348 0.36312 4.4715 0.51156 -4.1967 -2.6551 -5.2385 -2.4057 -4.2955 -4.106 -1.5176 2.2812 -2.6377 0.5999
0 0 2 3 77.406 0.48492 4.6454 0.72844 -3.3456 -2.4823 -4.5122 -2.5029 -7.7862 -2.9808 -2.2516 0.47074 -0.7926 -1.7479
0 0 2 3 76.905 0.86979 3.6132 2.0068 -4.2507 -1.6161 -3.3765 -3.9402 -5.2723 -3.8102 -2.0555 -1.402 -2.9761 -2.3216
0 0 2 3 77.026 1.7205 2.7722 2.122 -2.3975 -0.26628 -4.2576 -2.2648 -0.46715 -4.6656 -1.3398 -2.0597 -5.5388 -1.1363
0 0 2 3 76.396 1.4117 3.3365 4.3374 -3.8901 -4.6304 -5.8514 -3.8474 -0.86805 -1.5345 -0.67789 1.1524 -0.65041 -1.6532
0 0 2 3 76.166 1.1005 4.3629 3.4433 -3.5754 -3.6146 -0.26757 -2.0693 -2.2925 -2.2946 -0.60454 -3.7409 -4.1457 -3.0457
0 0 2 3 76.709 0.79352 3.6997 2.2717 -5.3181 -2.1147 -5.7424 -6.4399 -3.3322 -1.7791 -2.5922 -1.1827 -4.8733 -1.768
0 0 2 3 77.262 1.2618 2.5244 1.5958 -5.0332 -2.2573 -6.3025 -6.981 -4.1361 0.82113 -1.0805 0.45204 -3.001 -4.5038
0 0 2 3 76.89 1.237 3.6419 2.2083 -1.4313 0.55623 -2.9703 -2.3501 -0.82346 0.24095 1.4964 -0.30597 -4.5268 -3.5893
0 0 2 3 76.303 1.4074 5.0114 1.9701 -4.2164 -4.1512 -4.7619 -2.6614 -2.5705 -1.0067 -1.7593 -4.4211 -4.1735 -2.1342
0 0 2 3 78.083 0.039823 2.5767 4.2918 -3.3539 2.0813 -1.6636 -4.9227 0.20788 -1.9235 2.2859 0.31573 -7.1049 -4.8682
0 0 2 3 81.627 -3.3192 -3.3012 5.6452 -6.7304 9.0576 -1.9955 -4.8325 -1.3935 1.5856 0.89947 3.0356 -1.1273 -5.1385
0 0 2 3 81.764 -3.3503 -3.4952 5.8954 -7.0781 8.6096 -2.2682 -4.6573 -1.6728 1.6028 0.53054 2.7158 -1.3696 -5.3486
0 0 2 3 81.327 -2.9959 -4.1394 6.4168 -7.6595 2.3704 -4.2183 -10.102 -9.4951 -4.5085 -3.0195 0.3973 -0.94748 -1.4852
0 0 2 3 81.53 -3.0841 -4.6615 6.2419 -7.8755 2.3879 -4.1193 -10.312 -9.6887 -4.4757 -2.3088 0.21837 -0.89898 -1.7672
0 0 2 3 81.53 -3.0841 -4.6615 6.2419 -7.8755 2.3879 -4.1193 -10.312 -9.6887 -4.4757 -2.3088 0.21837 -0.89898 -1.7672
0 0 2 3 81.492 -2.8693 -5.0302 5.8913 -8.2801 2.2462 -3.4221 -9.871 -8.8833 -3.6781 -0.81055 -0.061831 -1.3213 -2.9289
0 0 2 3 79.828 -0.95418 -3.3053 4.6732 -5.9125 -0.022444 -2.8842 -8.9121 -4.3326 -1.9793 0.42893 1.8942 -1.7393 -3.9182
0 0 2 3 79.854 -0.49551 -3.4983 5.2445 -2.8336 0.57094 -3.5661 -9.9786 -5.8343 1.2533 -0.95374 0.48545 -1.1497 -2.5092
0 0 2 3 79.854 -0.49551 -3.4983 5.2445 -2.8336 0.57094 -3.5661 -9.9786 -5.8343 1.2533 -0.95374 0.48545 -1.1497 -2.5092
0 0 2 3 79.617 -0.48847 -2.5909 5.6643 -2.4357 0.76728 -2.5897 -8.5523 -6.207 1.2201 -0.91435 -0.54336 -1.9815 -2.843
0 0 2 3 77.547 0.37963 3.6299 3.1579 -3.4296 -0.53196 -5.7938 -3.9642 -5.1762 -0.33357 -2.4219 -1.0318 -4.0875 -1.6379
