1 1 2 3 79.17 -2.0523 2.5159 -0.56386 0.49024 1.1582 0.38154 -3.3533 -6.6123 -2.3669 -1.0772 -2.0589 -5.0608 -3.8706
1 1 2 3 79.088 -2.8495 0.99543 -1.3517 0.84795 2.2666 0.4665 -3.3012 -4.8697 -3.1209 -0.76023 -2.6299 -4.5981 -5.5524
1 1 2 3 79.088 -2.8495 0.99543 -1.3517 0.84795 2.2666 0.4665 -3.3012 -4.8697 -3.1209 -0.76023 -2.6299 -4.5981 -5.5524
1 1 2 3 79.088 -2.8495 0.99543 -1.3517 0.84795 2.2666 0.4665 -3.3012 -4.8697 -3.1209 -0.76023 -2.6299 -4.5981 -5.5524
1 1 2 3 79.164 -2.5422 0.69441 -2.0634 -0.3737 1.4688 0.6281 -3.1616 -4.4403 -2.9509 -1.7056 -3.0814 -4.5815 -5.2118
1 1 2 3 79.268 -1.9633 1.0851 -2.2971 -0.78151 1.0505 1.359 -3.5564 -4.6836 -2.9406 -2.5722 -2.7464 -4.7282 -4.315
1 1 2 3 79.402 -1.7134 1.6789 -2.1182 -0.45499 0.68782 1.6548 -3.7775 -5.0057 -3.0294 -2.5728 -2.1189 -5.5722 -3.4241
1 1 2 3 79.402 -1.7134 1.6789 -2.1182 -0.45499 0.68782 1.6548 -3.7775 -5.0057 -3.0294 -2.5728 -2.1189 -5.5722 -3.4241
1 1 2 3 79.456 -1.6817 2.2521 -1.3505 0.23469 -0.24248 0.7767 -3.2833 -5.6873 -2.8403 -1.888 -1.6102 -6.3676 -3.4483
1 1 2 3 79.386 -1.6306 2.4693 -0.92618 0.64073 -0.97433 0.25334 -3.1422 -6.206 -3.0122 -1.557 -1.5955 -6.4079 -3.6394
1 1 2 3 79.137 -1.6653 1.8474 -0.5022 0.43486 -3.2696 -1.0829 -2.9755 -6.6473 -2.163 -1.9434 -2.1974 -5.6485 -2.9415
1 1 2 3 78.952 -2.0975 1.0529 0.36798 0.6213 -2.6224 1.121 -2.6246 -5.4092 0.43361 -2.8241 -3.4202 -3.4844 -0.25448
1 1 2 3 78.985 -2.0803 1.5223 0.63929 0.91041 -2.0134 1.8522 -3.1744 -5.4058 0.21199 -2.9083 -3.5176 -2.9494 -0.061253
1 1 2 3 79.015 -1.6947 3.3217 1.3493 1.926 -1.3128 1.0716 -5.9696 -5.2816 -0.81515 -3.6344 -1.8116 -2.1142 -0.072551
1 1 2 3 79.038 -1.5033 3.6925 1.7234 2.2299 -1.5095 0.13385 -6.5104 -5.2884 -1.0845 -3.7407 -1.1943 -2.1287 -0.45838
1 1 2 3 79.05 -1.316 3.8702 2.1493 2.4642 -1.8378 -0.94194 -6.8746 -5.4204 -1.2289 -3.7743 -1.017 -2.4492 -0.90286
1 1 2 3 79.019 -1.2024 3.8083 2.6857 2.5751 -2.4515 -1.7311 -6.8419 -5.5693 -1.4688 -3.7535 -1.0897 -2.8202 -1.3335
1 1 2 3 78.968 -1.2047 3.5595 3.1971 2.4155 -2.9297 -1.8861 -6.5739 -5.8176 -2.098 -3.8171 -1.3668 -3.0132 -1.4085
1 1 2 3 78.892 -1.3193 3.2689 3.536 2.2534 -3.0149 -1.6174 -6.1877 -6.0068 -2.824 -3.6271 -1.6826 -3.2441 -1.2754
1 1 2 3 78.731 -1.7597 3.0062 3.6818 2.4063 -2.2051 -0.7497 -5.9424 -6.3682 -3.7326 -3.2781 -2.492 -3.4739 -0.90261
1 1 2 3 79.17 -1.644 3.8021 2.6561 1.8435 -3.1242 0.92538 -4.5582 -5.4046 -2.8835 -3.4397 -3.8404 -6.4224 -1.5774
1 1 2 3 79.385 -1.7796 3.1096 1.6899 1.1711 -3.0921 1.8178 -4.9532 -4.4775 -3.12 -2.5939 -4.3966 -6.2156 -0.80399
1 1 2 3 79.307 -2.1348 2.4126 1.3076 0.65283 -2.892 2.3068 -5.6189 -3.1582 -3.114 -1.4686 -3.8962 -5.2575 -0.66837
1 1 2 3 78.982 -2.917 2.0166 1.9466 0.29983 -1.55 0.68953 -4.5335 -1.4601 -0.62584 -1.4572 -1.7684 -5.7313 -3.8548
1 1 2 3 78.757 -3.2386 1.9835 1.8501 0.31887 -0.70819 1.167 -0.96974 -2.1829 2.4979 -0.0059744 -1.9046 -8.5728 -5.202
1 1 2 3 78.764 -3.1652 2.3651 1.591 0.51838 -1.9122 1.1017 0.25734 -3.0678 2.4541 1.1729 -2.449 -8.819 -4.8341
1 1 2 3 78.803 -3.1004 2.5395 1.6242 0.368 -2.4936 0.87842 0.2036 -3.5489 1.7128 1.1043 -2.8253 -8.4334 -4.4722
1 1 2 3 78.867 -3.0669 2.4437 1.9505 0.0018218 -2.8007 0.90155 -0.43596 -3.9028 0.99793 0.30681 -3.1116 -7.4946 -4.0462
1 1 2 3 79.097 -2.8964 1.8455 2.7263 -0.21331 -2.2788 1.3908 -1.7071 -4.1175 -0.79737 -2.0324 -3.0702 -5.077 -2.9154
1 1 2 3 79.445 -2.6831 2.767 3.3497 -0.24298 -1.491 2.7771 -2.5553 -4.2623 -0.50344 -4.215 -2.7073 -3.485 -3.1786
1 1 2 3 79.395 -2.7765 3.2325 3.2778 -0.41557 -1.7544 3.0378 -2.5502 -4.1066 0.0056467 -3.9436 -2.5404 -3.6234 -3.4402
1 1 2 3 79.199 -2.92 3.8039 3.1621 -1.2781 -2.601 2.7793 -2.8511 -3.0155 0.84684 -3.5055 -2.2045 -3.5897 -3.3682
1 1 2 3 79.022 -2.7997 3.6021 2.7667 -2.2069 -1.9464 2.2005 -3.9501 -1.785 0.88572 -3.7005 -2.7472 -3.3178 -2.2328
1 1 2 3 79.001 -2.8015 3.3017 2.5829 -2.0764 -1.1964 2.0035 -4.0461 -1.8751 1.2698 -3.3986 -2.6166 -3.6296 -1.866
1 1 2 3 79.001 -2.8015 3.3017 2.5829 -2.0764 -1.1964 2.0035 -4.0461 -1.8751 1.2698 -3.3986 -2.6166 -3.6296 -1.866
1 1 2 3 78.909 -2.9532 2.6756 1.9945 -0.43605 1.3595 2.1694 -4.0249 -2.6489 2.7813 -3.1666 -2.5141 -4.4832 -1.2367
1 1 2 3 78.909 -2.9532 2.6756 1.9945 -0.43605 1.3595 2.1694 -4.0249 -2.6489 2.7813 -3.1666 -2.5141 -4.4832 -1.2367
1 1 2 3 78.876 -2.9804 2.678 2.0247 0.45209 1.9178 2.5873 -3.8383 -2.8016 2.5392 -3.2925 -3.0299 -4.5969 -1.471
1 1 2 3 78.845 -3.0445 2.6616 2.2816 1.4025 2.2101 3.3433 -3.2433 -2.8003 1.8549 -3.3268 -3.8439 -4.7365 -1.5416
1 1 2 3 78.812 -3.0883 2.6549 2.5718 2.0397 2.0593 4.0064 -2.6932 -2.6058 1.121 -3.3509 -4.5668 -4.8583 -1.6746
1 1 2 3 78.862 -2.794 2.737 2.7815 1.4325 -0.048573 4.387 -2.6829 -2.5755 -1.1567 -2.9875 -4.7715 -4.6781 -0.71227
1 1 2 3 79.269 -2.1381 2.0875 1.7038 0.4661 0.5265 1.7868 -3.786 -4.7413 0.25167 -2.2822 -3.5608 -3.4233 -2.9266
1 1 2 3 79.269 -2.1381 2.0875 1.7038 0.4661 0.5265 1.7868 -3.786 -4.7413 0.25167 -2.2822 -3.5608 -3.4233 -2.9266
1 1 2 3 79.523 -2.2118 1.7114 1.853 1.822 1.8858 0.66805 -6.4627 -5.718 -2.919 -2.6036 -3.0973 -5.5059 -3.7366
1 1 2 3 79.396 -2.3946 2.0122 2.3515 1.4028 0.53812 0.60952 -5.7441 -7.0357 -4.7908 -4.558 -2.377 -7.3297 -4.4281
1 1 2 3 79.333 -2.2699 2.5813 2.8162 1.3621 -0.034504 1.2697 -4.5788 -6.9632 -4.9922 -4.4957 -1.7198 -7.4606 -4.4678
1 1 2 3 79.292 -2.1585 3.072 3.0413 1.0769 -0.70332 1.6485 -3.5766 -6.7321 -4.9391 -4.1747 -1.1405 -7.3468 -4.6102
1 1 2 3 79.292 -2.1585 3.072 3.0413 1.0769 -0.70332 1.6485 -3.5766 -6.7321 -4.9391 -4.1747 -1.1405 -7.3468 -4.6102
1 1 2 3 79.292 -2.1585 3.072 3.0413 1.0769 -0.70332 1.6485 -3.5766 -6.7321 -4.9391 -4.1747 -1.1405 -7.3468 -4.6102
1 1 2 3 79.135 -1.1788 2.9256 3.1383 0.30543 -1.8087 0.26498 -3.6161 -4.138 -2.2493 -5.0618 -3.4286 -5.7837 -2.0985
1 1 2 3 79.166 -1.1286 2.4673 3.1035 0.63083 -1.4245 -0.070974 -3.8014 -4.1882 -2.6692 -5.69 -4.052 -5.7134 -1.7215
1 1 2 3 79.256 -1.3587 1.6321 2.7568 1.2713 -0.13065 -0.2948 -3.2636 -4.4923 -3.6345 -6.0277 -3.9463 -5.2853 -1.4861
1 1 2 3 79.256 -1.3587 1.6321 2.7568 1.2713 -0.13065 -0.2948 -3.2636 -4.4923 -3.6345 -6.0277 -3.9463 -5.2853 -1.4861
1 1 2 3 79.28 -1.8468 1.6042 2.2396 1.1002 0.81197 -0.067478 -2.4728 -4.0963 -4.0077 -5.5435 -2.66 -4.3685 -2.0431
1 1 2 3 79.214 -2.1389 1.9063 2.0933 0.61356 1.0479 0.33311 -2.208 -3.5834 -3.5732 -5.4211 -2.0201 -3.8581 -2.6859
1 1 2 3 79.093 -2.4887 2.8715 1.9054 -0.45666 1.2587 1.2073 -2.1105 -2.7808 -2.6126 -5.4346 -0.45574 -3.3646 -3.3022
1 1 2 3 79.154 -2.7088 3.093 1.9242 -0.76293 0.41372 1.4548 -0.98274 -3.5348 -2.0119 -5.1585 -0.19638 -4.3181 -2.7657
1 1 2 3 79.131 -2.8001 2.704 2.3732 -0.30784 -0.69033 0.81296 -0.27552 -5.4278 -1.602 -4.1894 -0.93239 -4.9621 -2.1453
1 1 2 3 79.539 -2.4832 1.6719 1.8773 1.1059 -0.95397 -0.9613 -0.67456 -6.1048 -2.8027 -4.2211 -1.8063 -4.6135 -1.2863
1 1 2 3 79.539 -2.4832 1.6719 1.8773 1.1059 -0.95397 -0.9613 -0.67456 -6.1048 -2.8027 -4.2211 -1.8063 -4.6135 -1.2863
1 1 2 3 79.761 -2.2462 1.277 1.6919 2.9569 -0.77022 -1.8532 -1.1532 -4.7158 -2.7911 -5.3524 -0.80309 -4.1838 -0.86755
1 1 2 3 79.771 -2.1351 1.1902 1.6089 3.9603 -0.79825 -1.9292 -1.081 -3.8649 -2.5918 -5.4044 -0.41129 -4.4498 -0.74423
1 1 2 3 79.705 -2.1033 1.0894 1.5508 4.7366 -0.8459 -1.9298 -1.026 -3.1009 -2.3129 -5.2163 -0.44809 -4.9897 -0.64004
1 1 2 3 79.705 -2.1033 1.0894 1.5508 4.7366 -0.8459 -1.9298 -1.026 -3.1009 -2.3129 -5.2163 -0.44809 -4.9897 -0.64004
1 1 2 3 79.601 -2.167 1.0434 1.6187 5.0968 -0.76982 -1.9472 -0.86608 -2.3612 -1.871 -4.5958 -1.0563 -5.5451 -0.57537
1 1 2 3 78.731 -3.1865 1.0459 3.47 3.8309 -0.72653 -1.4276 -1.4667 -1.2353 0.52809 -1.3506 -3.9218 -8.4156 -1.9429
1 1 2 3 78.507 -3.3771 1.2532 3.7844 3.1413 -0.88232 -1.2624 -1.9654 -2.0455 0.10158 -0.7602 -3.9132 -8.6261 -2.3628
1 1 2 3 78.109 -2.6017 2.3114 3.9289 2.5304 -1.4505 0.42598 -3.0863 -4.0779 -2.9926 1.5483 -2.1162 -5.6307 -2.8163
1 1 2 3 78.178 -2.1199 2.5055 3.633 2.7623 -1.2431 0.08256 -2.5887 -3.9102 -2.2697 1.8893 -1.8913 -4.3756 -2.649
1 1 2 3 78.44 -2.3354 2.9276 3.4535 2.1725 -0.14619 -1.1891 -2.8026 -1.5002 0.31607 2.2687 -1.7964 -2.9564 -2.2603
1 1 2 3 78.472 -2.5112 2.8976 3.2925 1.7311 0.10511 -0.88942 -2.4594 -1.1918 0.5362 2.1548 -2.0453 -2.376 -2.4216
1 1 2 3 78.309 -3.0364 2.5046 2.8858 0.07786 0.20156 0.070113 -1.2327 -1.0383 0.59679 -0.37184 -4.242 -2.5337 -3.1204
1 1 2 3 78.201 -3.2377 2.3768 2.6455 -0.28556 0.08541 0.24016 -0.93078 -1.506 0.072735 -1.8339 -5.0564 -3.1076 -3.4929
1 1 2 3 77.949 -1.1677 3.7369 3.7786 3.1028 -1.4047 2.2388 -2.0562 -6.1962 -4.1778 -3.8411 -2.5998 -4.6042 -1.1525
1 1 2 3 78.428 -0.74337 4.1964 4.8136 2.8522 -1.8723 1.2627 -3.4999 -5.6963 -4.584 -3.6126 -1.9626 -3.9231 -0.94465
1 1 2 3 78.58 -0.6581 4.0937 4.7228 2.7672 -1.6531 0.6299 -4.2827 -5.4835 -4.4896 -3.4467 -1.7874 -3.6477 -0.94558
1 1 2 3 78.739 -0.78655 3.5345 4.1483 2.139 -2.2717 -1.2165 -6.1164 -4.692 -3.9083 -2.0751 -1.1464 -3.6408 -1.0668
1 1 2 3 78.582 -0.85249 3.1141 4.3564 1.809 -2.989 -1.0022 -6.3696 -4.4597 -3.7743 -0.70462 -1.5239 -3.7361 -2.3837
1 1 2 3 78.558 -0.85061 3.0651 4.6344 1.8924 -2.9559 -0.46574 -5.8013 -4.1726 -3.2926 -0.69684 -2.0236 -3.667 -2.808
1 1 2 3 78.817 -2.0436 1.6647 3.2166 0.60699 0.042833 2.5347 -1.0501 -4.6542 -4.9421 -0.45859 -1.9341 -4.976 -3.2756
1 1 2 3 78.817 -2.0436 1.6647 3.2166 0.60699 0.042833 2.5347 -1.0501 -4.6542 -4.9421 -0.45859 -1.9341 -4.976 -3.2756
1 1 2 3 78.885 -2.2069 1.253 3.2759 0.10413 0.32166 2.652 -1.1454 -4.6739 -4.7411 -0.91739 -2.1335 -5.3726 -3.3187
1 1 2 3 78.921 -2.3265 0.92657 3.4332 -0.26258 0.51768 2.3327 -1.2197 -4.545 -4.3913 -1.6784 -2.4117 -5.3925 -3.3232
1 1 2 3 79 -2.4208 1.0031 4.9485 -0.57367 -1.178 -0.71308 -2.4375 -5.5269 -3.2708 -3.9754 -2.0925 -3.7063 -2.2632
1 1 2 3 78.96 -2.4572 1.2249 5.1399 -0.54783 -1.8427 -1.5724 -2.9977 -5.7372 -3.0041 -4.4188 -2.0843 -3.0954 -1.7401
1 1 2 3 78.812 -2.367 1.5821 4.3631 -1.4199 0.97233 -1.7301 -2.7318 -2.9497 -3.5516 -3.4346 -2.9272 -4.5008 -2.4301
1 1 2 3 79.076 -2.343 1.215 4.383 -0.41452 0.83562 0.57792 -0.9777 -2.3868 -2.9258 -2.7683 -1.8276 -4.5728 -4.4791
1 1 2 3 79.12 -2.4518 1.416 4.5192 0.5877 -0.20933 1.1436 -1.0803 -2.4951 -1.4426 -1.6115 -0.95933 -4.2752 -4.4008
1 1 2 3 79.12 -2.4518 1.416 4.5192 0.5877 -0.20933 1.1436 -1.0803 -2.4951 -1.4426 -1.6115 -0.95933 -4.2752 -4.4008
1 1 2 3 78.908 -2.4575 1.8625 4.4123 1.8747 -1.2413 0.76217 -1.5417 -2.3496 -0.55178 -0.72135 -1.842 -3.5903 -2.7425
1 1 2 3 78.848 -2.8634 0.90461 3.1305 4.2147 1.5937 0.058977 -4.3972 -4.3971 -4.1065 0.81797 -3.0895 -5.5913 -3.4621
1 1 2 3 79.166 -2.8257 1.6611 4.3517 2.8616 1.516 -0.71745 -5.8158 -7.0589 -4.7177 -0.282 -2.4292 -4.2198 -3.0581
1 1 2 3 79.276 -2.747 1.9145 4.6743 2.3889 1.6816 -1.219 -5.3989 -7.7549 -4.5639 -0.9564 -2.245 -3.6589 -3.1843
1 1 2 3 79.376 -2.7525 2.0832 4.7599 2.1403 1.995 -2.2014 -4.9447 -8.0826 -4.1267 -1.7282 -2.315 -3.0861 -3.1063
1 1 2 3 80.432 -3.592 0.51698 4.5751 1.4998 4.0248 -8.7384 -0.53033 -4.855 1.1362 -0.65389 -3.5839 -5.3865 -4.0032
1 1 2 3 80.428 -3.507 0.47971 4.6969 1.6406 3.8886 -8.309 -1.156 -4.9079 1.0217 -0.36079 -3.6609 -5.7162 -4.6096
1 1 2 3 80.428 -3.507 0.47971 4.6969 1.6406 3.8886 -8.309 -1.156 -4.9079 1.0217 -0.36079 -3.6609 -5.7162 -4.6096
1 1 2 3 79.936 -2.791 0.55319 4.9422 1.6234 0.7609 -4.2169 -4.2552 -5.6052 -1.1402 -1.3835 -4.0503 -6.3148 -4.4823
1 1 2 3 79.92 -3.0337 0.046796 5.7453 2.4992 0.24516 -3.6642 -4.7946 -7.1471 -3.5296 -2.13 -4.2072 -5.2452 -3.8896
1 1 2 3 80.025 -3.1337 0.18154 5.9534 2.5575 0.34106 -4.4575 -4.5907 -7.586 -3.4348 -1.7265 -3.8898 -4.3162 -3.3155
1 1 2 3 80.183 -3.5059 0.51215 5.9218 2.5277 0.99822 -6.2178 -4.7198 -8.3571 -3.0156 -1.1271 -2.6333 -2.4996 -2.9756
1 1 2 3 80.225 -3.6833 0.69289 5.7171 2.359 1.6341 -6.7941 -4.6605 -8.2714 -2.6137 -1.0653 -1.8903 -1.8768 -3.2709
1 1 2 3 79.96 -4.2256 0.72836 4.6416 2.0174 3.2047 -6.4233 -3.6834 -7.2419 -1.5683 -2.6522 -1.0019 -1.8112 -4.3257
1 1 2 3 79.813 -4.3005 0.53901 4.126 1.9079 3.5612 -5.2966 -2.9435 -6.8272 -1.596 -3.6887 -1.6011 -1.9654 -4.4384
1 1 2 3 79.072 -2.623 0.44013 1.3704 -0.60047 3.7267 -1.8286 -1.5398 -3.2151 -5.3321 -5.5032 -2.6493 -4.021 -4.6628
1 1 2 3 79.072 -2.623 0.44013 1.3704 -0.60047 3.7267 -1.8286 -1.5398 -3.2151 -5.3321 -5.5032 -2.6493 -4.021 -4.6628
1 1 2 3 79 -2.3558 0.4716 1.6812 -0.69639 4.1798 -1.5149 -1.5758 -3.1229 -5.0532 -4.4302 -2.5197 -3.8672 -4.8027
1 1 2 3 78.924 -2.1832 0.42786 2.1407 -0.60183 4.3567 -1.1357 -1.4835 -3.3551 -4.4833 -3.2757 -2.4869 -3.7938 -4.733
1 1 2 3 78.731 -2.177 0.49278 2.7024 -0.25291 4.3933 -0.11952 -0.9693 -4.2094 -2.8994 -1.8077 -3.0023 -3.915 -3.7645
1 1 2 3 78.526 -2.3138 1.2258 3.6781 0.26777 2.5369 2.4485 -0.81194 -7.5512 -3.2251 -3.8459 -4.7717 -5.692 -2.68
1 1 2 3 78.622 -2.0868 1.859 3.8985 -0.2076 0.91793 3.0578 -0.93351 -8.3732 -4.365 -4.4995 -3.8544 -6.2703 -4.0196
1 1 2 3 78.632 -1.9389 2.1194 3.8724 -0.40969 0.31378 2.9809 -0.84901 -8.3334 -4.8319 -4.2944 -2.9563 -6.1302 -4.3441
1 1 2 3 78.632 -1.9389 2.1194 3.8724 -0.40969 0.31378 2.9809 -0.84901 -8.3334 -4.8319 -4.2944 -2.9563 -6.1302 -4.3441
1 1 2 3 78.641 -1.885 2.2134 3.7708 -0.42758 -0.24896 2.3021 -0.99813 -8.118 -4.9839 -3.8487 -2.4715 -5.6858 -4.3187
1 1 2 3 78.641 -1.885 2.2134 3.7708 -0.42758 -0.24896 2.3021 -0.99813 -8.118 -4.9839 -3.8487 -2.4715 -5.6858 -4.3187
1 1 2 3 78.676 -1.8794 2.1733 3.6585 -0.53465 -0.57867 1.5704 -1.1624 -7.6672 -5.06 -3.2253 -2.2378 -5.2875 -4.1067
1 1 2 3 78.806 -1.9447 2.1783 3.7202 -0.80584 -0.47863 0.2799 -1.7477 -6.831 -4.6399 -1.7711 -2.6073 -5.0364 -3.3095
1 1 2 3 78.845 -2.1275 2.45 3.7355 -1.1319 0.074419 -0.42742 -2.2353 -7.111 -4.0432 -1.0849 -2.8485 -4.463 -2.3897
1 1 2 3 78.734 -2.2269 2.4047 2.9802 -1.4206 1.8789 0.31184 -3.5801 -8.3973 -4.9201 -1.7922 -2.6338 -3.1477 -1.2239
1 1 2 3 78.691 -2.2631 2.1973 2.7425 -1.5057 1.7167 0.46009 -3.4718 -8.0344 -5.0258 -2.0935 -2.7377 -3.2 -1.015
1 1 2 3 78.628 -2.4147 1.9147 2.6963 -1.5271 1.2181 0.62324 -3.4395 -7.5223 -4.9289 -2.5179 -2.915 -3.5164 -1.0303
1 1 2 3 78.093 -3.142 0.69123 4.0616 -0.7143 0.81614 0.87748 -4.2845 -4.6478 -4.4539 -5.9591 -3.9666 -4.3237 -2.7462
1 1 2 3 78.248 -1.9649 0.72396 3.8155 1.0521 2.5534 -0.057851 -2.7631 -9.9083 -4.8257 -2.1424 -1.3063 -3.371 -3.4467
1 1 2 3 78.339 -1.8253 0.71646 3.48 1.3901 2.6258 0.091167 -1.9493 -10.552 -4.5167 -1.1748 -1.2032 -4.1835 -3.212
1 1 2 3 78.365 -1.6835 0.32955 3.1704 2.2277 2.558 0.63249 -1.1918 -10.431 -3.7643 -1.4448 -1.4206 -5.4233 -3.3311
1 1 2 3 78.365 -1.6835 0.32955 3.1704 2.2277 2.558 0.63249 -1.1918 -10.431 -3.7643 -1.4448 -1.4206 -5.4233 -3.3311
1 1 2 3 78.097 -1.4309 2.2802 6.654 1.9716 1.9779 0.82606 -1.9912 -3.9057 -3.4048 -2.6993 -3.3465 -4.9072 -3.2685
1 1 2 3 78.207 -1.1355 2.2367 5.7908 0.82077 -0.14074 1.6158 -1.1787 -2.7711 -3.138 -0.59842 -1.6685 -5.1368 -2.4542
1 1 2 3 78.264 -1.0508 2.2349 5.4775 0.50068 -0.69422 1.5426 -1.0077 -2.8632 -3.1088 -0.045029 -0.9048 -4.8071 -2.3065
1 1 2 3 78.471 -1.2074 2.1825 4.6223 0.83505 -1.1918 0.53917 -1.0111 -3.7515 -1.9487 0.19532 -0.019759 -3.5067 -2.7502
1 1 2 3 78.349 -1.6249 1.5818 4.4048 1.5859 -0.33535 0.48809 -1.8151 -3.6518 -1.0078 -0.094045 -0.60247 -3.4033 -2.3511
1 1 2 3 78.349 -1.6249 1.5818 4.4048 1.5859 -0.33535 0.48809 -1.8151 -3.6518 -1.0078 -0.094045 -0.60247 -3.4033 -2.3511
1 1 2 3 78.175 -2.2607 -0.4003 4.8231 1.3647 -0.17586 0.18548 -4.022 -2.4794 -2.6731 -2.4427 -2.027 -1.2254 -2.2945
1 1 2 3 79.382 -1.3192 -3.7544 5.2571 3.2687 -2.1433 -2.5552 -0.67966 -3.6944 -4.0322 -0.41052 0.52176 -5.9018 -7.0132
1 1 2 3 79.517 -1.325 -3.6173 4.9199 3.2807 -1.8748 -2.4999 -0.13558 -3.9071 -3.3803 -0.40912 0.817 -5.4968 -6.6942
1 1 2 3 79.517 -1.325 -3.6173 4.9199 3.2807 -1.8748 -2.4999 -0.13558 -3.9071 -3.3803 -0.40912 0.817 -5.4968 -6.6942
1 1 2 3 79.652 -1.4359 -2.9623 4.104 3.6175 -1.328 -2.186 0.15188 -3.9578 -2.2355 -1.0358 1.0837 -4.2761 -5.0046
1 1 2 3 79.652 -1.4359 -2.9623 4.104 3.6175 -1.328 -2.186 0.15188 -3.9578 -2.2355 -1.0358 1.0837 -4.2761 -5.0046
1 1 2 3 79.605 -1.5258 -2.5883 3.7211 3.6431 -1.1484 -2.0334 -0.19589 -3.9447 -1.8012 -1.4235 0.842 -3.7018 -3.9413
1 1 2 3 79.207 -1.8356 -1.4909 2.559 2.345 -0.53052 -2.0786 -1.9704 -3.1861 -0.4496 -1.9406 -1.3852 -2.483 -1.0788
1 1 2 3 79.136 -1.8754 -1.2889 2.3543 1.8493 -0.19928 -1.821 -2.4592 -3.2236 -0.41761 -1.9535 -1.9062 -2.1533 -0.75171
1 1 2 3 79.136 -1.8754 -1.2889 2.3543 1.8493 -0.19928 -1.821 -2.4592 -3.2236 -0.41761 -1.9535 -1.9062 -2.1533 -0.75171
1 1 2 3 79.059 -1.7331 -1.0829 2.1684 1.2757 0.60561 -0.34164 -3.1081 -3.9448 -0.68769 -1.4427 -1.9324 -2.3399 -1.0489
1 1 2 3 79.034 -1.6082 -1.0178 1.9766 1.1633 0.96732 0.41793 -3.6801 -4.4395 -0.78924 -1.2525 -1.9278 -2.7983 -1.323
1 1 2 3 78.758 -1.6293 -0.93984 1.7788 1.5523 2.5781 2.5486 -4.9688 -6.2346 -2.1147 -1.3743 -2.4097 -4.0581 -2.1576
1 1 2 3 78.554 -1.9861 -0.8397 2.3281 1.7884 3.0537 2.9895 -4.7472 -7.7247 -3.3895 -2.5269 -3.8017 -3.8469 -2.4698
1 1 2 3 78.552 -2.1014 -0.68803 2.6699 1.7885 3.0657 2.3788 -4.6605 -8.3118 -3.7186 -2.8381 -4.2075 -3.4819 -2.0068
1 1 2 3 78.552 -2.1014 -0.68803 2.6699 1.7885 3.0657 2.3788 -4.6605 -8.3118 -3.7186 -2.8381 -4.2075 -3.4819 -2.0068
1 1 2 3 78.901 -1.9952 0.21383 3.0593 1.5993 3.0116 -0.078613 -4.4315 -8.8488 -2.0287 -1.949 -3.7878 -3.6413 -1.3599
1 1 2 3 78.999 -1.9049 0.4569 2.925 1.501 2.8655 -0.73196 -4.068 -8.4423 -1.6225 -1.5947 -3.4596 -3.9985 -1.4689
1 1 2 3 78.999 -1.9049 0.4569 2.925 1.501 2.8655 -0.73196 -4.068 -8.4423 -1.6225 -1.5947 -3.4596 -3.9985 -1.4689
1 1 2 3 78.999 -1.9049 0.4569 2.925 1.501 2.8655 -0.73196 -4.068 -8.4423 -1.6225 -1.5947 -3.4596 -3.9985 -1.4689
1 1 2 3 79.052 -1.8315 0.74206 2.7735 1.4434 2.5895 -0.9799 -3.5719 -7.6182 -1.3954 -1.282 -3.2075 -4.2237 -1.7141
1 1 2 3 80.456 -2.0905 -0.38668 5.2957 0.55431 4.3168 -3.8372 -3.3162 -4.4363 -0.26975 -0.92685 -5.9377 -2.8938 -3.3493
1 1 2 3 80.65 -2.4747 -0.51976 5.0827 0.81497 5.0258 -4.0751 -3.1453 -4.47 -0.0983 -0.89944 -5.3982 -3.1334 -3.7652
1 1 2 3 80.798 -3.1458 -0.39266 4.3692 1.1048 5.4134 -4.2058 -3.4449 -4.9943 -0.69051 -1.5107 -5.0941 -3.7868 -4.1442
1 1 2 3 80.798 -3.1458 -0.39266 4.3692 1.1048 5.4134 -4.2058 -3.4449 -4.9943 -0.69051 -1.5107 -5.0941 -3.7868 -4.1442
1 1 2 3 80.798 -3.1458 -0.39266 4.3692 1.1048 5.4134 -4.2058 -3.4449 -4.9943 -0.69051 -1.5107 -5.0941 -3.7868 -4.1442
1 1 2 3 80.399 -3.7045 1.1059 3.5368 0.58519 4.6029 -4.0799 -1.9958 -7.4327 -1.8184 -4.7952 -7.6455 -5.5034 -2.2634
1 1 2 3 79.955 -3.5904 2.5958 2.9658 -0.84054 2.8615 -4.5015 -0.37504 -8.4609 -0.16346 -3.8338 -6.533 -3.2577 -2.1655
1 1 2 3 79.123 -3.1468 2.801 1.5131 -1.3709 1.0992 -2.0818 0.022193 -8.494 -1.7726 -1.9725 -1.6415 -2.311 -3.3143
1 1 2 3 78.619 -2.457 2.4331 2.1112 -0.33036 1.265 -0.38755 -0.9935 -8.8872 -3.5609 -3.6187 -1.1436 -2.1206 -3.5905
1 1 2 3 78.344 -1.9265 2.517 2.723 0.53975 1.215 -0.68175 -1.1685 -8.3362 -3.2532 -4.8926 -1.963 -1.0234 -3.5631
1 1 2 3 78.344 -1.9265 2.517 2.723 0.53975 1.215 -0.68175 -1.1685 -8.3362 -3.2532 -4.8926 -1.963 -1.0234 -3.5631
1 1 2 3 78.48 -1.29 2.979 3.4473 1.5066 2.4491 -1.5577 -3.2872 -7.7694 -4.0675 -1.8531 -0.73273 0.12075 -0.28041
1 1 2 3 78.688 -1.3532 2.1149 3.6601 1.3088 3.4538 -0.99761 -3.7755 -7.4897 -3.9594 -0.74533 -1.173 -1.4916 -1.2248
1 1 2 3 78.696 -1.4227 1.1459 3.6092 0.44953 3.6768 0.48349 -3.0508 -5.4504 -3.2819 -1.0176 -2.0591 -3.8461 -3.4047
1 1 2 3 78.696 -1.4227 1.1459 3.6092 0.44953 3.6768 0.48349 -3.0508 -5.4504 -3.2819 -1.0176 -2.0591 -3.8461 -3.4047
1 1 2 3 78.408 -1.7058 0.79641 3.5784 0.061231 2.7 2.0788 -2.8966 -2.6707 -1.8995 -2.9469 -3.3984 -6.2113 -5.267
1 1 2 3 78.797 -1.9491 2.1803 4.4448 2.2891 -1.3151 0.27772 -1.5915 -2.4769 -1.3314 -5.0438 -3.8351 -3.9396 -3.4425
1 1 2 3 78.797 -1.9491 2.1803 4.4448 2.2891 -1.3151 0.27772 -1.5915 -2.4769 -1.3314 -5.0438 -3.8351 -3.9396 -3.4425
1 1 2 3 80.008 -3.0355 -1.7366 5.5202 5.6325 -1.0262 -5.9729 -0.23819 -1.6741 -2.675 -5.074 -1.4622 -4.7351 -1.7765
1 1 2 3 80.216 -3.411 -2.9658 5.2745 5.708 -0.58818 -5.5276 -1.549 -1.8449 -2.7676 -4.8868 -2.431 -5.0628 -2.4935
1 1 2 3 80.257 -3.5272 -3.3253 5.0527 5.7234 -0.34863 -4.8725 -2.4626 -2.1117 -3.0859 -4.4636 -3.0359 -5.0953 -2.997
1 1 2 3 80.255 -3.5484 -3.0936 5.1541 5.448 0.9183 -3.7658 -3.7703 -2.7767 -4.3243 -3.4968 -4.539 -5.0807 -3.833
1 1 2 3 79.896 -2.9771 -0.74376 5.3676 4.7783 3.1007 -3.2665 -3.5779 -2.8368 -3.8278 -1.4366 -5.731 -3.9522 -3.6408
1 1 2 3 79.648 -2.8065 0.22307 5.366 4.6231 3.3733 -3.028 -3.1327 -2.711 -2.9823 -0.74943 -5.639 -3.3443 -3.178
1 1 2 3 77.708 -1.2438 1.9559 5.685 2.3133 1.5842 0.59125 -4.1688 -6.2243 -3.3603 -2.706 -4.6053 -4.1401 -5.6961
1 1 2 3 77.965 -0.90983 2.5021 5.8933 1.7606 1.2763 -1.2083 -4.5593 -6.6301 -4.1607 -3.1006 -4.6377 -3.5175 -6.0778
1 1 2 3 78.031 -0.95752 2.3334 5.6797 1.5442 0.84731 -1.8507 -4.7532 -6.7796 -4.2437 -2.8847 -4.3261 -3.8936 -6.0045
1 1 2 3 78.074 -1.2735 1.6165 4.8701 0.76828 0.5982 -2.7758 -5.5495 -6.3589 -3.828 -2.3642 -3.5205 -4.9478 -5.8488
1 1 2 3 78.044 -1.7164 0.90334 4.1735 -0.0026511 0.84934 -2.2349 -5.3617 -4.964 -2.4679 -2.0593 -3.0155 -5.2945 -4.8285
1 1 2 3 78.044 -1.7164 0.90334 4.1735 -0.0026511 0.84934 -2.2349 -5.3617 -4.964 -2.4679 -2.0593 -3.0155 -5.2945 -4.8285
1 1 2 3 77.984 -1.9602 0.58222 4.0902 0.079369 0.54499 -1.1057 -3.8055 -4.0194 -0.97931 -2.8058 -2.1118 -4.1641 -1.946
1 1 2 3 77.813 -1.4748 1.6152 5.2129 0.88758 -0.30656 -1.5673 -5.5935 -7.1544 -3.5152 -3.3961 -2.2963 -1.9883 -2.1814
1 1 2 3 77.826 -1.4023 1.9255 5.0993 0.6926 -0.52477 -1.4156 -5.8957 -7.4681 -3.863 -2.8464 -2.4604 -2.4902 -2.7055
1 1 2 3 77.759 -1.4213 2.4907 4.9434 0.39995 -1.377 -0.92723 -5.8445 -7.4344 -3.7857 -1.5782 -2.1793 -3.783 -3.1075
1 1 2 3 77.642 -1.6867 2.5397 4.4175 0.34042 -1.0292 -0.90088 -4.4594 -5.7613 -0.99761 0.39234 -1.5172 -4.5446 -3.5424
1 1 2 3 77.642 -1.6867 2.5397 4.4175 0.34042 -1.0292 -0.90088 -4.4594 -5.7613 -0.99761 0.39234 -1.5172 -4.5446 -3.5424
1 1 2 3 77.84 -1.5032 1.3402 3.6358 1.3262 1.2134 -1.7892 -1.6051 -4.1461 1.3342 1.9968 -3.1184 -4.1046 -3.3616
1 1 2 3 77.888 -1.4801 1.1483 3.7352 1.8954 1.7505 -1.2238 -0.84678 -3.7393 1.2341 1.8972 -3.0816 -3.7676 -3.6018
1 1 2 3 77.888 -1.4801 1.1483 3.7352 1.8954 1.7505 -1.2238 -0.84678 -3.7393 1.2341 1.8972 -3.0816 -3.7676 -3.6018
1 1 2 3 77.981 -1.7848 0.70221 4.6603 2.3946 1.9938 1.2892 -0.30287 -3.2613 -0.76207 -0.29524 -3.3779 -2.9129 -3.4077
1 1 2 3 78.387 -1.7534 1.2937 4.68 2.0998 1.4922 2.6031 -2.6335 -3.038 -2.368 -3.7885 -4.8861 -2.9907 -1.8195
1 1 2 3 78.459 -1.9575 1.636 4.5674 1.9529 1.4065 2.8452 -2.8594 -3.1564 -2.0035 -4.0124 -4.5363 -3.1859 -1.9167
1 1 2 3 78.487 -2.2716 1.9359 4.4369 1.6462 1.1286 2.9433 -2.6072 -3.6449 -1.7093 -3.9619 -4.3147 -3.3858 -2.068
1 1 2 3 78.672 -3.0324 1.8514 4.2097 0.59696 -1.7122 1.3591 -1.5365 -7.995 -2.2391 -4.124 -3.4142 -2.9076 -3.1869
1 1 2 3 78.894 -2.5626 2.1865 4.7946 0.96824 -0.86679 0.97434 -3.4647 -8.9634 -2.4016 -4.3378 -3.1479 -3.1109 -2.6365
1 1 2 3 78.725 -1.8325 2.427 5.919 -0.58033 0.53786 -0.75007 -4.1381 -8.4982 -3.1909 -4.7006 -7.2273 -5.3169 -3.1547
1 1 2 3 78.725 -1.8325 2.427 5.919 -0.58033 0.53786 -0.75007 -4.1381 -8.4982 -3.1909 -4.7006 -7.2273 -5.3169 -3.1547
1 1 2 3 78.457 -1.788 2.0267 6.441 -0.094384 0.93957 -1.0376 -2.8747 -6.6093 -3.0056 -3.3 -7.0328 -5.4494 -3.2827
1 1 2 3 78.296 -1.5177 2.6711 6.4474 0.67109 0.3723 -0.78771 -0.0068561 -4.5609 -0.49596 -1.0616 -3.5992 -3.9898 -3.352
1 1 2 3 78.541 -1.1713 3.0932 4.9 0.95187 -0.23271 -0.18126 -0.27158 -5.7696 0.19969 -0.036473 -4.8941 -3.356 -2.1237
1 1 2 3 78.541 -1.1713 3.0932 4.9 0.95187 -0.23271 -0.18126 -0.27158 -5.7696 0.19969 -0.036473 -4.8941 -3.356 -2.1237
1 1 2 3 78.633 -1.3981 1.2659 3.2211 1.3206 0.09041 0.54413 -2.5544 -4.4704 -1.6317 0.077081 -5.3691 -4.3109 -1.5592
1 1 2 3 78.61 -1.6008 0.98613 3.5287 1.5849 -0.56331 0.37166 -2.8509 -4.6407 -2.1484 0.40988 -5.3628 -4.4256 -1.6196
1 1 2 3 78.539 -1.5544 0.85066 4.9028 2.471 -1.7708 0.8083 -3.3556 -4.2222 -2.9041 1.603 -3.9694 -3.6855 -2.0072
1 1 2 3 78.539 -1.5544 0.85066 4.9028 2.471 -1.7708 0.8083 -3.3556 -4.2222 -2.9041 1.603 -3.9694 -3.6855 -2.0072
1 1 2 3 77.725 -1.3083 0.98197 2.8858 -0.063873 -1.6671 0.889 -4.1259 -5.9644 -3.1434 0.46061 -1.6699 0.38751 -2.7717
1 1 2 3 77.485 -1.6819 0.49408 2.8483 0.16418 0.60936 0.6907 -6.209 -6.3927 -2.0899 1.0702 -0.98694 -0.14 -2.5953
1 1 2 3 78.243 -2.6817 1.2899 3.8951 0.3958 2.0293 0.72271 -2.5293 -3.2134 -2.8636 -2.3287 -3.4831 -2.4254 -4.2152
1 1 2 3 78.243 -2.6817 1.2899 3.8951 0.3958 2.0293 0.72271 -2.5293 -3.2134 -2.8636 -2.3287 -3.4831 -2.4254 -4.2152
1 1 2 3 78.321 -2.6582 1.2835 3.881 0.11589 1.7211 0.88321 -2.5516 -4.0172 -3.3623 -2.9458 -3.9975 -2.0653 -3.9722
1 1 2 3 78.321 -2.6582 1.2835 3.881 0.11589 1.7211 0.88321 -2.5516 -4.0172 -3.3623 -2.9458 -3.9975 -2.0653 -3.9722
1 1 2 3 78.346 -2.4166 1.191 3.8061 -0.69355 0.44637 0.93417 -2.7537 -6.2662 -4.3228 -3.311 -4.4259 -1.0497 -3.3439
1 1 2 3 78.501 -1.7181 0.71884 4.0264 -0.78214 -0.78 0.81892 -0.72456 -4.2168 -2.8694 -0.24104 -3.9531 -1.968 -2.2544
1 1 2 3 78.822 -1.5984 1.3723 3.8245 -0.98524 -1.1248 0.34635 -2.2289 -3.1404 -4.5769 -1.4987 -4.0468 -2.1045 -0.46455
1 1 2 3 78.822 -1.5984 1.3723 3.8245 -0.98524 -1.1248 0.34635 -2.2289 -3.1404 -4.5769 -1.4987 -4.0468 -2.1045 -0.46455
1 1 2 3 78.739 -0.98729 2.7979 2.8499 -1.4045 -1.683 2.956 -3.2435 -4.3756 -3.7027 -2.8655 -4.6758 -2.8041 -2.0547
1 1 2 3 78.739 -1.3212 2.5988 4.2459 -1.8004 -3.3804 2.3743 -1.3566 -4.3071 -2.7132 -2.0406 -3.4609 -2.0437 -2.7112
1 1 2 3 78.664 -1.462 2.1406 5.1739 -1.7562 -2.4449 0.92372 -3.0537 -4.2967 -1.8248 -2.2685 -3.4054 -2.4789 -1.8966
1 1 2 3 78.589 -1.5733 1.8386 5.419 -1.897 -1.8138 0.51382 -4.2683 -4.7322 -1.2443 -2.1541 -3.7096 -2.6536 -1.5008
1 1 2 3 78.509 -1.7314 1.9219 6.2521 -0.90295 0.44404 3.8935 -2.5909 -3.8989 0.94489 1.0674 -6.2982 -1.7105 -0.067018
1 1 2 3 78.614 -1.4014 2.1083 6.2837 -0.49824 0.18017 4.207 -2.4153 -3.6164 0.60472 -0.13571 -6.3584 -1.7174 0.35399
1 1 2 3 78.526 -1.2409 1.5371 5.1945 -0.050773 -0.11463 2.6536 -4.0684 -3.768 -1.5813 -1.3803 -5.5601 -2.5906 0.80742
1 1 2 3 78.356 -1.2836 1.3549 4.6855 -0.30329 -0.21211 1.6998 -4.6753 -4.0483 -2.3505 -1.4086 -5.6092 -2.9135 0.66827
1 1 2 3 77.887 -1.8566 1.1471 3.6194 -1.3784 -0.46958 -0.52635 -5.1651 -4.8691 -3.3434 -1.6237 -5.5955 -4.9133 -1.443
1 1 2 3 77.785 -2.2529 0.45961 3.0802 -1.0304 0.25276 0.75661 -4.271 -4.7733 -2.5751 -4.3849 -5.9438 -6.6969 -4.2788
1 1 2 3 77.785 -2.2529 0.45961 3.0802 -1.0304 0.25276 0.75661 -4.271 -4.7733 -2.5751 -4.3849 -5.9438 -6.6969 -4.2788
1 1 2 3 78.843 -2.1588 -0.46941 3.799 0.9242 3.0768 -2.3127 -5.2178 -2.6914 -1.5736 -4.8296 -5.979 -3.3015 -2.535
1 1 2 3 79.462 -2.9973 -1.8009 5.1911 2.0585 4.0102 -2.1598 -1.1595 -1.2577 -2.4085 -5.8376 -5.6155 -1.0366 -0.93071
1 1 2 3 79.462 -2.9973 -1.8009 5.1911 2.0585 4.0102 -2.1598 -1.1595 -1.2577 -2.4085 -5.8376 -5.6155 -1.0366 -0.93071
1 1 2 3 79.462 -2.9973 -1.8009 5.1911 2.0585 4.0102 -2.1598 -1.1595 -1.2577 -2.4085 -5.8376 -5.6155 -1.0366 -0.93071
1 1 2 3 79.428 -2.9631 -1.6499 5.4878 1.5432 2.4478 -1.9788 -0.78909 -1.3373 -3.1292 -5.9111 -4.8269 -0.98942 -0.54267
1 1 2 3 79.131 -2.4965 -0.78641 5.5758 0.35252 0.78285 -1.6781 -1.9559 -1.9363 -3.037 -5.126 -3.6545 -2.3179 -1.8307
1 1 2 3 78.608 -2.0865 0.55492 5.5119 -1.0746 -0.63411 -1.7528 -3.69 -2.7877 -2.8971 -3.8893 -2.8582 -4.7831 -3.326
1 1 2 3 77.818 -1.4062 2.0046 2.4525 -1.953 -2.1366 1.6163 -3.4868 -2.8375 -2.3957 -1.9808 -2.5917 -3.4795 -1.653
1 1 2 3 77.872 -1.7503 1.4132 4.2939 -2.399 -0.64558 2.7603 -2.9728 0.77877 -1.967 -3.5252 -1.2531 -3.6989 -4.0462
1 1 2 3 77.983 -1.9573 1.1826 4.9231 -2.5757 -0.15541 2.1126 -2.9448 0.31201 -0.29561 -3.1536 0.33478 -3.6179 -4.7809
1 1 2 3 78.201 -1.8905 1.0603 4.6264 -2.394 0.50466 1.569 -3.7315 -1.2721 0.50628 -2.9835 1.2929 -2.7139 -4.1366
1 1 2 3 78.427 -1.7279 0.89398 3.8709 -2.2081 1.0252 1.6424 -3.9471 -1.1752 0.54445 -3.2502 0.66005 -2.9843 -3.1978
1 1 2 3 78.417 -2.36 0.64278 5.3653 0.11538 1.4037 4.8009 -2.0093 -0.35197 -1.136 -2.1685 -3.3539 -7.9686 -4.9825
1 1 2 3 78.707 -1.5861 2.0632 6.2555 -0.56741 0.84553 3.3402 -5.9354 -3.9754 -2.5236 -1.8179 -1.7775 -5.4011 -2.6355
1 1 2 3 78.683 -1.4353 2.2458 6.4409 -1.0159 0.60676 2.9014 -5.736 -3.9662 -2.4441 -2.194 -2.2345 -5.011 -2.0929
1 1 2 3 78.889 -1.363 0.31376 2.781 -0.30888 -0.78914 2.3542 -2.965 -5.2389 -4.2213 -1.9482 -4.3262 -5.6824 -2.9469
1 1 2 3 79.058 -1.4597 0.048769 2.8708 -0.31401 -0.87689 1.4488 -2.8393 -5.6127 -4.5617 -1.9361 -4.678 -5.3844 -2.8323
1 1 2 3 79.218 -1.5895 -0.27917 3.1135 -0.61897 -1.1233 0.85309 -2.6703 -5.7504 -4.8041 -1.7718 -4.7888 -5.2538 -2.6991
1 1 2 3 79.369 -1.8203 -0.60445 3.5786 -1.0505 -1.4563 0.9288 -2.0768 -5.7403 -4.3226 -0.71046 -4.3462 -4.899 -2.6517
1 1 2 3 79.378 -1.8752 -0.23491 4.6066 -1.3593 -1.359 1.8774 -2.0224 -5.8463 -3.446 -0.47366 -3.1062 -5.0507 -2.815
1 1 2 3 79.338 -1.8834 2.1741 6.2256 -1.6503 -0.68986 2.3808 -3.806 -5.955 -3.8694 -0.92889 -0.20993 -4.394 -4.2384
1 1 2 3 79.321 -1.8107 2.3663 6.0577 -1.6229 -0.42362 2.8364 -3.9067 -6.434 -3.8455 -1.1137 -0.365 -3.9948 -4.0045
1 1 2 3 79.054 -1.5987 2.481 5.4428 -1.483 -0.086229 3.6759 -4.0151 -7.5887 -3.3794 -1.4921 -1.168 -3.7982 -3.8161
1 1 2 3 78.586 -1.4422 1.5759 4.8373 -1.3966 -1.699 4.5143 -2.7611 -8.2271 -1.4447 -2.7729 -2.2664 -3.8804 -3.2192
1 1 2 3 78.732 -1.8555 1.0641 5.21 -1.2715 -1.4489 2.5035 -3.2282 -5.7818 -3.0331 -4.2516 -3.4561 -4.4946 -1.535
1 1 2 3 78.664 -2.2452 0.747 5.0153 -1.0041 -0.98303 1.8784 -4.6438 -4.5 -4.1537 -5.0288 -4.7819 -5.2835 -1.3681
1 1 2 3 78.438 -2.5978 0.43368 4.2866 -0.72934 -0.83178 1.6514 -5.4724 -4.0178 -4.5789 -5.3324 -5.6404 -6.4084 -2.3094
1 1 2 3 77.987 -1.565 1.1449 4.2208 0.79526 -0.20639 1.8733 -3.0516 -5.4687 -0.59314 -3.4808 -4.1436 -6.9472 -4.5704
1 1 2 3 78.156 -0.85078 2.0982 5.3927 1.1404 0.603 2.1222 -0.97038 -5.266 -1.301 -3.068 -3.3635 -5.9064 -4.0175
1 1 2 3 78.211 -0.64667 2.1339 5.5658 1.1504 0.6113 1.9445 -0.17345 -4.5298 -1.8169 -3.695 -2.9706 -5.265 -3.8632
1 1 2 3 78.223 -0.47655 1.9467 5.4643 1.0094 0.51348 1.759 0.26107 -3.7831 -2.0223 -4.555 -2.9239 -4.8143 -3.606
1 1 2 3 78.969 -0.98991 0.75706 5.7952 3.6143 2.2709 -1.7787 -3.9715 -3.8008 -3.7197 -4.9193 -6.1498 -2.2177 -5.3053
1 1 2 3 79.368 -1.4334 -0.019979 6.1915 3.5733 2.8789 -1.8811 -4.8812 -4.889 -3.515 -3.7168 -5.5538 -1.8957 -5.1787
1 1 2 3 79.498 -1.6337 -0.38941 5.917 3.2041 2.9178 -1.3663 -5.0426 -5.208 -3.1838 -3.1319 -4.6347 -1.9743 -5.2421
1 1 2 3 79.498 -1.6337 -0.38941 5.917 3.2041 2.9178 -1.3663 -5.0426 -5.208 -3.1838 -3.1319 -4.6347 -1.9743 -5.2421
1 1 2 3 79.549 -1.8154 -0.59011 5.2677 2.6387 2.676 -0.53545 -4.9416 -5.2004 -2.7946 -2.7022 -3.7468 -2.2264 -5.4055
1 1 2 3 79.399 -1.7534 -0.06494 2.8776 0.70595 1.128 1.6362 -4.4593 -5.2028 -3.0443 -3.3858 -2.7177 -4.7953 -5.2757
1 1 2 3 79.399 -1.7534 -0.06494 2.8776 0.70595 1.128 1.6362 -4.4593 -5.2028 -3.0443 -3.3858 -2.7177 -4.7953 -5.2757
1 1 2 3 79.332 -1.6189 0.19764 2.3421 0.17226 0.73368 1.6363 -4.9784 -5.1548 -3.5224 -4.0811 -3.1253 -5.7836 -4.5208
1 1 2 3 79.332 -1.6189 0.19764 2.3421 0.17226 0.73368 1.6363 -4.9784 -5.1548 -3.5224 -4.0811 -3.1253 -5.7836 -4.5208
1 1 2 3 79.058 -1.7173 0.10568 2.0992 -0.82853 0.81246 1.7739 -7.0908 -4.8598 -3.0025 -5.5846 -4.5151 -6.9149 -2.2934
1 1 2 3 78.929 -1.7957 -0.070308 2.3662 -0.80928 1.5096 2.13 -7.3733 -4.8957 -2.3569 -5.7616 -4.6028 -6.4679 -1.9629
1 1 2 3 78.642 -1.827 -0.1233 4.0038 0.01288 1.3199 3.011 -6.7731 -3.5986 -0.6911 -5.8716 -4.0701 -4.9835 -2.5356
1 1 2 3 78.674 -1.3409 0.20624 4.0151 0.88525 0.33168 3.9551 -6.0994 -2.9535 -1.0112 -4.9277 -4.2116 -5.0988 -3.0685
1 1 2 3 78.636 -1.0233 0.35576 3.5953 1.3592 -0.048861 4.4203 -6.0041 -3.0549 -1.3638 -4.4876 -3.7241 -4.6289 -3.1843
1 1 2 3 78.699 -1.0943 0.6634 2.4195 -0.36954 -2.2481 3.4862 -3.3036 -4.4338 -1.2333 -0.3937 -1.0617 -3.766 -3.8208
1 1 2 3 78.84 -1.0391 0.74728 2.1187 -2.0384 -2.7032 2.8896 -3.5277 -4.2216 -0.69056 0.36665 -3.0797 -5.6862 -5.6871
1 1 2 3 78.837 -0.98234 0.63769 2.0465 -2.0891 -2.4575 3.0122 -3.7009 -3.9866 -0.68894 -0.27298 -4.1709 -5.9343 -5.7252
1 1 2 3 78.401 -0.67557 0.42509 1.9267 -1.4431 -0.68602 4.865 -5.6188 -3.5525 -1.8581 -1.9955 -5.9017 -5.0863 -4.6939
1 1 2 3 78.275 -0.91918 1.1042 2.6734 -2.1382 1.2215 5.8784 -6.6228 -3.9414 -2.436 -1.814 -3.8095 -4.2922 -4.4142
1 1 2 3 78.352 -1.2086 1.7549 2.9481 -3.2491 2.2662 5.9789 -4.9987 -3.709 -2.2266 -2.8804 -2.1414 -4.5081 -4.3057
1 1 2 3 78.31 -0.9525 1.9733 3.0436 -1.7222 2.4038 5.2067 -2.5252 -2.6518 -0.32601 -1.0368 0.86403 -4.7505 -4.0713
1 1 2 3 78.365 -0.63296 2.4494 4.4393 3.3021 2.1561 3.1131 -5.2543 -5.2321 -0.6929 -3.5345 -4.612 -1.9258 -1.5841
1 1 2 3 78.365 -0.63296 2.4494 4.4393 3.3021 2.1561 3.1131 -5.2543 -5.2321 -0.6929 -3.5345 -4.612 -1.9258 -1.5841
1 1 2 3 78.513 -0.22783 2.2607 3.6577 1.3802 1.4323 4.0558 -4.8997 -6.2509 -1.5346 -3.4065 -4.1506 -4.2933 -2.3789
1 1 2 3 78.513 -0.22783 2.2607 3.6577 1.3802 1.4323 4.0558 -4.8997 -6.2509 -1.5346 -3.4065 -4.1506 -4.2933 -2.3789
1 1 2 3 78.547 -0.87587 1.426 3.6352 0.17443 1.781 4.1334 -4.4245 -6.2806 -1.1917 -1.2501 -5.2481 -6.2147 -2.5057
1 1 2 3 78.549 -1.2063 0.31617 3.247 -0.67751 2.1199 3.9077 -4.2847 -5.3811 -0.75285 -0.12029 -5.2216 -6.328 -2.4987
1 1 2 3 78.473 -1.3841 -0.16943 2.7605 -1.4394 1.791 2.7657 -4.9548 -4.3331 -0.95552 -0.63054 -4.2684 -6.0044 -2.3879
1 1 2 3 78.473 -1.3841 -0.16943 2.7605 -1.4394 1.791 2.7657 -4.9548 -4.3331 -0.95552 -0.63054 -4.2684 -6.0044 -2.3879
1 1 2 3 78.273 -1.0466 1.7621 1.15 -0.11933 3.0007 1.2839 -5.1463 -3.2783 -2.1044 -4.1223 -1.6575 -3.7435 -1.9002
1 1 2 3 78.393 -0.73793 2.4762 0.7157 1.1884 3.9316 1.3359 -5.6893 -4.658 -1.8727 -3.0334 -1.7892 -3.693 -1.8065
1 1 2 3 78.479 -0.61235 2.676 0.63881 1.5972 4.1006 1.3105 -6.1284 -5.0585 -1.5537 -2.1667 -1.8129 -3.7185 -2.0163
1 1 2 3 78.595 -0.60113 2.6913 0.82493 1.7234 3.9687 1.5621 -6.5236 -5.0262 -1.2594 -1.448 -1.5001 -3.9555 -2.4617
1 1 2 3 78.703 -0.63546 2.5355 1.0738 1.5391 3.7231 2.1206 -6.6177 -4.8936 -1.3538 -0.80568 -1.1516 -4.0364 -2.7684
1 1 2 3 78.851 -1.3828 1.1649 2.8518 -0.16627 3.3378 4.9723 -5.7404 -4.2754 -2.1628 0.82777 -0.95429 -4.3619 -2.0564
1 1 2 3 78.779 -1.37 1.1666 2.9071 0.26485 2.8795 3.6134 -5.2701 -5.1253 -2.2616 0.2361 -2.8314 -5.8566 -1.6395
1 1 2 3 78.808 -1.391 0.902 2.9558 0.50027 1.8339 2.0627 -4.682 -6.0648 -2.4129 0.029238 -4.8759 -6.7049 -1.9779
1 1 2 3 78.822 -1.3962 0.71767 2.8177 0.20962 0.99891 1.366 -4.385 -6.172 -2.3561 -0.10428 -5.3088 -6.839 -2.252
1 1 2 3 78.818 -1.4202 0.48287 2.6016 -0.3396 0.37468 1.0903 -4.0564 -6.0968 -2.2968 -0.65741 -5.3435 -6.5919 -2.5579
1 1 2 3 78.818 -1.4202 0.48287 2.6016 -0.3396 0.37468 1.0903 -4.0564 -6.0968 -2.2968 -0.65741 -5.3435 -6.5919 -2.5579
1 1 2 3 78.697 -1.4705 0.29321 2.0346 -1.0824 -0.52404 0.56812 -3.3479 -5.2886 -2.2789 -2.2184 -4.5506 -5.6876 -3.2841
1 1 2 3 78.426 -1.2421 0.52061 3.4096 -1.5566 -1.3436 0.9704 -0.31767 -3.5412 -3.497 -3.8623 -3.8186 -5.4713 -4.938
1 1 2 3 78.794 -0.84655 1.1435 4.2821 -1.8239 -1.1005 1.4879 -0.42262 -1.9198 -3.392 -2.959 -3.7421 -2.6726 -3.1933
1 1 2 3 78.93 -1.058 1.651 4.2219 -1.2876 -0.46023 2.6488 -0.86421 -2.1478 -3.9473 -2.282 -3.7841 -3.0887 -2.715
1 1 2 3 78.674 -1.1646 2.8488 5.0205 0.80923 -0.67466 2.9262 -1.5694 -4.9215 -3.2265 -0.97643 -5.1639 -6.3272 -2.0306
1 1 2 3 78.52 -1.0453 3.4281 5.2588 0.52335 -0.33195 2.0376 -1.4168 -5.1411 -2.4874 -1.5917 -5.8579 -7.8424 -1.8245
1 1 2 3 78.618 -1.1654 3.4457 4.8476 -1.3608 0.54609 0.1346 -0.79001 -2.4556 -1.5982 -4.2452 -5.4023 -7.4739 -3.5192
