1 0 1 3 78.058 -3.1706 6.3963 0.44083 -2.3874 -1.7257 -5.199 0.81769 -5.88 -4.3933 -1.4191 -2.2213 -0.78964 3.008
1 0 1 3 78.179 -3.0679 6.7053 0.59761 -2.459 -1.3645 -5.9131 0.57524 -5.7544 -2.9727 -0.64843 -2.1892 -1.335 3.0925
1 0 1 3 78.301 -3.0568 7.2676 0.55669 -2.2866 0.84582 -5.5294 -0.42269 -5.4928 0.74555 0.11072 -1.6131 -2.0546 2.4584
1 0 1 3 78.224 -3.1083 7.171 0.45646 -2.1877 1.5423 -4.8997 -0.7952 -5.3457 1.3643 -0.087966 -1.7083 -2.0232 2.1714
1 0 1 3 78.02 -3.1857 6.6552 0.23376 -1.886 1.98 -3.7242 -1.1214 -5.2588 1.2647 -0.80431 -2.7743 -1.5484 1.9176
1 0 1 3 77.914 -2.8508 5.449 0.15946 0.55144 -0.14728 -4.834 3.0146 -2.6905 -0.26913 0.45979 -4.9763 -1.1401 -0.59518
1 0 1 3 77.886 -3.0979 5.3918 0.32609 0.95147 -0.13291 -5.351 2.9062 -2.3766 -0.42982 0.68199 -4.296 -1.6952 -0.61086
1 0 1 3 77.799 -3.3112 5.3976 0.48967 1.2382 -0.094734 -5.9998 2.3714 -2.0321 -0.99122 0.662 -3.7382 -2.4705 -0.44703
1 0 1 3 77.098 -3.8919 6.1 1.3468 0.55476 -1.7608 -6.9692 -1.2186 -4.9435 -3.4625 -1.0022 -2.2662 -0.6073 2.242
1 0 1 3 77.393 -3.8513 6.0254 2.2408 1.2728 -1.2726 -5.2111 -1.1803 -5.9951 -2.8826 -1.292 -2.016 -0.74536 1.1659
1 0 1 3 77.518 -3.7696 5.8193 2.6544 1.5732 -0.99427 -4.6562 -1.3208 -5.7045 -2.9155 -1.473 -1.9873 -0.93343 1.0446
1 0 1 3 77.583 -3.4956 4.3577 3.9623 0.74561 -1.5022 -4.1121 0.50069 -2.9191 -1.1544 1.3707 -0.5062 -0.47942 1.8491
1 0 1 3 77.5 -2.9383 4.7691 3.7405 -1.4777 -3.8856 -5.5109 1.5029 -4.6004 -0.74537 -1.9962 -0.79322 0.31958 2.5861
1 0 1 3 77.5 -2.9383 4.7691 3.7405 -1.4777 -3.8856 -5.5109 1.5029 -4.6004 -0.74537 -1.9962 -0.79322 0.31958 2.5861
1 0 1 3 77.449 -3.0623 4.7227 3.4396 -1.82 -3.7709 -5.3843 1.1628 -4.8823 -1.0394 -3.0398 -1.284 -0.11995 3.1927
1 0 1 3 77.353 -3.2542 4.5176 2.5559 -2.2896 -3.3557 -4.5349 -0.06883 -5.2382 -1.9573 -5.0706 -2.5362 -1.2271 4.425
1 0 1 3 77.293 -3.2085 4.6691 1.7447 -2.402 -3.3902 -4.1403 -1.1597 -4.2074 -2.7893 -5.478 -3.319 -1.9183 4.2599
1 0 1 3 77.305 -3.2039 4.7294 1.2556 -2.3292 -3.4702 -4.4892 -1.5349 -3.8033 -2.9452 -4.9069 -3.3692 -2.1501 3.8316
1 0 1 3 76.969 -3.5064 4.6701 -0.40789 -1.3774 -0.68736 -4.1309 1.242 -3.03 -2.8676 -0.67763 -3.9465 -3.394 1.1518
1 0 1 3 77.177 -2.2078 4.6388 1.4565 -0.52301 0.38541 -5.2811 -0.076408 -3.4559 -2.2747 -0.77847 0.22229 -0.45272 0.04287
1 0 1 3 77.288 -2.4227 4.2597 0.89073 -2.3683 -1.4616 -5.6653 -3.7877 -6.9777 -3.4889 0.60109 -0.40324 -1.3655 1.7806
1 0 1 3 77.003 -3.6337 4.1372 3.0817 0.090787 -0.27501 -3.8777 0.7222 -4.6491 1.1231 -1.9024 -3.5905 -1.7025 0.63084
1 0 1 3 77.037 -3.7245 3.9574 2.9538 0.10171 -0.33522 -3.8675 0.78674 -4.4864 1.0593 -2.4565 -2.9734 -0.94105 -0.009353
1 0 1 3 77.098 -3.6921 3.803 2.6844 -0.11584 -0.41255 -4.2 0.67554 -4.5026 0.7666 -3.1721 -2.4438 -0.10962 -0.25924
1 0 1 3 77.214 -3.45 3.4714 2.109 -0.36784 -0.52634 -5.3239 0.2174 -4.902 0.44774 -4.3462 -2.5135 0.77874 0.49207
1 0 1 3 77.455 -3.3967 3.3946 2.1111 0.69277 0.58318 -5.0269 -1.4424 -6.8243 0.65 -4.8999 -4.3058 0.75462 3.5921
1 0 1 3 77.498 -3.5277 3.5977 2.0728 0.90256 0.54675 -4.8445 -1.8431 -7.24 1.4003 -4.9506 -4.1305 0.85872 3.9268
1 0 1 3 77.505 -3.6253 3.7655 1.8811 0.88376 0.15038 -4.93 -2.1579 -7.3003 2.4137 -4.8765 -3.5818 0.91475 3.9398
1 0 1 3 77.308 -3.8023 4.3102 0.31994 -0.14442 -2.1153 -4.8257 -1.425 -8.2102 3.5657 -4.3681 -1.6794 1.0525 2.2356
1 0 1 3 77.468 -3.4182 4.6941 0.018273 0.38533 -2.9004 -6.2361 0.002816 -8.1499 2.5569 -3.0644 -2.7064 -0.23881 0.096517
1 0 1 3 77.323 -3.6 4.7634 0.51391 1.2569 -3.334 -7.3705 1.6996 -6.9578 3.9224 -1.9721 -3.1462 -2.4978 -1.4621
1 0 1 3 77.18 -3.7534 4.6439 0.54962 1.3483 -3.0739 -7.1198 2.2093 -6.6418 4.4906 -1.9778 -3.139 -3.5495 -1.7574
1 0 1 3 76.953 -4.0426 4.2889 0.31483 0.62017 -1.5324 -6.2556 3.2388 -6.3945 4.2712 -2.4349 -2.6016 -4.7516 -2.3727
1 0 1 3 76.863 -3.8831 4.9405 0.76602 -1.5936 1.5358 -5.6646 3.8948 -4.9204 -0.34782 -4.6278 0.70331 -3.0319 -2.2188
1 0 1 3 77.714 -4.3491 6.5238 2.2926 0.11662 -2.7622 -6.799 2.3307 -4.2606 -0.10281 -4.695 -0.32293 -2.6857 1.1004
1 0 1 3 77.791 -4.6531 6.3234 3.0645 1.6932 -2.2403 -7.5616 1.3157 -5.9904 -0.36749 -2.8412 -1.7657 -3.0708 1.1897
1 0 1 3 77.785 -4.5022 6.3978 3.16 2.2511 -1.6396 -7.5369 0.91781 -6.5259 -0.62384 -2.1489 -1.5411 -2.9753 0.88926
1 0 1 3 77.796 -4.267 6.4319 3.0099 2.3423 -1.1884 -7.5531 0.60574 -6.4254 -0.74005 -1.5461 -1.1532 -2.7151 0.52673
1 0 1 3 77.497 -4.0415 6.3372 0.85822 -0.83111 -2.4717 -4.2552 4.426 -4.8755 -0.94968 -4.3223 0.3354 0.90968 1.0812
1 0 1 3 77.459 -4.0914 6.4399 1.0171 -0.80784 -2.1485 -3.9728 4.5812 -4.6962 -1.354 -4.5397 0.57039 1.0265 1.0176
1 0 1 3 77.537 -3.6004 6.2706 0.6055 -0.74488 0.14716 -1.9458 2.7466 -5.689 -4.5396 -5.1412 1.3769 0.8761 -1.6029
1 0 1 3 77.537 -3.6004 6.2706 0.6055 -0.74488 0.14716 -1.9458 2.7466 -5.689 -4.5396 -5.1412 1.3769 0.8761 -1.6029
1 0 1 3 77.783 -3.7966 5.8044 0.15958 -1.4573 0.68009 -3.5953 -0.51798 -3.8529 -2.6816 -4.2175 0.65706 -1.952 -2.251
1 0 1 3 77.993 -3.9846 5.857 -0.092866 -0.30607 0.86391 -5.8749 -0.60739 -4.2151 -2.6782 -4.526 -1.129 -2.952 -1.704
1 0 1 3 77.993 -3.9846 5.857 -0.092866 -0.30607 0.86391 -5.8749 -0.60739 -4.2151 -2.6782 -4.526 -1.129 -2.952 -1.704
1 0 1 3 78.173 -3.7343 5.6235 0.036784 0.3095 -0.31173 -5.6673 -0.71712 -5.77 -3.1683 -4.1198 -1.3449 -1.68 -0.16116
1 0 1 3 78.106 -3.5212 5.5355 0.64467 0.53552 -1.4878 -4.9464 -0.6689 -5.4553 -3.078 -3.5213 -0.40364 -1.3641 0.58238
1 0 1 3 77.61 -4.0187 5.4295 0.16985 0.072151 -4.7979 -5.6164 0.21898 -2.1783 -0.85198 -1.7198 2.1591 -0.43254 -0.78364
1 0 1 3 77.618 -3.9538 5.2395 -0.36033 -0.39635 -5.4328 -6.7726 -0.49902 -1.8903 -1.5636 -1.7268 1.9214 -0.70929 -0.65895
1 0 1 3 77.958 -4.2803 5.5538 -0.11408 -2.1681 -5.2718 -6.9513 -2.0046 -3.8547 -1.3063 -4.871 0.26862 -3.0512 1.0004
1 0 1 3 77.962 -4.2278 5.5224 -0.42234 -2.4433 -5.1669 -6.0443 -1.8226 -4.2844 -1.0706 -5.2129 0.30507 -2.9864 1.2835
1 0 1 3 77.962 -4.2278 5.5224 -0.42234 -2.4433 -5.1669 -6.0443 -1.8226 -4.2844 -1.0706 -5.2129 0.30507 -2.9864 1.2835
1 0 1 3 77.989 -4.0357 5.4659 -0.87923 -2.5652 -5.0242 -5.2699 -1.6141 -4.3941 -1.2002 -5.67 0.40951 -2.6237 1.5629
1 0 1 3 77.819 -3.5673 5.6326 -1.1873 -2.3614 -5.1471 -4.9927 -0.54688 -4.5321 -2.6391 -5.3168 0.97844 -1.3676 2.4897
1 0 1 3 78.251 -3.9441 4.982 0.1957 1.1659 -2.0552 -2.9357 2.3372 -3.4451 -1.6717 -4.1053 2.1335 0.32646 2.9954
1 0 1 3 78.553 -4.2557 5.3108 0.36201 2.065 -0.58819 -3.1547 1.6582 -2.464 -0.84739 -3.6383 2.1953 0.55639 1.7604
1 0 1 3 78.658 -4.2969 5.6473 0.48789 2.2706 -0.099095 -3.5045 0.96018 -2.2845 -1.1468 -3.7468 2.0752 0.29424 1.1481
1 0 1 3 78.689 -4.343 6.0256 0.46911 2.2719 0.13544 -3.8744 0.12918 -2.2136 -1.5267 -3.8793 2.126 -0.14891 0.58707
1 0 1 3 78.689 -4.343 6.0256 0.46911 2.2719 0.13544 -3.8744 0.12918 -2.2136 -1.5267 -3.8793 2.126 -0.14891 0.58707
1 0 1 3 78.585 -4.3076 6.3705 0.23179 1.7729 -0.33503 -3.9331 -1.57 -2.91 -3.1481 -4.5446 1.4833 -2.4941 0.41592
1 0 1 3 78.296 -4.456 6.3438 0.27052 0.77294 -1.1134 -3.2958 -1.9771 -4.1955 -3.1368 -4.2197 0.30192 -3.831 0.60019
1 0 1 3 78.14 -4.3128 5.6175 0.24741 1.0258 -1.2462 -2.9897 -0.63624 -3.4454 0.58685 -2.5338 -4.4187 -3.5443 -2.0733
1 0 1 3 78.799 -3.4969 5.1887 0.60181 3.4132 -3.296 -4.4445 0.6485 -2.47 0.62936 -1.4227 -2.9194 -1.4492 -1.7104
1 0 1 3 78.891 -3.8174 4.8167 1.9208 3.2726 -5.6764 -4.9008 0.48007 -2.8468 -1.7695 -2.4495 -1.5203 -0.031757 -0.068002
1 0 1 3 78.779 -4.0992 4.7285 2.2601 3.0386 -5.8677 -4.832 -0.069899 -2.4422 -2.3829 -2.671 -1.227 0.024628 0.78431
1 0 1 3 78.156 -4.5157 5.3876 2.3986 2.3318 -4.9431 -4.5807 -1.7184 -0.012897 -2.0708 -1.1945 0.85789 -0.53875 1.8328
1 0 1 3 77.842 -4.2652 6.0493 -0.39675 1.1333 -3.2973 -2.6402 0.37429 1.089 -1.5847 -0.44978 4.0755 -1.6851 -1.2741
1 0 1 3 78.005 -4.1403 5.7362 -0.76709 1.0098 -3.4617 -2.5347 0.4687 0.57996 -1.976 -1.0151 3.6935 -1.783 -1.4714
1 0 1 3 78.139 -4.0798 5.3668 -1.0499 0.8652 -3.8211 -2.5647 0.26422 -0.077525 -2.2267 -1.1968 3.0028 -1.9142 -1.0799
1 0 1 3 78.211 -4.067 5.019 -1.3416 0.64595 -4.0445 -2.9369 -0.068067 -0.62155 -2.2453 -1.3002 2.0941 -2.1216 -0.42603
1 0 1 3 78.1 -4.3296 4.3868 -2.0328 -0.36497 -5.546 -4.5375 -1.1029 -1.5257 -2.5826 -0.59185 -1.154 -4.673 -0.24904
1 0 1 3 78.224 -4.371 4.2787 -1.8625 -0.13931 -5.6464 -4.0599 -0.48393 -1.8512 -2.9286 -0.55191 -1.2124 -4.8101 -0.42095
1 0 1 3 78.553 -4.0804 4.0851 -0.33373 0.86363 -4.3422 -1.459 1.4599 -2.5913 -3.0124 -2.169 -0.31851 -3.267 -0.46466
1 0 1 3 78.549 -4.0218 4.1134 0.30217 1.1581 -3.5819 -0.54554 1.8134 -2.6538 -2.919 -3.0545 -0.26536 -2.934 -0.42989
1 0 1 3 78.312 -4.0983 6.076 1.0257 0.55192 -2.455 0.27644 -0.24292 -3.2357 -2.7142 -5.2025 -1.1351 -1.6912 -2.0035
1 0 1 3 78.294 -4.0251 6.276 0.98785 0.13008 -3.0051 -0.4651 -0.58516 -3.881 -3.7538 -5.7036 -0.90011 -1.3309 -1.9871
1 0 1 3 78.341 -3.2449 5.3338 -0.30456 -0.75558 -5.0808 -1.7392 0.81245 -5.4648 -6.8317 -6.2811 -0.38589 -0.56145 0.69677
1 0 1 3 78.341 -3.2449 5.3338 -0.30456 -0.75558 -5.0808 -1.7392 0.81245 -5.4648 -6.8317 -6.2811 -0.38589 -0.56145 0.69677
1 0 1 3 78.366 -3.1068 4.9935 -1.0824 -0.61057 -4.6809 -1.4679 0.6188 -5.9961 -6.7527 -6.2178 -0.70112 -0.59359 0.71722
1 0 1 3 78.532 -2.8855 4.6806 -2.6667 -0.098494 -2.0997 -0.26965 0.16886 -6.0319 -4.9084 -5.5735 -0.62198 -0.21005 0.36896
1 0 1 3 78.465 -3.3267 4.604 -1.5655 0.66335 -0.67362 0.78931 -0.025179 -4.8007 -3.5902 -4.4062 1.3998 -1.466 -0.50982
1 0 1 3 78.131 -4.2475 4.4154 -0.55876 0.41802 -1.1089 -0.59403 0.40563 -2.5631 -3.4649 -2.9449 2.9051 -2.2782 0.62463
1 0 1 3 78.131 -4.2475 4.4154 -0.55876 0.41802 -1.1089 -0.59403 0.40563 -2.5631 -3.4649 -2.9449 2.9051 -2.2782 0.62463
1 0 1 3 78.105 -4.6178 4.2189 -0.18287 0.99999 -1.6813 -3.0323 -0.1938 -1.6745 -3.2631 -2.0444 1.9578 -2.7414 -0.051227
1 0 1 3 78.246 -4.2527 3.9083 1.2492 1.5545 -2.544 -3.0283 -1.3687 -1.9334 -3.0543 -0.77656 1.0303 -1.7239 -2.4004
1 0 1 3 78.246 -4.2527 3.9083 1.2492 1.5545 -2.544 -3.0283 -1.3687 -1.9334 -3.0543 -0.77656 1.0303 -1.7239 -2.4004
