1 0 1 2 76.971 -1.8761 3.7354 0.035515 -3.3987 -2.4753 -2.6496 -0.66263 -1.2467 -2.0194 -3.3976 -0.22219 -2.0709 -2.7243
1 0 1 2 76.884 -1.9292 3.8561 -0.1442 -3.8145 -2.4327 -1.612 -0.20917 -0.30086 -1.6846 -3.0255 0.15663 -1.5322 -2.2407
1 0 1 2 76.606 -1.8312 3.5267 1.4506 -2.3927 0.39518 1.1181 -3.0888 -4.125 -7.2119 -4.7151 -0.49813 -4.9671 -1.9908
1 0 1 2 76.839 -1.9929 3.3233 2.0301 -2.9978 1.1219 -0.39065 -4.2073 -5.3516 -8.4164 -4.3996 0.018999 -4.481 -1.9383
1 0 1 2 77.4 -2.718 3.0834 1.2053 -6.3147 1.3397 -0.74652 -3.8056 -3.2516 -7.8858 1.2708 1.3412 -4.7525 -2.6481
1 0 1 2 77.347 -2.6156 3.2397 1.024 -6.1214 1.6724 -0.63509 -3.3542 -2.8205 -7.4219 1.245 0.96998 -5.0828 -2.4525
1 0 1 2 76.774 -2.0356 4.5627 -0.19801 -2.7607 1.6875 -1.976 -1.3655 -2.8371 -4.4251 -2.0112 -1.2337 -5.958 -1.8995
1 0 1 2 76.617 -2.1856 4.6268 -0.26442 -2.4982 0.28573 -3.5314 -0.59611 -2.4199 -4.4522 -3.6595 -0.77257 -5.3004 -1.7813
1 0 1 2 76.557 -3.3315 2.9864 1.0265 -2.3043 -0.30944 -2.897 -1.9779 0.37609 -0.05903 -0.50739 2.3297 -0.50212 -2.8725
1 0 1 2 76.813 -2.8765 3.2134 0.93604 -1.504 0.10948 -4.3176 -4.2628 -0.12227 0.85727 1.4827 1.1402 -1.7554 -1.7406
1 0 1 2 76.852 -2.5021 3.2848 0.243 -1.3049 0.4142 -5.61 -5.0286 -1.9477 -0.97056 1.8632 0.48604 -2.2527 -0.87349
1 0 1 2 76.914 -1.7381 4.443 -0.15442 -0.82678 1.4891 -6.2356 -2.2355 -2.9105 -2.8634 -1.543 -2.6334 -2.5382 -0.44013
1 0 1 2 76.755 -2.0127 4.6114 -0.74186 -1.9065 3.2639 -4.9809 -1.9875 -4.0593 -2.4175 -2.5637 -2.2908 -2.7227 -1.0095
1 0 1 2 76.815 -2.3766 3.1873 -0.36064 -3.1375 0.23829 -4.8558 -5.0162 -5.1231 -2.9566 -1.6922 -2.4123 -3.3897 -2.143
1 0 1 2 76.665 -3.0526 3.7544 -1.245 -2.4825 0.25617 -6.0266 0.86984 -2.9688 -5.455 -0.69172 0.76715 -4.8092 -2.7468
1 0 1 2 76.665 -3.0526 3.7544 -1.245 -2.4825 0.25617 -6.0266 0.86984 -2.9688 -5.455 -0.69172 0.76715 -4.8092 -2.7468
1 0 1 2 76.761 -3.1883 4.3546 -0.52178 -3.663 0.3355 -3.7014 0.28409 -2.0972 -3.8768 -0.078498 0.86648 -5.6389 -3.2371
1 0 1 2 76.794 -3.3639 4.506 -0.4669 -4.2222 -0.74611 -3.2739 -0.32778 -2.1202 -2.1887 -0.19314 1.2735 -6.6745 -2.4367
1 0 1 2 76.854 -3.4214 4.4905 -0.56399 -4.2975 -1.2911 -3.5341 -0.39748 -2.57 -2.0677 -0.80514 1.3556 -7.0402 -1.854
1 0 1 2 76.854 -3.4214 4.4905 -0.56399 -4.2975 -1.2911 -3.5341 -0.39748 -2.57 -2.0677 -0.80514 1.3556 -7.0402 -1.854
1 0 1 2 77.784 -4.2631 4.4931 -2.6117 -2.0532 -2.4011 -7.273 0.80539 -6.9283 -6.2153 1.1934 3.3239 -1.278 -2.1651
1 0 1 2 77.832 -4.3328 4.9265 -2.6084 -0.49598 -1.4964 -6.613 -0.13261 -7.9386 -4.9803 2.497 3.3524 -1.4838 -2.8022
1 0 1 2 77.832 -4.3328 4.9265 -2.6084 -0.49598 -1.4964 -6.613 -0.13261 -7.9386 -4.9803 2.497 3.3524 -1.4838 -2.8022
1 0 1 2 77.25 -4.1226 5.644 0.94489 0.033523 -1.5139 -3.2445 0.31774 -7.9706 -4.7918 1.6173 3.5712 -3.9093 -3.0973
1 0 1 2 77.25 -4.1226 5.644 0.94489 0.033523 -1.5139 -3.2445 0.31774 -7.9706 -4.7918 1.6173 3.5712 -3.9093 -3.0973
1 0 1 2 77.304 -2.9826 4.7509 -0.52492 -1.4703 -0.82989 -3.5984 -0.5486 -4.9678 -4.1684 -2.0629 -1.342 -5.2337 0.20041
1 0 1 2 77.38 -2.8388 4.7328 -0.47077 -1.2781 -0.066978 -3.6622 0.32547 -4.6255 -4.4936 -2.3689 -1.725 -4.8725 0.98853
1 0 1 2 77.533 -2.7218 4.4691 -0.2871 -1.4291 0.4313 -3.1865 1.8683 -3.9056 -5.1958 -2.377 -1.7488 -4.4131 1.1636
1 0 1 2 77.788 -3.1611 3.4499 0.41241 -2.3077 0.11009 -3.1339 0.91207 -2.1617 -5.2441 -0.1668 -0.57822 -3.0851 -0.02176
1 0 1 2 77.811 -3.3562 3.1171 0.5526 -2.4584 -0.051766 -3.5254 -0.049122 -2.3841 -4.7071 0.7269 -0.15077 -2.4039 0.29444
1 0 1 2 77.772 -3.619 3.0451 0.77371 -2.6581 -0.69607 -4.1847 -1.8577 -3.4552 -3.5621 1.0548 0.010193 -2.3175 0.57406
1 0 1 2 77.761 -3.9248 3.0253 -0.24469 -0.28944 -0.48346 -6.7239 0.40205 -6.7267 -5.4055 -0.50566 0.24282 -5.3185 -0.85058
1 0 1 2 77.761 -3.9248 3.0253 -0.24469 -0.28944 -0.48346 -6.7239 0.40205 -6.7267 -5.4055 -0.50566 0.24282 -5.3185 -0.85058
1 0 1 2 77.715 -3.9301 2.9731 -0.47815 0.046852 0.021443 -6.3953 0.3856 -7.1264 -6.2969 -1.0219 -0.10856 -6.1601 -0.022426
1 0 1 2 77.519 -3.3895 3.6196 0.20718 0.97616 -0.83643 -0.65453 0.36216 -9.0246 -5.8619 0.64507 0.40414 -2.61 0.2592
1 0 1 2 77.716 -3.2185 3.8048 1.1546 0.54279 -1.059 -0.2247 1.0245 -7.6062 -6.0845 0.84631 1.2111 -2.3643 -0.75629
1 0 1 2 77.833 -3.2256 3.6468 1.1644 0.19803 -0.91309 -0.3752 1.269 -6.762 -5.9803 0.81291 1.0976 -2.4992 -0.71145
1 0 1 2 78.026 -3.4912 2.8851 0.7394 -0.39569 -0.65449 -0.90917 1.6714 -5.4764 -5.7166 1.0538 0.75753 -2.7282 -0.048206
1 0 1 2 78.192 -3.6787 2.2855 1.1689 -0.90694 -1.0228 -1.777 3.7705 -3.4306 -6.0656 1.9792 1.2547 -0.21391 0.85812
1 0 1 2 78.17 -3.6372 2.264 1.094 -1.2213 -0.92003 -1.8413 4.5836 -2.8179 -5.8125 1.8158 1.5374 -0.20124 0.58521
1 0 1 2 78.066 -3.5522 2.5219 0.87543 -1.4863 -0.36458 -2.248 5.5197 -2.4425 -4.6745 0.67514 1.2295 -1.4835 -0.71671
1 0 1 2 77.958 -3.2732 3.9511 2.4357 0.030072 -0.6836 -4.6166 2.7335 -4.0886 -3.4284 0.23226 -1.4205 -3.367 -1.1799
1 0 1 2 78.03 -3.2683 3.901 2.5894 -0.05571 -1.0112 -5.02 1.8752 -4.1923 -3.3844 0.62676 -1.4158 -3.3886 -1.3123
1 0 1 2 78.067 -3.2967 3.8004 2.5371 -0.22221 -1.3283 -5.083 1.2309 -4.3556 -3.4105 0.91636 -1.2863 -3.3096 -1.5646
1 0 1 2 78.058 -3.4363 3.0677 1.7392 0.018046 -4.9146 -5.3392 0.251 -4.9835 -5.872 0.24385 -2.3035 -6.2228 -3.1361
1 0 1 2 78.156 -3.4138 3.0006 1.8826 0.060874 -4.7779 -5.1462 0.36175 -5.1777 -5.5447 1.0707 -2.8985 -6.913 -3.3809
1 0 1 2 78.196 -3.3948 2.9723 1.7663 0.023569 -4.4106 -4.8955 0.5765 -5.4212 -5.2073 1.5265 -2.8349 -6.5683 -3.3408
1 0 1 2 77.998 -3.7875 2.5334 0.93733 -0.47931 -4.005 -4.0307 2.8452 -5.7899 -2.1568 4.319 -0.97433 -4.8666 -3.0091
1 0 1 2 78.003 -3.7875 2.5968 1.0787 -0.79181 -4.1291 -4.1432 2.293 -6.1353 -1.5662 4.9039 0.040692 -4.6447 -3.042
1 0 1 2 78.054 -3.6919 2.7586 1.2552 -1.0992 -4.1747 -4.2173 1.0815 -7.0015 -1.486 5.3413 0.96588 -4.4472 -3.2909
1 0 1 2 78.195 -3.4926 2.8976 1.2205 -1.5086 -4.0963 -4.1193 -2.1446 -8.9986 -2.1567 5.0698 1.3994 -3.979 -3.1189
1 0 1 2 78.181 -3.4945 2.6525 0.91423 -1.7124 -4.4642 -4.0359 -4.6903 -9.8328 -3.2742 3.326 0.43676 -3.5133 -2.2551
1 0 1 2 77.996 -3.5906 2.2972 0.59895 -1.6512 -4.6314 -3.5898 -4.8988 -9.5663 -4.7059 1.6915 0.36901 -2.9541 -1.1505
1 0 1 2 77.996 -3.5906 2.2972 0.59895 -1.6512 -4.6314 -3.5898 -4.8988 -9.5663 -4.7059 1.6915 0.36901 -2.9541 -1.1505
1 0 1 2 77.829 -3.4941 2.9045 1.6214 -0.27366 -1.304 -2.9302 -0.37285 -7.7146 -5.9778 0.82123 2.4903 -4.8162 -1.1865
1 0 1 2 77.845 -3.7443 2.9706 1.6355 0.1091 -1.8509 -3.4161 -0.053099 -7.904 -5.3863 0.018749 0.8908 -5.3281 -1.4949
1 0 1 2 77.935 -3.8374 2.9491 1.173 0.096373 -3.5261 -4.4854 0.23702 -7.9637 -3.9459 -0.077659 -0.92419 -5.7532 -1.8512
1 0 1 2 77.985 -3.8332 2.892 0.89723 0.12354 -4.0713 -4.8575 0.15038 -7.6439 -3.0495 0.32596 -1.461 -5.5135 -1.866
1 0 1 2 78.367 -3.8627 2.0497 0.34687 0.22423 -3.8794 -4.1284 -0.17438 -5.1917 -1.5768 2.839 0.12419 -4.4215 -1.032
1 0 1 2 78.407 -3.9366 1.5592 0.2553 -0.053293 -2.9386 -3.6364 -0.41594 -5.3615 -2.0936 4.5868 1.4893 -3.5298 -0.44135
1 0 1 2 78.374 -4.0911 1.5089 0.12824 -0.43636 -2.2338 -3.2642 -0.20647 -5.7625 -2.6598 5.0308 2.2699 -3.0694 -0.083094
1 0 1 2 78.351 -4.2273 1.5324 0.055815 -0.85891 -1.533 -2.9351 0.16555 -6.2753 -3.1004 5.2351 2.7867 -2.4073 0.32377
1 0 1 2 78.758 -4.9025 2.1259 1.3304 -2.9089 -2.9373 -1.19 0.42652 -9.3256 -3.7424 3.3606 1.7554 -1.1423 1.7576
1 0 1 2 78.821 -4.9716 2.2705 1.6202 -3.0923 -3.4355 -0.88089 0.79417 -9.2299 -3.7086 2.9836 1.9825 -1.1977 1.5745
1 0 1 2 78.871 -4.938 2.5793 1.8494 -3.282 -3.8034 -0.7977 1.1762 -8.8768 -3.6744 2.583 1.8592 -1.5883 0.97387
1 0 1 2 78.882 -4.7136 3.5552 1.9658 -3.1297 -3.5164 -1.6001 0.24432 -6.6965 -3.8562 1.1663 -0.18577 -2.6793 0.38694
1 0 1 2 78.429 -5.6405 3.1206 2.163 -3.4724 -4.2964 -3.4831 -1.7761 -7.4411 -2.4665 0.98047 -0.23311 -3.9346 0.60519
1 0 1 2 78.851 -5.0676 1.8701 3.5285 -2.0099 -2.8383 -4.3065 -1.8528 -8.7615 -2.739 1.2151 -0.64907 -4.8165 -0.1017
1 0 1 2 78.902 -4.9601 1.7838 4.0512 -1.4393 -2.1543 -4.2379 -0.16185 -9.3557 -3.6324 0.053106 0.56897 -3.6721 1.9928
1 0 1 2 78.93 -4.987 2.2592 4.3986 -0.38942 -1.6954 -4.4732 0.81022 -9.1099 -3.9493 -0.70177 2.261 -2.2143 3.0461
1 0 1 2 78.93 -4.987 2.2592 4.3986 -0.38942 -1.6954 -4.4732 0.81022 -9.1099 -3.9493 -0.70177 2.261 -2.2143 3.0461
1 0 1 2 78.92 -4.9625 2.5818 4.6063 0.33845 -1.7631 -4.6433 1.0489 -8.6348 -3.871 -0.81433 2.8465 -1.9513 2.8681
1 0 1 2 78.865 -4.9229 2.9489 4.7871 1.0217 -1.952 -4.6647 0.97995 -8.1236 -3.6737 -0.74252 3.3069 -2.0755 2.2927
1 0 1 2 78.565 -5.2108 3.0841 4.6811 -1.14 -3.229 -2.9739 -2.5704 -4.8136 -1.9503 -1.0638 -0.80315 -4.5067 -1.2002
1 0 1 2 78.565 -5.2108 3.0841 4.6811 -1.14 -3.229 -2.9739 -2.5704 -4.8136 -1.9503 -1.0638 -0.80315 -4.5067 -1.2002
1 0 1 2 78.626 -5.2262 2.1045 3.9206 -2.0781 -2.9623 -2.9635 -3.6349 -6.1915 -3.0186 -1.2392 -1.9432 -4.698 -1.9173
1 0 1 2 78.778 -5.029 1.7589 3.3356 -1.7255 -2.6358 -3.2647 -2.8062 -6.1866 -2.9431 -1.5136 -1.2128 -4.5019 -0.75613
1 0 1 2 78.937 -4.8888 1.7588 3.0209 -1.6296 -2.5789 -3.2196 -0.18484 -4.8289 -1.5211 -1.5539 -0.85968 -4.8541 1.0448
1 0 1 2 79.163 -5.1695 2.074 3.1436 -2.0449 -2.5069 -4.445 4.1591 -4.3082 -2.4575 -2.0817 -1.2361 -4.7016 1.6513
