1 0 2 3 76.179 -1.2811 2.036 3.683 1.4216 0.41487 -1.0356 -4.3895 -2.7901 -6.3764 -3.4426 -2.9938 -4.4859 -2.2102
1 0 2 3 76.204 -1.226 2.3043 3.6275 1.946 1.2936 -1.2192 -3.0986 -2.9448 -6.6155 -1.7918 -1.3981 -4.4774 -1.8671
1 0 2 3 76.256 -1.256 2.4488 3.4845 2.0118 1.4878 -1.2106 -2.6713 -3.063 -6.3603 -1.1584 -0.77872 -4.4311 -1.5281
1 0 2 3 76.343 -1.356 2.5167 3.3861 1.2285 1.6215 -0.47469 -2.734 -2.5537 -5.0655 -0.50992 -0.41965 -4.217 -0.55488
1 0 2 3 76.468 -1.5406 1.8649 3.1444 -0.6381 0.74838 0.74601 -3.5822 -1.5072 -3.7435 1.2674 -0.94111 -3.5276 0.27486
1 0 2 3 77.062 -1.1299 1.7534 1.8835 -1.1336 1.9003 0.43437 -4.7297 -5.8361 -2.8987 2.6542 -2.5087 -4.0179 -1.4155
1 0 2 3 77.196 -0.97001 1.8294 2.0094 -1.0295 2.2462 0.10803 -4.9095 -5.5478 -2.7495 2.603 -2.9349 -3.896 -1.6205
1 0 2 3 77.196 -0.97001 1.8294 2.0094 -1.0295 2.2462 0.10803 -4.9095 -5.5478 -2.7495 2.603 -2.9349 -3.896 -1.6205
1 0 2 3 77.319 -0.7611 2.1251 2.2457 -0.83407 2.5048 -0.29656 -4.8968 -4.9809 -2.5161 2.4845 -3.4548 -3.7058 -1.8318
1 0 2 3 77.468 -0.41385 3.1635 2.8852 -0.15122 2.4445 -1.2464 -4.4386 -3.6409 -2.3097 1.1971 -4.2797 -3.5533 -2.4836
1 0 2 3 77.354 -0.3103 4.4161 3.388 0.72255 0.39035 -1.7318 -3.5898 -2.5778 -3.2807 -0.76074 -3.9003 -3.5261 -2.4372
1 0 2 3 77.081 -0.18493 4.3764 2.2817 0.8185 0.24113 0.43966 -0.81961 -3.6602 -2.8319 -2.8384 -4.2304 -3.169 -2.1161
1 0 2 3 77.147 0.021605 4.9374 2.6852 -0.040716 2.2409 -1.2384 -0.032089 -4.0747 -2.4453 -2.1787 -3.3148 -2.5596 -2.6645
1 0 2 3 77.156 -0.0086389 5.2014 2.7832 -0.40562 2.3215 -2.477 -0.66994 -4.1348 -2.4934 -1.8704 -3.0325 -2.2263 -2.8523
1 0 2 3 77.058 -0.43613 5.2338 2.3949 -1.1471 1.5633 -4.2384 -1.8828 -3.7353 -2.6146 -1.475 -3.3801 -1.9238 -3.2503
1 0 2 3 76.981 -0.71917 4.9799 2.0311 -1.3427 0.9594 -4.3876 -2.2169 -3.6578 -2.8023 -1.0321 -3.6144 -2.0211 -3.4634
1 0 2 3 76.925 -0.91594 4.0071 2.0213 -0.070882 -0.29812 -2.9946 -0.5252 -2.4083 -2.6063 -0.40945 -4.229 -2.1401 -2.3847
1 0 2 3 77.344 -0.89066 0.44937 1.9266 3.9008 0.45678 -5.1233 -1.6206 2.6045 0.049833 -1.9113 -5.1899 -1.4293 -1.2525
1 0 2 3 77.906 -1.4653 -2.079 2.065 6.8587 0.75392 -6.2266 -2.3057 1.117 -0.26528 -2.5891 -4.8057 0.31589 0.4693
1 0 2 3 77.906 -1.4653 -2.079 2.065 6.8587 0.75392 -6.2266 -2.3057 1.117 -0.26528 -2.5891 -4.8057 0.31589 0.4693
1 0 2 3 77.991 -1.3253 -2.0926 2.2757 7.097 0.77726 -4.511 -1.1988 -0.1905 -1.9366 -3.2545 -5.3195 -0.011212 1.15
1 0 2 3 76.711 -0.57508 0.54364 2.7245 1.2694 -1.3379 -0.25001 -0.74432 -2.4067 -4.5537 -2.0272 -2.075 -5.5193 0.09499
1 0 2 3 76.02 -0.5407 1.36 1.8992 0.00084263 -1.9503 1.2481 -0.47671 -2.251 -3.5481 -2.1815 -2.0294 -6.2392 -2.8098
1 0 2 3 76.173 0.15599 2.3383 1.0855 1.228 0.091671 1.424 -2.0183 -3.7506 -5.1544 -3.6603 -2.1556 -4.0275 -3.4377
1 0 2 3 76.268 0.34109 2.4619 0.69035 1.0185 0.35829 0.95107 -2.4238 -3.1213 -4.7152 -3.4241 -1.9121 -3.8221 -3.3962
1 0 2 3 76.268 0.34109 2.4619 0.69035 1.0185 0.35829 0.95107 -2.4238 -3.1213 -4.7152 -3.4241 -1.9121 -3.8221 -3.3962
1 0 2 3 76.357 0.47692 2.3284 0.29652 0.88801 0.35136 0.47939 -2.6323 -2.72 -4.0672 -2.626 -1.665 -3.9104 -3.3359
1 0 2 3 76.368 0.46318 1.8351 -0.63939 0.77755 0.12621 -0.00030631 -2.3418 -1.8142 -2.5208 -0.58038 -0.88863 -4.238 -3.4999
1 0 2 3 76.362 0.28563 1.5582 -0.90743 0.9925 -0.046272 -0.14255 -1.8991 -1.361 -1.6791 0.28398 -0.43355 -4.2995 -3.7491
1 0 2 3 76.076 -0.12655 1.505 2.3862 2.3823 -2.0664 1.3812 -2.3158 -5.0734 -6.9978 1.1654 -0.27082 -3.5503 -0.10647
1 0 2 3 76.064 -0.15158 1.4418 2.8606 2.2554 -2.0704 1.1995 -2.6684 -5.7811 -7.4083 0.52344 -0.37161 -3.4286 0.78116
1 0 2 3 76.054 -0.090519 1.4749 3.1273 2.0004 -2.1416 1.0794 -2.9334 -6.2231 -7.3857 -0.13752 -0.45132 -3.3243 1.5133
1 0 2 3 76.102 -0.094129 1.6887 3.1727 1.6387 -2.3371 0.89899 -3.2003 -6.3634 -6.656 -0.7717 -0.59898 -3.2542 1.859
1 0 2 3 76.169 0.29872 3.1677 2.6046 0.57041 -2.093 0.31483 -3.696 -5.1388 -2.1004 -2.3414 -2.3526 -3.0574 1.3224
1 0 2 3 76.169 0.29872 3.1677 2.6046 0.57041 -2.093 0.31483 -3.696 -5.1388 -2.1004 -2.3414 -2.3526 -3.0574 1.3224
1 0 2 3 76.073 0.87369 5.0989 3.9242 2.0196 -2.2041 -1.4789 -4.5204 -5.8577 -5.8415 -3.4934 -1.9932 -2.4192 -0.85538
1 0 2 3 76.048 0.82576 5.082 3.8978 2.1492 -2.521 -1.2836 -3.6055 -5.6908 -6.0351 -3.5532 -1.7453 -2.5137 -1.3001
1 0 2 3 76.823 1.2156 3.6222 4.0315 1.3867 -2.3745 -2.6197 2.3825 -0.48599 -1.8956 0.67108 -2.1782 -2.5327 -1.5033
1 0 2 3 76.911 1.1665 3.5608 4.1011 1.3403 -2.1783 -3.4349 2.5883 -0.19453 -1.5003 0.83339 -2.5579 -2.4014 -1.0018
1 0 2 3 76.911 1.1665 3.5608 4.1011 1.3403 -2.1783 -3.4349 2.5883 -0.19453 -1.5003 0.83339 -2.5579 -2.4014 -1.0018
1 0 2 3 76.652 0.55395 2.9641 3.2366 1.3556 -1.2001 -4.144 2.0856 -1.5303 -0.59099 -0.59562 -3.269 -1.1007 0.36758
1 0 2 3 76.455 0.19424 2.2267 2.2115 1.0602 -0.71407 -2.528 0.73662 -4.4048 -0.84074 -2.5045 -4.529 -0.1006 0.59365
1 0 2 3 76.326 -0.051702 1.6299 1.665 0.85803 -0.40738 -0.75218 -0.96676 -6.8996 -1.6731 -3.7458 -4.9271 0.11887 -0.11473
1 0 2 3 76.326 -0.051702 1.6299 1.665 0.85803 -0.40738 -0.75218 -0.96676 -6.8996 -1.6731 -3.7458 -4.9271 0.11887 -0.11473
1 0 2 3 76.008 -0.5126 1.7359 1.8375 1.5132 0.53577 0.11008 -1.9121 -7.0391 -1.4341 -1.127 -1.7414 -1.446 -1.2677
1 0 2 3 75.996 -0.56869 1.947 2.0276 1.6894 0.70933 -0.19874 -1.9391 -6.3921 -1.0898 -0.18524 -0.68925 -2.4471 -1.0712
1 0 2 3 76.079 -0.18679 2.632 1.7282 0.83548 0.20082 -1.1415 -0.48438 -3.041 0.12966 1.511 -1.4084 -5.4475 1.1237
1 0 2 3 76.135 -0.08118 2.6956 1.6308 0.43558 -0.2424 -1.284 0.25666 -2.0794 0.26864 1.873 -1.7028 -5.5969 1.9469
1 0 2 3 76.21 -0.11229 2.5684 1.6125 0.31951 -0.80462 -1.1944 1.627 -0.44513 0.32384 2.2333 -1.2802 -4.2626 2.4558
1 0 2 3 76.192 -0.35264 2.5653 1.6035 0.76478 -0.7444 -1.2609 1.5616 -0.10734 -0.4824 1.9571 -0.11938 -2.3504 2.2906
1 0 2 3 76.134 -0.50699 2.5576 1.8919 0.61662 -1.4175 -1.6057 0.40975 -2.0536 -2.4982 0.94321 0.98213 -0.45724 2.6676
1 0 2 3 75.98 -1.1707 2.7977 2.6637 -0.84382 -2.0148 -0.66473 -0.053761 -6.8137 -5.3761 -0.56932 2.4713 -0.25931 1.83
1 0 2 3 75.98 -1.1707 2.7977 2.6637 -0.84382 -2.0148 -0.66473 -0.053761 -6.8137 -5.3761 -0.56932 2.4713 -0.25931 1.83
1 0 2 3 75.998 -1.2551 3.0105 2.8562 -0.7856 -1.2462 -0.304 -0.04096 -7.2323 -5.2736 -0.16873 2.5179 -0.76949 0.85736
1 0 2 3 75.968 -1.5837 3.5503 3.1647 -0.1637 0.20482 0.56893 -0.93716 -7.9688 -4.8956 0.13495 2.6292 -1.7887 -1.5375
1 0 2 3 75.955 -1.6046 3.734 3.1515 0.13134 0.29337 0.75696 -1.4548 -8.5196 -4.7015 -0.13605 2.477 -2.2902 -1.8436
1 0 2 3 75.933 -1.6002 4.1361 2.9118 0.17216 -0.64906 0.73192 -2.2463 -8.7607 -3.861 -0.43738 1.6244 -3.4298 -1.6181
1 0 2 3 75.929 -1.5855 4.3428 2.9044 0.078637 -1.3335 0.53556 -2.1183 -8.2124 -3.1536 -0.30886 0.87942 -4.2164 -1.1489
1 0 2 3 75.852 -1.6254 4.1808 2.95 0.0048779 -2.7913 -1.0141 -1.9697 -5.0123 -0.31167 -0.050081 -2.2757 -6.2687 0.57831
1 0 2 3 75.852 -1.6254 4.1808 2.95 0.0048779 -2.7913 -1.0141 -1.9697 -5.0123 -0.31167 -0.050081 -2.2757 -6.2687 0.57831
1 0 2 3 75.778 -1.579 4.1182 2.8526 -0.035093 -2.9254 -1.2628 -2.4072 -4.4271 0.51816 0.088809 -3.1633 -6.4937 0.84571
1 0 2 3 75.953 -1.2082 3.036 1.7291 1.1349 1.4437 1.4602 -1.6489 -1.2645 -0.94295 0.94027 -4.6503 -7.5287 -1.8856
1 0 2 3 75.985 0.041413 5.0556 6.4855 5.7456 -1.9365 -0.91892 0.24068 -3.3349 -3.0285 0.12316 1.754 0.94109 -1.2779
1 0 2 3 76.152 0.14807 5.0683 6.2362 5.2417 -1.3831 -1.0347 0.033311 -3.156 -3.0469 0.28207 1.1474 0.37888 -1.3255
1 0 2 3 76.449 0.30314 4.7285 4.9767 3.9356 -0.042797 -1.1547 -0.085844 -2.5694 -3.3976 -0.71033 -0.071213 -0.90809 -1.1242
1 0 2 3 76.587 0.42251 4.8965 3.7839 1.983 1.0928 -1.5616 -1.2729 -3.0356 -2.8281 -2.7485 -0.70945 -3.4819 -0.80316
1 0 2 3 76.571 0.43497 4.7749 3.6246 1.6947 0.93082 -1.5178 -1.5961 -3.7832 -2.039 -3.2996 -1.2168 -4.1871 -0.76951
1 0 2 3 76.553 0.43231 4.5438 3.3937 1.6841 0.49054 -1.5285 -2.0247 -4.5462 -1.0781 -3.617 -1.5862 -4.5912 -0.65473
1 0 2 3 76.654 0.2675 3.6548 2.5387 2.2237 -0.21055 -1.1037 -3.0843 -5.1032 0.37373 -3.2933 -1.8969 -4.9373 -0.77768
1 0 2 3 76.669 -0.42682 2.0227 1.0325 2.2919 -0.26654 -0.84515 -4.0717 -4.4927 -0.69581 -1.5991 -1.7121 -5.7985 -0.78823
1 0 2 3 76.725 -0.59226 1.7853 0.69762 2.1351 -0.21708 -1.0247 -4.3461 -4.8086 -2.0881 -1.4994 -1.9618 -5.7105 -0.76248
1 0 2 3 76.762 -0.82071 1.681 0.9165 2.0636 -0.35621 -1.4036 -4.0681 -6.0644 -4.3723 -1.5302 -2.3232 -4.7515 -1.0478
1 0 2 3 76.535 -0.4799 2.0409 2.8524 2.4804 -0.69348 -0.07425 -1.6542 -6.5036 -5.5183 -1.1912 -1.2442 -2.0946 -1.8062
1 0 2 3 76.401 -0.085184 2.0958 3.0412 1.6633 -0.79296 0.52287 -0.096282 -6.1708 -5.3081 -0.39878 -0.3145 -1.7461 -2.4213
1 0 2 3 76.339 0.042079 2.1976 2.9086 1.323 -0.81958 0.57474 0.44067 -5.8991 -5.0661 -0.24415 -0.16044 -1.6386 -2.5863
1 0 2 3 76.362 0.19448 2.5257 2.0202 1.6009 -2.322 -1.1534 -0.57978 -3.7539 -3.1287 -0.2472 -4.9945 -1.1375 -1.3425
1 0 2 3 76.338 0.29893 2.4985 2.7798 2.0241 -0.89028 -1.8191 -0.53129 -4.0537 -4.4207 -2.3425 -5.105 -1.4417 -0.35343
1 0 2 3 76.338 0.29893 2.4985 2.7798 2.0241 -0.89028 -1.8191 -0.53129 -4.0537 -4.4207 -2.3425 -5.105 -1.4417 -0.35343
1 0 2 3 76.218 0.13388 2.3427 2.9061 1.2584 -0.07523 -1.5842 -0.0070014 -3.412 -4.1599 -3.7307 -4.4184 -2.3336 -1.4606
1 0 2 3 76.26 0.25891 2.1109 2.7704 1.0112 -0.081827 -1.6154 -0.22809 -3.059 -4.0359 -3.8127 -4.288 -2.9942 -1.9033
1 0 2 3 76.313 0.41368 1.8501 2.6197 0.79618 -0.40922 -1.7981 -0.53608 -2.7349 -4.0198 -3.4048 -3.7635 -3.6556 -2.2132
1 0 2 3 76.425 0.89351 1.5321 1.92 0.32516 -1.2578 -2.1615 -0.53198 -2.2332 -4.2418 -2.406 -2.6297 -4.3873 -2.8372
1 0 2 3 76.529 1.3886 1.5072 1.5166 -0.069825 -2.3222 -2.1511 -0.40668 -2.8171 -3.9302 -1.3484 -1.361 -4.1643 -3.5436
1 0 2 3 76.585 1.4508 1.8414 1.3048 -0.73749 -2.9333 -1.8434 -0.23956 -4.8499 -3.0709 -0.40059 -1.0496 -3.4039 -3.4885
1 0 2 3 76.591 1.3749 1.9107 1.0814 -1.0304 -2.8058 -1.5194 -0.25457 -5.7497 -2.6824 -0.37794 -1.4201 -3.2118 -3.1075
1 0 2 3 76.669 1.1259 1.8584 0.94927 -1.1511 -1.4419 -0.48419 -0.55266 -5.6721 -2.3046 -1.4588 -2.2844 -3.6162 -1.8338
1 0 2 3 76.669 1.1259 1.8584 0.94927 -1.1511 -1.4419 -0.48419 -0.55266 -5.6721 -2.3046 -1.4588 -2.2844 -3.6162 -1.8338
1 0 2 3 76.686 0.98394 1.8911 1.2241 -0.83966 -0.69744 0.091512 -0.39042 -4.6631 -2.485 -2.1377 -2.5625 -4.017 -0.89145
1 0 2 3 76.686 0.98394 1.8911 1.2241 -0.83966 -0.69744 0.091512 -0.39042 -4.6631 -2.485 -2.1377 -2.5625 -4.017 -0.89145
1 0 2 3 76.534 0.59165 2.0507 2.0418 -0.37292 -0.11197 0.73145 0.49236 -2.184 -3.2877 -3.2039 -3.0329 -4.4095 0.17042
1 0 2 3 76.231 -0.15324 2.3071 3.2151 -0.59785 -1.5479 0.78665 -0.67881 -0.69886 -5.6537 -0.97887 -4.5245 -3.2571 0.84689
1 0 2 3 76.164 0.21819 3.3371 3.4154 0.03769 -2.676 0.47982 -1.7523 -2.1562 -5.5804 0.43997 -4.981 -3.3671 -0.85001
1 0 2 3 76.104 1.057 3.9143 3.5837 0.83802 -1.9035 -0.98912 -1.5732 -3.6415 -5.7093 0.56309 -3.2625 -3.1154 -2.3668
1 0 2 3 76.074 1.1884 3.9873 3.5656 0.98156 -1.2689 -1.4254 -1.0297 -3.6816 -6.0278 0.38377 -2.4513 -2.8169 -2.6238
1 0 2 3 76.033 1.1564 4.1751 4.1395 0.88607 -0.23041 -1.1428 0.56727 -1.2085 -7.3939 0.508 1.1112 -3.2613 -1.6632
1 0 2 3 76.366 1.2214 3.513 4.636 0.53129 -0.77146 -2.6562 -3.6803 -0.59884 -5.6947 2.1846 2.3587 -4.4353 -2.6746
1 0 2 3 76.478 1.3501 2.4954 4.4209 1.1784 -0.60653 -2.9501 -3.6333 -0.66499 -3.3316 3.6574 0.97266 -3.9925 -2.2446
1 0 2 3 76.478 1.3501 2.4954 4.4209 1.1784 -0.60653 -2.9501 -3.6333 -0.66499 -3.3316 3.6574 0.97266 -3.9925 -2.2446
1 0 2 3 76.361 1.4397 2.2111 3.8053 1.6905 -0.67934 -2.5469 -2.3293 -1.2416 -3.2174 3.0153 -0.0035628 -3.7554 -1.4239
1 0 2 3 75.866 1.5666 2.0157 3.4678 2.5996 -1.1399 -2.4082 0.07836 -3.0619 -4.9941 0.16742 -2.1575 -2.7156 -1.3798
1 0 2 3 75.659 1.3018 1.8333 3.7623 1.8219 -1.4886 -1.8386 0.55952 -3.9317 -6.4056 -0.98188 -3.902 -3.0585 -2.6725
1 0 2 3 75.876 0.81526 3.7639 2.1937 -2.3156 -3.5917 -1.3129 -1.1989 -3.1215 -0.046904 -0.68395 -5.1765 -4.2144 -1.7723
1 0 2 3 75.675 0.66227 3.685 2.7307 -2.684 -3.5744 -0.7146 -0.2264 -3.9251 0.32823 -1.0838 -5.998 -3.9583 -1.4458
1 0 2 3 75.494 0.48243 3.2999 2.7241 -2.8663 -2.5924 0.13813 1.0085 -4.4038 -0.62262 -2.45 -6.1714 -3.4231 -1.6181
1 0 2 3 75.494 0.48243 3.2999 2.7241 -2.8663 -2.5924 0.13813 1.0085 -4.4038 -0.62262 -2.45 -6.1714 -3.4231 -1.6181
1 0 2 3 75.495 0.36317 3.0247 2.463 -2.8499 -1.636 0.71543 0.85904 -4.5506 -0.82771 -2.7581 -5.8127 -3.4323 -1.7465
1 0 2 3 75.732 0.24503 2.3803 1.3601 -1.0657 0.76247 -1.3939 -4.5785 -4.9993 0.13691 -3.3347 -3.8268 -3.5909 -3.1543
1 0 2 3 75.732 0.24503 2.3803 1.3601 -1.0657 0.76247 -1.3939 -4.5785 -4.9993 0.13691 -3.3347 -3.8268 -3.5909 -3.1543
1 0 2 3 75.842 0.56205 2.6226 1.701 -1.0018 0.36145 -2.6841 -5.4828 -4.7711 0.12428 -2.3579 -2.5852 -3.766 -3.5
1 0 2 3 75.841 0.92594 2.6474 2.126 -1.5384 -0.41252 -2.4443 -4.4128 -3.5329 -0.12008 -0.87354 -1.4989 -4.0463 -3.0287
1 0 2 3 75.779 1.0161 2.6086 2.3996 -1.9784 -0.92769 -1.966 -3.7017 -3.0554 -0.13426 -0.16218 -1.3847 -3.8995 -2.8548
1 0 2 3 75.581 1.0128 2.6747 2.8942 -2.4656 -1.6936 -1.3136 -3.0349 -2.7632 -0.50434 0.724 -1.4103 -3.6916 -2.8552
1 0 2 3 76.029 2.0787 3.5814 3.1868 -1.6536 1.1232 -1.6908 -2.9855 0.29783 -2.1686 0.79833 -5.5115 -3.6545 -2.2845
1 0 2 3 76.212 2.4043 3.6775 3.3525 -1.3473 1.3589 -1.4867 -2.9634 0.49391 -2.9195 1.2086 -6.0789 -3.5983 -1.831
1 0 2 3 76.312 2.6644 3.7084 2.7296 -0.36678 1.2802 -0.7974 -1.6923 -0.10274 -5.18 0.4537 -5.2027 -3.7233 -2.1975
1 0 2 3 75.771 0.89584 4.3464 3.67 0.43605 -1.7075 -0.59707 -5.8636 -3.9208 -3.0227 -0.10841 -2.3074 -0.48927 -2.9494
1 0 2 3 75.771 0.89584 4.3464 3.67 0.43605 -1.7075 -0.59707 -5.8636 -3.9208 -3.0227 -0.10841 -2.3074 -0.48927 -2.9494
1 0 2 3 75.765 0.78959 4.1246 3.6356 0.47935 -1.4512 -0.70103 -6.5641 -4.1236 -2.6599 -0.013283 -2.143 -1.0168 -2.4071
1 0 2 3 75.592 0.31556 1.6697 2.4438 1.0267 -1.1253 -0.13688 -6.6339 -4.7113 -2.6138 1.1418 -0.9544 -2.2541 -1.3528
1 0 2 3 76.188 0.66849 2.5991 0.59587 -0.23965 0.69066 -1.83 -2.9884 -2.6988 -4.1983 -0.438 -1.8321 -4.1346 -3.9259
1 0 2 3 76.247 0.75652 2.5816 0.6525 -0.54674 0.64867 -1.4872 -2.8317 -2.3328 -4.7276 -1.2031 -1.526 -4.2593 -3.8854
1 0 2 3 76.247 0.75652 2.5816 0.6525 -0.54674 0.64867 -1.4872 -2.8317 -2.3328 -4.7276 -1.2031 -1.526 -4.2593 -3.8854
1 0 2 3 76.247 0.75652 2.5816 0.6525 -0.54674 0.64867 -1.4872 -2.8317 -2.3328 -4.7276 -1.2031 -1.526 -4.2593 -3.8854
1 0 2 3 76.18 0.59434 2.3792 0.13341 -0.78598 0.87372 0.83649 -2.1441 -1.1358 -5.0722 -3.2522 -1.0996 -3.836 -3.1898
1 0 2 3 76.18 0.59434 2.3792 0.13341 -0.78598 0.87372 0.83649 -2.1441 -1.1358 -5.0722 -3.2522 -1.0996 -3.836 -3.1898
1 0 2 3 76.644 0.31325 2.8231 -0.20858 0.76553 2.687 2.0531 -3.3063 -3.1518 -3.6484 -1.5633 -1.1712 -4.9743 -2.6572
1 0 2 3 76.763 0.17502 3.1153 0.4806 0.43872 2.2053 0.58694 -3.7946 -3.1256 -2.9702 -0.11519 -1.2911 -6.1295 -2.8336
1 0 2 3 76.748 -0.00034231 3.1136 0.91621 0.27361 1.5502 -0.22071 -3.5467 -2.9672 -2.9426 0.20783 -1.6376 -6.6622 -3.3579
1 0 2 3 76.675 -0.2408 3.0931 1.2275 0.075048 0.64986 -0.89418 -3.0885 -2.8981 -3.0475 0.32314 -2.2576 -7.1123 -3.7809
1 0 2 3 76.675 -0.2408 3.0931 1.2275 0.075048 0.64986 -0.89418 -3.0885 -2.8981 -3.0475 0.32314 -2.2576 -7.1123 -3.7809
1 0 2 3 76.581 -0.54113 2.995 1.2174 -0.11759 -0.37621 -1.2862 -2.5059 -3.1058 -3.4023 0.095788 -2.9306 -7.2093 -3.9695
1 0 2 3 76.464 -0.97782 3.0894 1.1111 0.25135 -1.3779 -1.3418 -1.9603 -3.6333 -3.6176 0.46896 -3.7505 -6.5259 -3.5467
1 0 2 3 76.432 -1.0108 3.2325 1.1535 0.67628 -1.2275 -1.1232 -2.1717 -4.0066 -3.3457 0.92261 -3.9684 -5.8662 -2.7675
1 0 2 3 76.259 -0.91892 3.5952 1.0807 0.43127 -0.058377 -1.0462 -4.1227 -5.3882 -2.3625 2.1976 -3.5063 -3.6471 0.20081
1 0 2 3 76.136 -0.83376 3.4952 1.3052 -0.048262 0.41803 -0.5439 -5.1136 -5.7884 -3.2981 1.8193 -3.0406 -3.3049 1.2791
1 0 2 3 76.106 -0.76997 3.5042 1.5813 0.15847 0.54781 -0.22824 -5.1328 -5.4655 -4.0941 1.6374 -2.6028 -3.4017 1.1094
1 0 2 3 75.954 1.2029 6.0994 3.049 1.2274 -0.21182 3.7022 -3.7019 -0.79149 -1.4983 -1.2999 -0.48641 -2.9872 -1.205
1 0 2 3 75.968 1.3101 5.8494 2.1875 -0.12102 -0.32022 4.488 -3.6977 1.1322 -1.8368 -1.566 -2.0153 -3.4796 -1.2099
1 0 2 3 75.956 1.0752 5.4763 1.0543 0.2525 -1.1742 4.5737 -4.1582 2.1351 -1.6745 -1.886 -4.0984 -4.953 -2.7132
1 0 2 3 76.192 -0.15375 4.6573 1.1853 1.1831 -1.9405 1.5118 -4.2965 2.2827 -0.27658 -1.4085 -3.6133 -3.7818 -3.6981
1 0 2 3 76.335 -0.44967 4.3393 1.171 0.96137 -2.4929 0.77081 -4.0295 1.8268 -0.61224 -1.2517 -3.7944 -3.851 -3.84
1 0 2 3 76.429 -0.61022 4.1308 1.2211 0.62487 -3.1693 -0.54484 -3.0245 1.0707 -1.3691 -1.4753 -4.1599 -3.5759 -3.407
1 0 2 3 76.336 -0.64782 4.0773 1.1404 1.1061 -2.9577 -1.9635 -2.1248 0.80317 -1.3524 -1.573 -4.0822 -2.8739 -2.4328
1 0 2 3 76.072 -0.48029 4.4987 -0.94305 1.213 -2.0986 -3.017 -2.7484 0.88232 2.669 2.416 -0.80802 -3.2189 -0.041934
1 0 2 3 76.072 -0.48029 4.4987 -0.94305 1.213 -2.0986 -3.017 -2.7484 0.88232 2.669 2.416 -0.80802 -3.2189 -0.041934
1 0 2 3 76.573 -1.0618 4.4868 -3.0837 1.2305 -0.80177 1.0835 -4.3474 -3.1627 0.62207 -2.0232 -1.6189 -6.6269 -1.2882
1 0 2 3 76.812 -2.066 4.002 -1.1721 2.8284 -0.18743 0.73719 -3.9612 -1.3744 -3.2063 -6.2894 -2.3157 -5.5368 -2.0907
1 0 2 3 76.812 -2.066 4.002 -1.1721 2.8284 -0.18743 0.73719 -3.9612 -1.3744 -3.2063 -6.2894 -2.3157 -5.5368 -2.0907
1 0 2 3 76.905 -2.2436 3.2212 0.28704 4.6186 -0.15086 2.0886 -2.6895 -1.6992 -4.552 -5.5128 -3.0954 -4.4192 0.11614
1 0 2 3 76.883 -1.8691 2.9664 0.085469 3.4504 0.19818 2.5205 -2.5236 -2.0063 -5.5925 -4.0677 -3.2757 -5.2638 0.22817
1 0 2 3 76.883 -1.8691 2.9664 0.085469 3.4504 0.19818 2.5205 -2.5236 -2.0063 -5.5925 -4.0677 -3.2757 -5.2638 0.22817
1 0 2 3 76.852 -1.1235 2.7586 -0.29501 1.5235 0.5527 -0.02568 -2.8858 -1.3891 -5.8947 -2.1028 -1.5109 -6.5339 -0.12222
1 0 2 3 76.875 -0.88589 2.8632 -0.10545 1.412 0.67682 -0.91567 -3.1243 -1.3423 -5.5335 -1.8025 -0.68161 -6.6703 -0.35595
1 0 2 3 76.877 -0.78205 3.1155 0.066861 1.5402 0.71827 -1.4093 -3.3903 -1.4363 -5.0274 -1.7447 -0.17676 -6.5357 -0.73047
1 0 2 3 76.872 -0.77613 3.4242 -0.045907 1.8222 0.61344 -1.449 -3.7811 -1.7459 -4.4682 -1.6296 -0.024759 -6.3015 -1.1107
1 0 2 3 76.847 -0.88712 3.7201 -0.33565 2.083 0.42107 -1.3459 -4.1313 -2.0679 -3.7735 -1.3073 -0.17808 -5.9602 -1.4173
1 0 2 3 77.048 -1.5097 4.461 -1.6372 1.5136 1.0361 -1.0422 -3.3716 -1.7537 0.18058 0.42743 -2.5118 -2.6937 -1.386
1 0 2 3 77.048 -1.5097 4.461 -1.6372 1.5136 1.0361 -1.0422 -3.3716 -1.7537 0.18058 0.42743 -2.5118 -2.6937 -1.386
1 0 2 3 77.023 -0.48933 5.4222 1.9688 1.5986 0.79689 0.65866 -0.34598 -1.0244 1.1805 -1.725 0.37406 -3.0141 0.84605
1 0 2 3 76.862 0.28989 5.5003 2.3158 2.1068 1.9508 -0.41613 -1.5093 -1.3185 2.1633 -0.48751 0.2628 -4.7155 1.1352
1 0 2 3 76.723 0.038594 5.7661 2.7629 1.5306 1.3378 -2.2711 -2.7516 -1.2009 1.4068 -1.2385 -1.4694 -6.0938 -1.3455
1 0 2 3 77.023 -0.3344 5.913 3.2795 1.4974 -1.7975 -4.1602 -2.3573 -5.596 -2.0093 -2.0436 -3.3248 -5.2037 -2.2462
1 0 2 3 77.234 -1.7031 4.7322 2.2849 1.7738 0.1918 -1.0649 -2.549 -7.3489 -1.5192 -1.6397 -2.3151 -4.915 -0.30781
1 0 2 3 77.161 -1.9782 4.2428 2.1866 1.7806 1.1575 -0.19232 -1.8903 -5.8379 -1.2982 -2.1913 -1.9135 -4.6529 -0.028448
1 0 2 3 76.794 -1.9942 3.1472 2.1187 1.5268 2.2619 -0.071547 -1.1433 -1.7204 -1.6563 -3.1882 -0.25377 -3.7958 0.46886
1 0 2 3 76.14 -1.8908 4.2901 -0.03279 -1.6888 -0.42536 -2.8934 -2.816 -4.8021 0.48084 -1.3441 -1.6561 -4.0231 -1.4698
1 0 2 3 76.303 -2.3025 4.3274 0.69587 -0.6946 0.60719 -3.4979 -3.3864 -3.9585 1.0661 -1.3971 -1.3759 -4.2975 -1.1631
1 0 2 3 76.654 -2.5668 3.8772 1.2412 0.46921 1.0735 -5.2897 -3.6521 -1.451 0.82219 -0.23403 -0.4754 -6.1562 -1.5011
1 0 2 3 76.654 -2.5668 3.8772 1.2412 0.46921 1.0735 -5.2897 -3.6521 -1.451 0.82219 -0.23403 -0.4754 -6.1562 -1.5011
1 0 2 3 76.654 -2.5668 3.8772 1.2412 0.46921 1.0735 -5.2897 -3.6521 -1.451 0.82219 -0.23403 -0.4754 -6.1562 -1.5011
1 0 2 3 76.845 -2.3967 3.4418 1.2018 0.65631 0.71353 -5.9685 -4.1789 -0.53941 -0.13989 0.2352 -0.39726 -6.9806 -1.8829
1 0 2 3 76.896 -2.2557 3.3474 1.2085 0.85915 0.71307 -5.9082 -4.3991 -0.54593 -0.51978 0.31945 -0.5385 -7.0804 -1.7907
1 0 2 3 76.896 -2.2557 3.3474 1.2085 0.85915 0.71307 -5.9082 -4.3991 -0.54593 -0.51978 0.31945 -0.5385 -7.0804 -1.7907
1 0 2 3 76.852 -1.8781 3.6498 1.0997 1.7554 0.70824 -6.0137 -3.7829 -0.62557 -1.0974 -0.63882 -1.3107 -6.4392 -0.4551
1 0 2 3 76.651 -1.3459 4.8303 0.83047 2.7754 0.65385 -5.2871 -3.1539 -3.4184 -3.8147 -1.9485 0.88146 -5.7289 -0.35497
1 0 2 3 76.651 -1.3459 4.8303 0.83047 2.7754 0.65385 -5.2871 -3.1539 -3.4184 -3.8147 -1.9485 0.88146 -5.7289 -0.35497
1 0 2 3 77.211 -0.86424 4.4086 0.58169 1.0086 0.23031 -2.601 -1.2235 -4.9503 -4.7681 -1.9854 -0.57155 -5.3406 1.7361
1 0 2 3 77.39 -1.1023 4.05 1.3762 1.0327 1.5728 -2.8548 -2.7002 -5.5582 -1.9441 -0.99038 -5.2567 -5.905 1.7657
1 0 2 3 77.363 -1.2585 3.8583 1.7109 1.1794 1.9159 -2.9825 -3.3701 -5.694 -1.4278 -1.0811 -6.2642 -6.1545 0.63987
1 0 2 3 77.29 -1.425 3.7163 1.9882 1.0995 2.0435 -3.0045 -4.1574 -5.8682 -1.2358 -1.5726 -6.7862 -6.4459 -0.69988
1 0 2 3 77.29 -1.425 3.7163 1.9882 1.0995 2.0435 -3.0045 -4.1574 -5.8682 -1.2358 -1.5726 -6.7862 -6.4459 -0.69988
1 0 2 3 76.997 -1.2356 4.1239 2.2204 0.3914 1.3524 -1.5759 -5.6175 -5.776 -3.5464 -1.571 -6.0685 -5.9742 -2.4811
1 0 2 3 77.222 -1.4552 5.0738 1.3681 0.6662 2.208 1.6237 -3.2019 -5.4272 -3.1642 -0.82838 -2.779 -5.487 -2.0171
1 0 2 3 77.335 -1.3935 4.9808 1.6866 1.7473 3.0724 1.1571 -2.5902 -5.323 -1.5491 -0.41218 -2.1824 -4.1532 -2.0836
1 0 2 3 77.335 -1.3935 4.9808 1.6866 1.7473 3.0724 1.1571 -2.5902 -5.323 -1.5491 -0.41218 -2.1824 -4.1532 -2.0836
1 0 2 3 77.283 -0.89536 5.1827 2.7725 3.0469 3.732 0.7431 -2.7635 -6.0331 -0.32662 -0.54025 -1.709 -2.7567 -2.2301
1 0 2 3 77.193 -0.60124 5.2561 3.1994 3.397 3.701 0.37558 -2.9741 -6.081 0.5173 -0.99536 -1.7497 -2.3794 -2.2281
1 0 2 3 77.082 -1.1119 4.7809 1.7577 0.62014 1.3378 -1.039 -3.3422 -4.5111 1.6776 8.6137e-05 -0.42347 -2.301 -0.85617
1 0 2 3 77.082 -1.1119 4.7809 1.7577 0.62014 1.3378 -1.039 -3.3422 -4.5111 1.6776 8.6137e-05 -0.42347 -2.301 -0.85617
1 0 2 3 77.066 -1.3401 4.3219 1.1068 -0.0048448 1.1658 -1.2177 -3.1703 -4.5395 1.5286 0.89347 -0.15485 -2.4633 -1.0293
1 0 2 3 76.95 -1.655 3.6725 0.45664 -0.32026 1.4668 -1.6953 -2.2225 -4.7367 1.7611 1.9821 -0.41082 -1.8286 -2.1418
1 0 2 3 76.95 -1.655 3.6725 0.45664 -0.32026 1.4668 -1.6953 -2.2225 -4.7367 1.7611 1.9821 -0.41082 -1.8286 -2.1418
1 0 2 3 76.931 -1.6749 3.6626 0.55672 -0.25416 1.0952 -1.8096 -2.206 -4.661 1.7563 1.695 -0.85661 -1.3925 -2.3933
1 0 2 3 76.852 -1.6998 3.0898 0.49124 0.037435 -1.3747 -3.1466 -3.2949 -5.7578 0.036711 0.39233 -2.1681 -3.097 -2.9655
1 0 2 3 76.831 -1.7971 3.1925 0.59168 0.27844 -1.0719 -2.9232 -3.3226 -5.8482 -1.6322 -0.34088 -1.1427 -3.8605 -2.5804
1 0 2 3 76.58 -1.8422 4.237 1.3576 2.4352 1.5994 -1.1364 -2.496 -5.0305 -5.1147 -1.9306 1.0306 -3.3781 -2.3805
1 0 2 3 76.58 -1.8422 4.237 1.3576 2.4352 1.5994 -1.1364 -2.496 -5.0305 -5.1147 -1.9306 1.0306 -3.3781 -2.3805
1 0 2 3 76.51 -1.8214 4.3299 1.2804 2.5783 1.9727 -0.88698 -2.7066 -5.0222 -5.7655 -2.1364 0.97074 -3.1861 -2.7574
1 0 2 3 76.384 -1.6357 4.1803 0.84506 2.0447 1.3841 -1.1337 -2.75 -5.073 -6.4587 -2.2339 0.03537 -4.0323 -3.6391
1 0 2 3 76.511 -1.1777 4.2884 0.96129 0.68928 0.19163 -2.837 -3.3688 -4.8091 -4.0492 0.74351 -2.42 -4.7427 -2.116
1 0 2 3 76.586 -1.3878 4.5025 1.2731 0.57885 0.16704 -2.7739 -4.0122 -4.5584 -3.808 0.57851 -2.3699 -3.7615 -1.3112
1 0 2 3 76.565 -1.6409 4.5339 1.4401 0.28111 0.59052 -2.6066 -4.4233 -4.6909 -4.1537 0.42942 -2.0587 -3.4809 -1.1512
1 0 2 3 76.359 -2.1782 4.3963 2.2199 0.096412 3.1109 -2.5214 -4.9713 -5.3435 -4.0043 0.64351 -0.33291 -4.4305 -2.0939
1 0 2 3 76.359 -2.1782 4.3963 2.2199 0.096412 3.1109 -2.5214 -4.9713 -5.3435 -4.0043 0.64351 -0.33291 -4.4305 -2.0939
1 0 2 3 76.543 -1.1248 3.7271 0.82805 1.5778 4.1432 0.9521 -3.0288 -5.6699 -3.5273 -2.4837 -0.6161 -6.5598 -3.6374
1 0 2 3 76.543 -1.1248 3.7271 0.82805 1.5778 4.1432 0.9521 -3.0288 -5.6699 -3.5273 -2.4837 -0.6161 -6.5598 -3.6374
1 0 2 3 76.652 -1.0266 3.6548 0.67387 1.6313 3.997 0.8198 -1.6141 -4.6156 -3.2368 -1.695 -1.0538 -6.942 -3.615
1 0 2 3 76.78 -0.71048 3.9029 -1.1084 0.14965 2.6346 -3.3916 1.1872 -1.2884 -2.4557 0.68179 -0.71958 -4.7734 -0.79144
1 0 2 3 76.78 -0.71048 3.9029 -1.1084 0.14965 2.6346 -3.3916 1.1872 -1.2884 -2.4557 0.68179 -0.71958 -4.7734 -0.79144
1 0 2 3 77.005 0.2499 4.9648 -0.94391 -0.10005 0.00095562 -2.728 -0.83254 -2.5874 -4.4982 0.083124 1.135 -4.0227 0.51852
1 0 2 3 77.072 0.60925 5.243 -0.52437 -0.23829 -1.3682 -2.3185 -1.3119 -3.1818 -4.6578 -0.04102 1.1728 -4.1147 0.47714
1 0 2 3 77.12 1.0803 5.7778 0.69841 -0.59423 -3.7479 -2.392 -2.436 -4.3378 -4.1935 0.10867 -0.78065 -3.8075 0.10284
1 0 2 3 77.12 1.0803 5.7778 0.69841 -0.59423 -3.7479 -2.392 -2.436 -4.3378 -4.1935 0.10867 -0.78065 -3.8075 0.10284
1 0 2 3 76.939 0.76369 5.4064 1.1001 0.52859 -3.1447 -2.511 -1.7348 -3.8945 -4.0842 0.72746 -1.9017 -3.2096 0.20477
1 0 2 3 76.871 0.64527 5.5869 2.0578 0.83285 -0.27899 -1.5584 -1.2591 -4.7188 -4.7448 -0.35205 -2.6886 -3.6555 -1.0153
1 0 2 3 76.856 0.39089 5.6314 2.809 -0.24587 0.69532 -1.3754 -2.4552 -5.008 -5.0079 -1.8231 -2.6052 -4.0761 -2.941
1 0 2 3 76.808 -0.20902 4.4917 1.9941 -1.3097 0.21058 -2.2423 -2.5123 -3.8675 -5.596 -3.6928 -3.1269 -4.5586 -3.0352
1 0 2 3 76.808 -0.20902 4.4917 1.9941 -1.3097 0.21058 -2.2423 -2.5123 -3.8675 -5.596 -3.6928 -3.1269 -4.5586 -3.0352
1 0 2 3 76.713 -0.41332 4.0549 1.7578 -1.5662 -0.038289 -2.5654 -2.3918 -3.5677 -5.2298 -3.9919 -3.1379 -4.3898 -2.7407
1 0 2 3 76.61 -0.61259 3.6994 1.5429 -1.8081 -0.30473 -3.0436 -2.376 -3.1985 -4.5308 -4.0229 -2.8457 -4.2308 -2.5221
1 0 2 3 76.629 -0.64553 3.6313 1.8848 -1.5047 -0.10715 -3.1186 -2.3634 -3.4981 -1.689 -2.2711 -1.177 -5.2402 -1.498
1 0 2 3 76.703 -0.46057 3.8074 2.0751 -1.6494 0.45902 -1.988 -1.795 -4.7672 -0.86444 -0.3269 -0.47216 -6.7089 -0.75962
1 0 2 3 76.67 -0.38825 3.8817 1.9344 -1.7492 0.93066 -1.3579 -1.519 -5.4219 -0.80048 0.37937 -0.20254 -7.2491 -0.2457
1 0 2 3 76.618 -0.41833 3.9231 1.6257 -1.754 1.0611 -0.92498 -1.099 -5.9281 -0.9381 0.81894 -0.18143 -7.468 0.004186
1 0 2 3 76.618 -0.41833 3.9231 1.6257 -1.754 1.0611 -0.92498 -1.099 -5.9281 -0.9381 0.81894 -0.18143 -7.468 0.004186
1 0 2 3 76.618 -0.41833 3.9231 1.6257 -1.754 1.0611 -0.92498 -1.099 -5.9281 -0.9381 0.81894 -0.18143 -7.468 0.004186
1 0 2 3 76.291 -0.7641 3.621 -0.46621 -0.59382 -0.9236 -0.25745 1.5697 -4.4413 -1.9157 -1.3387 -3.0268 -7.3466 -2.8927
1 0 2 3 76.27 -0.81864 3.3656 -0.55742 -0.38379 -1.0675 -0.75928 1.3521 -4.7307 -1.739 -1.194 -3.3763 -6.8623 -2.8739
1 0 2 3 76.235 -0.86911 3.0745 -0.60458 -0.20229 -1.248 -1.3269 0.84055 -5.0391 -1.5526 -0.91655 -3.5387 -6.2691 -2.5452
1 0 2 3 75.926 -1.2497 2.5598 -0.019648 -0.42028 -2.1977 -2.9101 -1.8598 -5.4197 -0.82505 -1.8726 -3.2672 -4.3216 -0.86944
1 0 2 3 75.802 -1.4282 2.6151 0.32797 -0.6203 -2.2954 -3.5488 -2.719 -5.3087 -0.94208 -2.5689 -3.1724 -3.7985 -0.42316
1 0 2 3 75.809 -1.3209 3.5302 0.7572 -1.255 -1.7422 -4.8755 -4.9586 -4.2112 -1.8588 -3.9012 -2.9903 -3.6862 -1.2154
1 0 2 3 75.809 -1.3209 3.5302 0.7572 -1.255 -1.7422 -4.8755 -4.9586 -4.2112 -1.8588 -3.9012 -2.9903 -3.6862 -1.2154
1 0 2 3 76.07 -0.71858 4.1438 0.20165 -1.0824 -1.0493 -4.5281 -4.5614 -3.37 -3.6367 -4.2158 -2.5466 -4.0894 -2.1002
1 0 2 3 76.05 -0.14649 3.8532 -0.51668 0.020361 -0.29023 -2.6202 -2.8734 -3.5194 -6.157 -3.4557 -2.2477 -4.0111 -2.4116
1 0 2 3 76.202 -0.89523 1.9978 0.31583 0.46211 0.18728 -2.0318 -1.6881 -3.0525 -4.9536 -3.0261 0.63149 -2.9727 -2.5448
1 0 2 3 76.357 -0.9464 1.4207 0.42804 -0.067603 0.30177 -2.5688 -1.0152 -2.2635 -3.7686 -3.2367 2.1538 -2.2662 -1.7409
1 0 2 3 76.383 -0.77956 1.5171 0.42646 -0.19056 0.49857 -2.555 -0.64592 -1.7499 -3.3961 -3.5433 2.1783 -2.202 -1.4473
1 0 2 3 76.383 -0.77956 1.5171 0.42646 -0.19056 0.49857 -2.555 -0.64592 -1.7499 -3.3961 -3.5433 2.1783 -2.202 -1.4473
1 0 2 3 76.372 -0.615 1.8325 0.29253 -0.343 0.66246 -2.5964 -0.52834 -1.2074 -3.4973 -3.968 1.654 -2.3258 -1.2313
