1 0 1 2 77.457 -2.5737 3.6747 -0.41101 -4.0613 1.5245 -0.86367 4.2055 -2.5122 -7.5292 -2.1948 0.75837 -2.2281 0.16818
1 0 1 2 77.377 -2.7302 3.8867 -0.30308 -3.8853 1.7595 -0.14219 4.2528 -2.2073 -7.2154 -2.0092 0.75297 -1.7039 0.24186
1 0 1 2 77.184 -2.7971 4.3691 1.0119 -1.381 -2.5024 -2.2754 0.91575 -0.92509 -3.0247 -0.20982 1.388 -6.0983 -1.629
1 0 1 2 77.244 -2.8463 4.053 0.62566 -1.592 -3.0772 -2.6887 0.25514 -1.4977 -2.8772 -0.68542 1.6458 -6.6011 -2.039
1 0 1 2 77.378 -2.9519 3.6298 0.11659 -2.2414 -3.6353 -2.8393 -0.92249 -3.1175 -3.0731 -1.7 1.9656 -6.6215 -1.6437
1 0 1 2 77.378 -2.9519 3.6298 0.11659 -2.2414 -3.6353 -2.8393 -0.92249 -3.1175 -3.0731 -1.7 1.9656 -6.6215 -1.6437
1 0 1 2 77.378 -2.9519 3.6298 0.11659 -2.2414 -3.6353 -2.8393 -0.92249 -3.1175 -3.0731 -1.7 1.9656 -6.6215 -1.6437
1 0 1 2 77.413 -3.0096 3.4821 0.095369 -2.5858 -3.7082 -2.8622 -1.1843 -3.8196 -3.1309 -2.1094 1.518 -6.2424 -0.982
1 0 1 2 77.51 -3.0138 3.0917 0.16994 -3.153 -3.0488 -2.979 -1.5937 -4.9312 -5.1436 -4.3052 -0.7402 -2.4882 1.8928
1 0 1 2 77.494 -3.0655 3.1509 0.11476 -3.3809 -3.0917 -3.2497 -1.7044 -4.2287 -5.3353 -4.7248 -0.75245 -1.5717 1.9224
1 0 1 2 77.506 -3.126 3.3131 0.063087 -3.5256 -3.1633 -3.5145 -1.5179 -3.2596 -4.9811 -4.7243 -0.3878 -1.0687 1.5005
1 0 1 2 77.659 -3.1204 4.2881 0.41185 -2.4794 -3.6681 -3.6306 -0.51031 -0.46956 -2.0891 -2.5875 1.4856 -2.2826 -0.36221
1 0 1 2 77.704 -3.0143 4.719 0.80178 -2.0039 -3.4454 -3.6614 -0.18962 -0.13294 -1.2908 -1.841 1.8158 -3.0433 -0.40995
1 0 1 2 77.722 -2.9007 4.993 1.1063 -1.6479 -3.0469 -3.6804 0.19924 0.10183 -0.77551 -1.3659 1.7122 -3.5797 -0.17291
1 0 1 2 77.722 -2.9007 4.993 1.1063 -1.6479 -3.0469 -3.6804 0.19924 0.10183 -0.77551 -1.3659 1.7122 -3.5797 -0.17291
1 0 1 2 77.502 -2.568 4.9374 1.0542 -1.6388 -0.95282 -2.9777 1.1544 -1.1808 -2.2951 -0.81975 1.1414 -3.9137 0.52883
1 0 1 2 77.616 -2.7062 3.8972 -0.3055 -2.1816 -0.55517 -1.2387 -0.82718 -3.97 -6.0555 -3.3118 -1.8213 -1.171 -0.28844
1 0 1 2 77.722 -2.7885 3.8115 -0.62037 -2.7716 -1.0488 -1.1988 -1.2259 -4.1735 -6.2659 -3.3562 -1.8809 -0.65872 0.16509
1 0 1 2 77.785 -2.7872 3.8377 -1.0362 -3.4285 -1.6773 -1.3278 -1.7762 -4.1876 -6.2633 -3.1846 -1.6345 -0.43423 0.51521
1 0 1 2 77.815 -2.6925 3.9364 -1.4362 -4.0478 -2.3785 -1.7072 -2.2981 -3.9649 -6.019 -2.9835 -1.2266 -0.51071 0.52283
1 0 1 2 77.815 -2.6925 3.9364 -1.4362 -4.0478 -2.3785 -1.7072 -2.2981 -3.9649 -6.019 -2.9835 -1.2266 -0.51071 0.52283
1 0 1 2 77.815 -2.6925 3.9364 -1.4362 -4.0478 -2.3785 -1.7072 -2.2981 -3.9649 -6.019 -2.9835 -1.2266 -0.51071 0.52283
1 0 1 2 77.394 -2.1318 4.1654 -1.758 -0.77306 -3.4748 -4.0003 -1.6606 -0.97045 -3.1418 -1.876 3.0812 -1.3796 -0.53426
1 0 1 2 77.261 -1.5588 3.9891 -0.56385 -0.78836 -0.64874 -1.0867 -1.2354 -0.92767 -2.8877 -3.4887 -1.347 -1.3803 -0.12489
1 0 1 2 77.261 -1.5588 3.9891 -0.56385 -0.78836 -0.64874 -1.0867 -1.2354 -0.92767 -2.8877 -3.4887 -1.347 -1.3803 -0.12489
1 0 1 2 77.231 -1.4932 4.0845 -0.20381 -1.0761 0.10687 -0.3511 -1.6648 -0.84984 -2.8829 -3.8653 -1.68 -1.6447 -0.52441
1 0 1 2 77.181 -1.4961 4.1188 0.13137 -1.2703 0.65737 0.43626 -2.1618 -0.99349 -3.2137 -4.391 -1.5038 -1.6786 -0.90698
1 0 1 2 77.181 -1.4961 4.1188 0.13137 -1.2703 0.65737 0.43626 -2.1618 -0.99349 -3.2137 -4.391 -1.5038 -1.6786 -0.90698
1 0 1 2 77.1 -1.5739 3.9783 0.54868 -1.2162 0.90931 1.0349 -2.4499 -1.1151 -3.6753 -4.9526 -1.2105 -1.4478 -1.3109
1 0 1 2 76.885 -1.8418 3.3815 1.258 -0.50618 0.078294 1.9406 -2.2671 -1.6074 -4.7983 -5.7833 -0.98916 -0.95705 -1.7466
1 0 1 2 76.777 -1.9435 3.1094 1.2363 -0.13857 -0.41602 2.0831 -1.9853 -1.9698 -5.0973 -6.1063 -0.84771 -0.87373 -1.9628
1 0 1 2 77.072 -1.5829 2.7583 -0.55686 -0.89546 -3.3623 -1.0824 -1.4089 -5.5449 -5.1124 -6.2138 0.072893 -1.6623 -2.623
1 0 1 2 77.072 -1.5829 2.7583 -0.55686 -0.89546 -3.3623 -1.0824 -1.4089 -5.5449 -5.1124 -6.2138 0.072893 -1.6623 -2.623
1 0 1 2 77.197 -1.4703 3.2107 -0.99896 -1.4506 -4.4179 -1.9489 -1.4166 -5.3842 -5.3931 -6.2432 -0.61965 -2.3887 -2.2639
1 0 1 2 77.197 -1.4703 3.2107 -0.99896 -1.4506 -4.4179 -1.9489 -1.4166 -5.3842 -5.3931 -6.2432 -0.61965 -2.3887 -2.2639
1 0 1 2 77.237 -1.4108 3.6896 -1.2335 -1.7406 -4.7165 -1.9402 -0.98754 -4.2324 -6.0794 -6.4524 -1.0896 -1.5668 -0.71092
1 0 1 2 77.26 -1.5316 4.0205 -0.99473 -1.6881 -4.3168 -0.80282 -1.0132 -4.4992 -6.9685 -6.1208 -1.5346 -0.50919 1.1252
1 0 1 2 77.269 -1.915 4.1017 -0.57659 -2.1985 -3.2896 0.14889 -0.97576 -6.56 -8.2108 -5.8969 -1.4085 -0.14975 2.483
1 0 1 2 77.268 -2.1454 3.9842 -0.32735 -2.4901 -2.7092 0.022355 -1.2488 -7.7965 -8.5122 -5.9271 -1.2511 -0.28527 3.0933
1 0 1 2 77.274 -2.324 3.9037 -0.13664 -2.8971 -2.2632 -0.3637 -1.2748 -8.628 -8.165 -5.7716 -1.204 -0.87847 3.2644
1 0 1 2 77.274 -2.4192 3.8812 0.063563 -3.1984 -1.7114 -0.68068 -1.1649 -8.9397 -7.412 -5.3078 -0.89928 -1.43 3.0788
1 0 1 2 76.993 -2.5736 3.8478 0.55057 -3.0056 -0.44168 -1.0365 -0.78364 -8.0142 -4.6814 -4.5744 -0.9556 -2.167 2.6559
1 0 1 2 76.895 -2.5059 3.6994 0.57908 -2.551 -0.035092 -1.3021 -0.42707 -7.1974 -3.8823 -4.9099 -1.4309 -2.289 2.4578
1 0 1 2 77.043 -1.638 3.5004 0.78531 -2.0302 0.3236 -3.7988 1.0645 -2.9137 -2.431 -6.4347 -3.146 -1.4904 1.8875
1 0 1 2 77.626 -1.2222 3.826 0.94495 -0.76379 0.096569 -3.6153 1.4723 -1.3763 -3.426 -6.803 -2.3796 -2.0275 2.1021
1 0 1 2 77.759 -1.1102 3.9117 0.80167 -0.4008 -0.057719 -3.7073 1.3878 -1.117 -3.5167 -6.6249 -2.8537 -2.6184 1.9721
1 0 1 2 77.82 -1.0565 4.1063 0.58853 -0.28638 -0.33222 -4.0245 1.3157 -1.0209 -3.6168 -6.2742 -3.5202 -3.2283 1.704
1 0 1 2 77.82 -1.0565 4.1063 0.58853 -0.28638 -0.33222 -4.0245 1.3157 -1.0209 -3.6168 -6.2742 -3.5202 -3.2283 1.704
1 0 1 2 77.82 -1.0565 4.1063 0.58853 -0.28638 -0.33222 -4.0245 1.3157 -1.0209 -3.6168 -6.2742 -3.5202 -3.2283 1.704
1 0 1 2 77.767 -1.0234 4.2944 0.38527 -0.28219 -0.77719 -4.4145 1.2099 -1.2215 -3.9549 -5.7747 -4.1056 -3.8234 1.3825
1 0 1 2 77.389 -1.239 4.9959 1.2606 -1.0362 -3.7111 -6.1143 2.2494 -1.7135 -6.2968 -5.1736 -4.0203 -3.1373 0.70527
1 0 1 2 77.389 -1.239 4.9959 1.2606 -1.0362 -3.7111 -6.1143 2.2494 -1.7135 -6.2968 -5.1736 -4.0203 -3.1373 0.70527
1 0 1 2 76.922 -2.2058 5.5353 0.5853 -1.5508 -3.0793 -5.026 3.361 0.064991 -4.3775 -7.9624 -3.7055 -1.3037 1.1835
1 0 1 2 76.778 -2.5009 5.3299 0.0049915 -1.3327 -2.839 -3.9139 3.3421 0.030284 -3.3892 -7.8487 -4.5325 -1.3988 1.1153
1 0 1 2 76.622 -2.663 4.9519 -1.0866 -1.6178 -2.1846 -1.7522 2.6194 0.13363 -1.2692 -5.8649 -5.0544 -1.5529 0.59359
1 0 1 2 77.056 -1.9343 4.8281 -1.4991 -4.313 -2.3077 -2.664 0.054 -0.81425 -2.3868 -3.7237 -3.2558 -2.6751 -0.26558
1 0 1 2 77.126 -1.7448 4.5967 -0.86651 -4.1451 -1.7925 -3.1339 0.50816 -2.3767 -2.3415 -3.3257 -2.7935 -3.4211 -0.17781
1 0 1 2 76.794 -2.366 4.6612 0.89243 -1.2225 -2.2708 -2.8487 1.7851 -3.5789 -1.6071 -4.2699 -2.03 -4.3037 0.085122
1 0 1 2 76.816 -2.1529 5.234 0.029256 -0.34547 -1.8547 -1.24 0.68277 -4.1655 -2.3962 -5.1977 -1.0533 -3.282 -0.27596
1 0 1 2 77.052 -1.4629 6.4697 -0.69845 -1.3402 -0.55706 -1.1192 -2.3013 -3.6835 -5.2317 -4.6536 -2.6722 -1.5091 1.1283
1 0 1 2 77.052 -1.4629 6.4697 -0.69845 -1.3402 -0.55706 -1.1192 -2.3013 -3.6835 -5.2317 -4.6536 -2.6722 -1.5091 1.1283
1 0 1 2 76.745 -1.8198 5.0559 -1.0256 -0.34265 -0.35215 -3.4447 -3.313 -2.3599 -5.4864 -3.2745 -1.4742 -1.4087 -0.41797
1 0 1 2 76.63 -3.0857 4.5129 -0.58394 -3.6157 0.60468 -3.2857 -3.541 -5.4928 -7.5538 -4.3415 -1.35 -2.7765 -2.1131
1 0 1 2 76.897 -3.0773 4.4001 -0.48269 -3.3362 -0.17924 -2.7944 -3.5181 -5.4017 -7.7314 -4.9857 -2.1599 -3.3996 -1.6178
1 0 1 2 77.088 -3.0348 4.547 -0.5977 -3.0889 -0.65789 -2.8965 -2.7768 -5.0027 -7.0297 -4.9907 -2.4811 -3.4112 -1.5639
1 0 1 2 77.339 -3.118 5.1602 -0.56167 -2.4907 -2.1058 -4.0266 0.23537 -3.2594 -5.4698 -4.4508 -2.5966 -3.1452 -1.3425
1 0 1 2 77.344 -3.1329 5.3399 -0.071375 -2.0159 -2.4493 -4.3134 1.1669 -2.5956 -5.3445 -4.2417 -2.4935 -3.5135 -1.1273
1 0 1 2 77.127 -2.9674 4.5792 3.3225 0.57904 -3.6263 -5.0968 0.08617 0.56803 -3.8561 -4.362 -1.6016 -3.4239 0.34684
1 0 1 2 77.167 -2.9642 4.2132 3.7898 1.0089 -4.1573 -4.8952 -1.9899 1.7735 -3.0842 -3.9761 -0.4929 -2.0292 0.96976
1 0 1 2 77.344 -3.1018 4.2973 3.0311 0.46139 -4.1375 -4.1267 -2.5587 1.8795 -2.7311 -4.8111 -0.65911 -0.95981 2.0608
1 0 1 2 77.48 -3.0612 4.4853 2.4651 0.11225 -3.7828 -3.5918 -2.7773 1.494 -2.5249 -5.4725 -1.2195 -0.99779 2.2438
1 0 1 2 77.568 -2.9595 4.6981 1.9097 -0.14432 -3.0877 -3.1467 -2.8384 0.92533 -2.3192 -5.7833 -1.7199 -1.2456 2.2468
1 0 1 2 77.544 -2.8274 4.9569 1.5794 -0.21857 -2.2937 -2.843 -2.6569 0.40069 -2.0763 -5.8522 -2.175 -1.6113 2.1016
1 0 1 2 77.427 -2.6896 5.1198 1.3656 -0.082072 -1.6238 -2.6107 -2.3447 -0.26035 -1.8712 -5.654 -2.5268 -2.2173 1.7668
1 0 1 2 76.851 -2.2473 5.3393 1.7588 -0.39743 -1.3107 -2.8245 -2.9497 -5.3022 -4.9129 -6.3204 1.1162 -3.4221 -1.7184
1 0 1 2 76.851 -2.2473 5.3393 1.7588 -0.39743 -1.3107 -2.8245 -2.9497 -5.3022 -4.9129 -6.3204 1.1162 -3.4221 -1.7184
1 0 1 2 77.188 -3.1163 4.5732 0.36775 -0.42749 -4.9296 -4.6787 -3.1413 -5.7394 -5.4675 -5.5702 0.9698 -2.168 0.26485
1 0 1 2 77.247 -3.2202 4.7538 0.26799 -0.044899 -4.5814 -4.7068 -2.4518 -5.0419 -5.1255 -5.2188 0.6012 -1.9875 0.7908
1 0 1 2 77.356 -3.1731 4.8926 0.31537 0.47304 -3.6052 -4.502 -1.6117 -4.2526 -4.7013 -4.7071 0.40659 -1.6817 1.182
1 0 1 2 77.378 -2.8716 5.7474 0.74685 -0.054748 0.54282 -3.6811 -0.54273 -4.3153 -3.8431 -2.9458 1.0734 -0.25067 1.2742
1 0 1 2 77.378 -2.8716 5.7474 0.74685 -0.054748 0.54282 -3.6811 -0.54273 -4.3153 -3.8431 -2.9458 1.0734 -0.25067 1.2742
1 0 1 2 77.267 -2.8383 6.3617 0.47223 -1.2638 0.65015 -4.4177 -1.4927 -4.8992 -5.6285 -3.6758 -0.29515 -0.24309 1.2884
1 0 1 2 77.102 -3.3591 5.4861 -0.21188 -0.83889 -1.3324 -5.0674 -2.5756 -5.4247 -7.6489 -4.1869 -2.6196 -1.8491 0.10286
1 0 1 2 77.011 -3.4333 4.8388 0.5701 -0.61111 -3.214 -4.0774 -2.5797 -4.2207 -5.2971 -4.6159 -2.9113 -3.1725 -1.4638
1 0 1 2 77.162 -3.0963 4.6204 1.3615 -1.0737 -3.2113 -3.0072 -0.9387 -3.065 -3.5319 -4.9567 -2.1558 -2.51 -1.0785
1 0 1 2 77.366 -2.7148 4.3896 2.2913 -1.1365 -1.82 -3.2591 -0.84263 -1.5171 -2.0916 -5.1913 -2.3566 -1.0665 -0.30109
1 0 1 2 77.429 -2.7093 4.5065 2.179 -0.74572 -1.4341 -3.2303 -1.5175 -1.215 -2.1904 -5.0829 -2.8411 -0.85908 -0.36597
1 0 1 2 77.469 -2.8074 4.5844 1.9007 -0.23467 -1.2429 -2.8153 -2.105 -1.1618 -2.3881 -5.128 -3.1165 -0.7417 -0.44664
1 0 1 2 77.669 -3.2785 4.7832 -0.80954 0.31796 -2.3267 -0.52009 -5.1741 -3.0436 -3.753 -4.7289 0.519 -2.0482 0.90788
1 0 1 2 77.669 -3.2785 4.7832 -0.80954 0.31796 -2.3267 -0.52009 -5.1741 -3.0436 -3.753 -4.7289 0.519 -2.0482 0.90788
1 0 1 2 77.713 -3.1243 5.0606 -0.74333 0.066168 -2.5023 -0.84473 -5.3962 -3.2075 -3.8895 -4.5283 0.6337 -2.7508 0.74598
1 0 1 2 77.698 -3.0242 5.302 -0.42181 -0.17193 -2.5212 -1.0352 -5.6309 -3.5055 -3.5724 -4.4867 0.56377 -2.8981 0.41007
1 0 1 2 77.23 -2.7695 5.7591 0.39393 0.57147 -0.58582 -0.81667 -1.7705 -5.3098 -2.4077 -2.4183 0.2452 -4.9366 -1.9218
1 0 1 2 77.27 -2.6607 6.2471 0.049578 0.76719 -0.37172 -1.5478 -0.55266 -5.626 -3.2693 -3.3628 -0.7258 -5.0202 -1.0776
1 0 1 2 77.287 -2.657 6.5476 0.023436 0.60454 -0.7638 -1.9004 -0.1633 -5.2771 -3.4195 -3.7117 -1.1463 -4.6809 -0.56204
1 0 1 2 77.305 -2.7164 6.7245 0.047697 0.62622 -1.1224 -2.3468 0.13603 -4.6201 -3.1705 -3.9703 -1.7624 -4.0595 -0.12949
1 0 1 2 77.353 -2.7264 6.8546 0.13521 0.62879 -1.243 -2.3716 0.28812 -3.9394 -2.7355 -3.797 -2.4013 -3.7919 -0.14676
1 0 1 2 77.353 -2.7264 6.8546 0.13521 0.62879 -1.243 -2.3716 0.28812 -3.9394 -2.7355 -3.797 -2.4013 -3.7919 -0.14676
1 0 1 2 77.421 -2.597 6.959 0.084951 0.098162 -0.83757 -2.4808 -0.16215 -2.3625 -1.6686 -2.6481 -2.6283 -4.1323 -1.0962
1 0 1 2 77.421 -2.597 6.959 0.084951 0.098162 -0.83757 -2.4808 -0.16215 -2.3625 -1.6686 -2.6481 -2.6283 -4.1323 -1.0962
1 0 1 2 77.441 -2.3355 6.5344 -0.029228 -0.62282 0.27529 -2.7753 -1.376 -2.4779 -0.32785 -1.5715 -1.6324 -4.1685 -0.61466
1 0 1 2 77.106 -2.6282 5.1256 1.428 -3.1125 -0.20331 -2.0936 1.7598 -2.479 -0.40223 -4.5502 -1.7897 -2.6816 1.823
1 0 1 2 76.977 -2.8422 5.2478 1.7063 -3.4635 -0.60919 -1.8852 2.4546 -2.1487 -0.28047 -5.2599 -1.9941 -2.6092 1.3561
1 0 1 2 76.977 -2.8422 5.2478 1.7063 -3.4635 -0.60919 -1.8852 2.4546 -2.1487 -0.28047 -5.2599 -1.9941 -2.6092 1.3561
1 0 1 2 76.972 -3.1 5.6407 1.6715 -3.3838 -1.439 -2.547 2.7367 -1.6854 -0.30512 -5.8707 -1.3026 -2.0514 0.38266
1 0 1 2 77.084 -3.2783 5.9152 1.1751 -2.6118 -1.317 -3.7974 2.3024 -1.1256 -0.5577 -6.1219 -0.061145 -1.4674 -0.68315
1 0 1 2 77.221 -3.3649 5.652 0.82393 -2.3182 -0.92557 -4.09 2.3713 -0.94649 -1.8896 -6.6427 -0.39626 -0.91995 -0.46665
1 0 1 2 77.283 -3.4382 5.4166 0.77083 -2.1851 -0.6825 -3.8612 2.3851 -1.5517 -2.5447 -6.7816 -0.59818 -1.0369 -0.27593
1 0 1 2 77.33 -3.4896 5.1697 0.75142 -2.0554 -0.3857 -3.3421 2.1974 -2.1364 -2.9505 -6.8106 -0.62477 -1.4271 -0.13205
1 0 1 2 77.274 -3.3599 4.9293 1.1905 -1.1176 0.97786 -1.4184 1.3767 -2.3328 -2.562 -6.1127 0.29882 -2.8682 -0.51734
1 0 1 2 77.259 -3.3372 4.842 1.4205 -0.60866 0.99487 -1.4311 0.98759 -2.225 -2.0774 -5.441 0.74923 -2.9242 -0.91837
1 0 1 2 77.283 -3.227 4.9818 2.9709 1.4338 -0.74311 -4.6945 -0.5758 -1.9371 -0.66454 -3.2411 1.4768 -2.8503 -1.1356
1 0 1 2 77.612 -3.2955 5.7487 2.269 -0.13616 -0.025421 -3.5511 -1.6111 -2.9807 -1.8493 -3.8995 0.5395 -2.1513 1.0608
1 0 1 2 77.612 -3.2955 5.7487 2.269 -0.13616 -0.025421 -3.5511 -1.6111 -2.9807 -1.8493 -3.8995 0.5395 -2.1513 1.0608
1 0 1 2 77.692 -3.4083 5.8112 2.2823 -0.44504 -0.25649 -3.5407 -2.1227 -3.3178 -2.5401 -3.9209 0.0089856 -2.021 1.7281
1 0 1 2 77.885 -3.6896 5.0828 2.1289 -1.0963 -1.979 -4.6235 -3.4036 -3.6064 -2.8245 -2.1724 -1.3483 -3.1297 2.6768
1 0 1 2 77.885 -3.6896 5.0828 2.1289 -1.0963 -1.979 -4.6235 -3.4036 -3.6064 -2.8245 -2.1724 -1.3483 -3.1297 2.6768
1 0 1 2 77.896 -3.591 5.0805 2.0883 -1.1656 -2.6972 -5.1888 -3.5173 -3.3676 -2.3047 -1.0022 -1.293 -3.9606 2.3549
1 0 1 2 77.896 -3.591 5.0805 2.0883 -1.1656 -2.6972 -5.1888 -3.5173 -3.3676 -2.3047 -1.0022 -1.293 -3.9606 2.3549
1 0 1 2 77.867 -3.5029 5.4329 1.8911 -0.98837 -3.2054 -6.2136 -3.41 -2.6671 -1.1519 0.43924 -0.41533 -5.4629 0.71875
1 0 1 2 77.862 -3.7359 5.3357 1.8192 -0.71939 -0.85508 -3.6785 -2.2719 -0.91981 -0.71324 -1.4647 1.2648 -4.144 -0.25812
1 0 1 2 77.862 -3.7359 5.3357 1.8192 -0.71939 -0.85508 -3.6785 -2.2719 -0.91981 -0.71324 -1.4647 1.2648 -4.144 -0.25812
1 0 1 2 77.842 -3.8038 5.0895 1.8061 -0.54584 -0.044677 -3.1116 -2.3559 -1.0201 -1.0714 -2.9177 1.371 -3.46 0.10371
1 0 1 2 77.782 -3.9168 4.8257 1.7446 -0.47208 0.6121 -2.6797 -2.6014 -1.2769 -1.5673 -4.0766 1.3029 -2.9605 0.5127
1 0 1 2 77.782 -3.9168 4.8257 1.7446 -0.47208 0.6121 -2.6797 -2.6014 -1.2769 -1.5673 -4.0766 1.3029 -2.9605 0.5127
1 0 1 2 77.387 -3.9972 4.5175 1.7403 -1.4272 1.0656 -2.0107 -3.6568 -2.5628 -2.7276 -5.7392 1.4526 -1.7102 1.3126
