0 1 1 3 78.994 -2.6868 5.2907 3.0275 -1.618 0.092802 -3.3088 3.4762 -3.0243 -3.0919 -0.43683 0.68318 -0.029013 1.1022
0 1 1 3 78.29 -3.5171 5.1423 4.5906 -2.8588 -0.57169 -3.954 -2.4061 -6.2129 -4.9377 -0.64287 1.3245 1.2998 0.8131
0 1 1 3 78.551 -3.6993 4.4308 4.6662 -3.0916 -0.60076 -3.4467 -1.1545 -3.9564 -4.097 -2.1565 -0.65737 0.26902 2.0527
0 1 1 3 78.655 -4.0629 3.8448 3.9984 -3.1678 -0.011463 -2.9841 0.80285 -2.4072 -2.7481 -2.9023 -2.7192 -1.1005 2.3047
0 1 1 3 78.655 -4.0629 3.8448 3.9984 -3.1678 -0.011463 -2.9841 0.80285 -2.4072 -2.7481 -2.9023 -2.7192 -1.1005 2.3047
0 1 1 3 78.243 -4.6477 3.8796 1.9838 -3.3226 2.691 -4.248 2.9901 -2.2793 -0.47168 0.60352 -0.46723 -3.6521 -0.67885
0 1 1 3 78.293 -4.7245 3.7786 2.3099 -3.6039 2.8428 -3.519 3.2225 -2.6245 -1.3693 0.29368 -0.58255 -3.3288 -1.5623
0 1 1 3 80.428 -5.0005 1.5752 3.7455 -1.2318 3.6346 -2.1475 -1.843 -7.862 -3.3771 2.071 0.26299 -4.6617 -1.2442
0 1 1 3 80.428 -5.0005 1.5752 3.7455 -1.2318 3.6346 -2.1475 -1.843 -7.862 -3.3771 2.071 0.26299 -4.6617 -1.2442
0 1 1 3 80.459 -5.4684 2.114 5.2843 -1.0985 5.2657 -2.6315 -2.0795 -6.7592 -3.9053 -0.40717 -1.8574 -4.1941 -0.66786
0 1 1 3 80.38 -5.3512 2.492 5.3945 -2.5146 4.509 -2.9672 -0.55337 -5.5262 -2.7817 -1.496 -2.6334 -3.0636 -1.1232
0 1 1 3 80.076 -5.1611 1.7124 3.9816 -4.2138 2.1277 -3.2935 2.3773 -3.7721 -2.6715 -1.3786 -1.3557 -1.0253 -3.1255
0 1 1 3 80.027 -5.292 1.0681 3.5336 -4.3107 1.1474 -3.5438 3.2162 -3.4108 -3.1074 -1.3458 -0.67626 -0.67067 -3.3644
0 1 1 3 81.112 -6.5903 -1.7941 6.6126 -0.81256 0.59682 -1.3025 4.3929 -1.9218 -1.7794 -2.6211 -2.8862 -3.7141 -1.8502
0 1 1 3 81.112 -6.5903 -1.7941 6.6126 -0.81256 0.59682 -1.3025 4.3929 -1.9218 -1.7794 -2.6211 -2.8862 -3.7141 -1.8502
0 1 1 3 81.112 -6.5903 -1.7941 6.6126 -0.81256 0.59682 -1.3025 4.3929 -1.9218 -1.7794 -2.6211 -2.8862 -3.7141 -1.8502
0 1 1 3 81.17 -6.4503 -1.4834 6.9014 -0.15443 0.79625 -0.88162 3.9578 -2.199 -2.215 -2.4247 -3.3487 -3.6995 -1.8814
0 1 1 3 80.891 -5.6401 0.1048 6.6308 0.64602 1.1684 -0.25575 2.5007 -3.386 -2.9582 -0.94833 -2.1623 -2.1936 -1.6125
0 1 1 3 80.492 -4.546 0.4887 3.2847 0.2607 0.89149 -0.6769 0.32527 -3.4749 -2.3092 1.0441 0.76881 -2.069 -3.802
0 1 1 3 80.657 -4.3644 0.53425 3.2916 0.62466 1.1019 -0.54658 0.41006 -3.9005 -2.4342 0.93442 0.3908 -2.0196 -3.8218
0 1 1 3 80.738 -4.1996 0.8951 3.3086 1.0117 1.4028 -0.17099 0.77717 -4.0438 -2.5266 0.98491 0.20381 -1.7112 -3.39
0 1 1 3 80.713 -4.0669 1.4579 3.173 1.2673 1.5432 0.15149 1.1929 -3.9487 -2.5378 0.92755 -0.0073256 -1.3433 -2.7993
