1 0 1 2 78.297 -4.8012 3.7624 2.4695 -1.0805 -4.0387 -2.3906 0.063475 -2.3783 -6.6747 -1.4344 1.0138 -4.063 -0.3987
1 0 1 2 78.347 -4.6167 3.9469 2.2893 -2.0431 -3.892 -2.8001 -0.59721 -1.8318 -7.1181 -0.34248 3.1945 -3.5999 -0.52746
1 0 1 2 78.703 -5.3855 3.7104 1.3256 -2.7566 -4.7649 -4.1049 2.2209 -2.5738 -4.1736 -1.5296 1.3374 -5.0981 0.88691
1 0 1 2 78.703 -5.3855 3.7104 1.3256 -2.7566 -4.7649 -4.1049 2.2209 -2.5738 -4.1736 -1.5296 1.3374 -5.0981 0.88691
1 0 1 2 78.645 -5.6701 3.4062 1.7508 -1.7859 -3.6066 -3.7339 1.7675 -2.4308 -2.9287 -1.4115 -0.071389 -5.3945 -0.070438
1 0 1 2 78.623 -5.6514 4.316 2.6542 -5.0046 -1.8651 -1.3004 -0.77665 -3.0241 -7.4948 -1.1246 1.2402 -3.2696 1.042
1 0 1 2 78.671 -5.7653 4.3989 3.3089 -5.1532 -0.80081 -0.84311 -2.104 -4.5882 -7.6795 -0.66399 2.7573 -1.2471 2.3258
1 0 1 2 78.892 -5.9718 3.7779 2.4122 -3.1175 -0.96542 -1.248 0.36546 -5.1304 -4.7192 -2.3742 0.63593 -2.7788 -0.68591
1 0 1 2 78.935 -5.902 4.0733 2.065 -3.482 -1.6913 -2.1995 0.72298 -6.3837 -4.6009 -2.0342 0.27136 -3.0754 -1.9011
1 0 1 2 79.282 -5.4999 4.5099 0.59435 -3.1081 -4.1511 -1.702 1.6691 -3.152 -7.239 -1.2463 0.70386 -2.2921 -0.85545
1 0 1 2 79.205 -5.7561 4.6042 1.2383 -3.7094 -3.3951 -2.2205 2.6049 -3.5865 -6.2671 -2.7167 -0.41475 -6.0748 -1.6724
1 0 1 2 79.373 -5.6708 5.0303 2.8534 -3.5623 -2.7187 -1.6643 3.0588 -2.7039 -5.6472 -2.9065 0.15794 -5.3547 -2.7562
1 0 1 2 81.446 -7.6865 5.5339 7.7232 -3.8326 1.8758 -2.2677 0.45057 -1.5688 -7.8586 -0.91665 -5.8927 -4.0209 -3.3323
1 0 1 2 81.446 -7.6865 5.5339 7.7232 -3.8326 1.8758 -2.2677 0.45057 -1.5688 -7.8586 -0.91665 -5.8927 -4.0209 -3.3323
1 0 1 2 80.297 -5.4683 7.4047 4.3375 -3.45 -0.16587 -1.3006 -1.2496 -7.4008 -11.506 -0.30431 -3.5541 -4.8378 -2.4226
1 0 1 2 79.595 -5.7735 5.3914 0.59108 -3.0114 -1.6826 -3.3889 -3.5089 -3.9711 -5.9411 -0.34316 2.558 -2.633 -1.3708
1 0 1 2 79.498 -6.0472 5.5506 0.29265 -4.5446 0.85965 -0.57024 0.40182 -2.9344 -7.8261 -2.5082 0.78801 -2.808 -1.6919
1 0 1 2 79.455 -5.4576 3.6385 2.8554 -2.4653 -3.6649 -7.1227 -2.2957 -4.8898 -6.3691 0.53991 0.83683 0.59492 -1.0546
1 0 1 2 79.454 -5.4914 3.4088 2.7905 -2.9443 -3.8247 -7.1511 -2.36 -4.6446 -5.9478 0.20731 1.1481 0.37843 -1.4781
1 0 1 2 79.208 -5.3787 4.1601 2.7506 -2.9913 -1.1482 -4.1969 -1.1053 -2.5395 -4.7902 0.14444 2.8777 -3.9368 -2.7501
1 0 1 2 79.161 -5.2571 4.6657 3.0401 -2.6288 -0.9107 -4.3097 -1.3554 -3.3493 -5.0397 0.433 2.3823 -3.1409 -2.6571
1 0 1 2 79.077 -4.0672 5.7968 3.5729 -1.5165 -2.7282 -1.7109 2.2372 -3.2371 -3.4116 -1.4077 2.1646 -0.98057 0.20806
1 0 1 2 79.296 -5.314 2.9302 3.6899 -0.15974 -3.1277 -4.2367 -0.77369 -1.4291 -6.2641 -0.42418 3.2958 -1.4446 0.0031035
1 0 1 2 79.315 -5.4909 2.7206 3.3581 -0.70685 -3.4781 -4.5008 -0.87479 -0.92435 -6.3331 -0.085976 3.87 -1.1954 -0.27965
1 0 1 2 79.371 -5.5373 2.7424 3.0892 -1.1536 -3.8238 -4.7032 -1.1374 -0.93634 -6.3235 0.065094 4.4134 -1.0229 -0.68774
1 0 1 2 79.396 -5.5561 3.0085 2.9364 -1.5586 -4.0116 -4.5782 -1.2896 -1.33 -6.2457 0.055602 5.1687 -0.89495 -0.74678
1 0 1 2 79.413 -5.5213 4.3277 2.794 -2.5408 -3.4743 -3.183 0.05414 -3.6952 -5.805 -0.085068 5.1939 -0.3102 0.018089
1 0 1 2 79.202 -5.9054 4.1038 2.2372 -2.4429 -0.63491 -3.4434 1.1565 -2.8201 -5.4084 0.34432 2.5675 0.43824 0.6767
1 0 1 2 79.29 -5.6283 4.197 4.1717 -1.0755 -1.2806 -6.052 -0.92304 -6.7444 -7.792 -0.98409 4.989 -1.8599 -4.3578
1 0 1 2 79.399 -5.2575 4.0404 4.6953 -1.4469 -0.88894 -5.7747 0.61452 -6.3729 -8.0921 -1.2719 4.6367 -0.7238 -3.9667
1 0 1 2 79.316 -5.079 3.583 4.3446 -2.1533 -1.5732 -4.2848 3.0854 -5.436 -7.863 -2.7961 2.81 -0.8728 -2.5764
1 0 1 2 79.304 -5.0966 3.3919 4.3068 -2.1577 -1.9711 -3.9011 3.7541 -4.9012 -7.0794 -3.2596 2.0845 -1.1394 -2.0822
1 0 1 2 78.907 -4.8201 3.4862 3.9821 -2.9457 -3.3094 -3.6224 2.4143 -2.5461 -6.7708 -0.81589 3.3048 -0.94407 1.2949
1 0 1 2 78.736 -5.0805 3.7932 3.6002 -4.533 -3.7621 -3.2243 2.1534 -5.5364 -8.226 1.8712 4.7872 -2.3956 -0.58689
1 0 1 2 78.736 -5.0805 3.7932 3.6002 -4.533 -3.7621 -3.2243 2.1534 -5.5364 -8.226 1.8712 4.7872 -2.3956 -0.58689
1 0 1 2 78.759 -4.7269 3.8469 3.3711 -4.1658 -3.7047 -4.0593 1.3006 -5.9795 -7.8374 0.65953 4.2082 -3.1051 -1.1412
1 0 1 2 78.972 -4.0583 4.4294 4.7179 -2.9482 -2.5547 -6.1453 -3.4189 -5.3285 -8.2596 -1.5964 1.5642 -3.5152 -0.85785
1 0 1 2 78.872 -3.3921 4.7127 4.5369 -3.5346 -2.6935 -6.5546 -4.7263 -6.465 -6.7464 -1.2932 0.24287 -1.64 0.16931
1 0 1 2 78.546 -3.4409 5.7175 2.9457 -0.81986 -1.6174 -5.1551 0.80609 -4.5642 -3.3743 -1.6786 1.8033 -2.0416 -0.88017
1 0 1 2 78.516 -4.8634 3.9881 4.0125 -1.604 -2.9009 -5.5948 2.651 -4.4256 -5.6014 -2.041 2.74 -2.9449 0.48961
1 0 1 2 78.165 -4.9951 2.9428 2.7863 -2.9023 -1.8484 -5.5445 -1.7103 -4.1742 -2.6447 -4.9862 -0.49257 -3.119 0.10931
1 0 1 2 78.314 -5.0006 2.958 2.793 -3.3883 -1.4001 -4.9998 -0.64568 -4.6827 -4.0452 -3.6465 0.74099 -1.3609 -0.39932
1 0 1 2 78.268 -4.7881 2.7563 2.456 -3.5681 -1.9793 -3.8109 -0.031832 -4.7816 -3.8426 -2.5905 1.7651 -0.80131 -0.93135
1 0 1 2 78.685 -4.2162 3.4128 2.3711 -3.3773 -0.7125 -2.344 -2.8241 -4.9096 -6.7107 -2.4296 3.9881 -1.9528 -1.715
1 0 1 2 78.377 -4.3996 4.002 3.8502 -3.4811 0.088547 -1.2908 -2.7187 -4.5262 -6.1321 -1.2267 5.9272 -1.1737 -1.9612
1 0 1 2 78.308 -4.9727 2.641 3.6842 -4.1082 -2.5935 -2.1877 1.8517 -2.112 -6.9737 -3.084 3.8873 -2.8942 2.1741
1 0 1 2 78.453 -4.8032 1.7966 2.9969 -2.8884 -0.45656 -5.6195 1.5208 -1.9385 -8.6481 -2.4621 1.1157 -3.0258 3.719
1 0 1 2 78.439 -3.5425 4.8962 2.6325 0.30892 0.65011 -7.6033 0.20228 -4.5936 -2.89 -1.0051 -2.559 -1.9782 -1.0462
1 0 1 2 78.833 -2.3679 5.3303 3.3365 1.0557 -2.5048 -4.7831 -1.9872 -7.4796 -2.0367 -0.086699 1.2159 -1.4264 0.81606
1 0 1 2 78.72 -2.4032 5.4332 3.1783 0.87995 -2.1696 -4.7284 -2.2087 -7.9641 -2.0582 -0.49485 1.2398 -1.9284 0.78594
1 0 1 2 78.399 -5.0866 4.1869 1.8938 1.7725 -3.8511 -5.4361 0.74751 -6.7997 -1.976 -2.8067 -3.7645 -0.67261 2.9067
1 0 1 2 78.32 -4.4908 5.3203 0.64867 -2.1526 -2.6792 -6.9789 -1.3157 -5.1941 -3.8062 -0.21798 0.16646 -2.55 -1.3587
1 0 1 2 77.987 -4.5865 4.3514 0.86094 -1.3501 -3.3533 -5.9872 -0.97584 -4.5402 -6.8568 -0.093664 -1.422 -3.0994 0.53219
