0 0 1 2 75.898 0.88714 5.6463 3.1646 -1.4169 -0.67489 -1.8422 -4.1446 -2.3167 -3.0962 -1.3302 -0.39156 -3.3048 -3.6197
0 0 1 2 75.626 0.14464 5.2638 3.0181 -1.8474 -1.6069 -3.1059 -4.3466 -2.6212 -2.9386 -1.9717 -0.80576 -4.6121 -4.6894
0 0 1 2 75.471 -0.69484 3.5407 1.4929 -1.9218 -2.9095 -4.3023 -2.5092 -4.5532 -2.7342 -1.035 -1.762 -2.8826 -5.4878
0 0 1 2 76.403 -0.31256 3.0898 2.0942 -1.6312 -2.3774 -1.8159 -0.2916 -3.4758 -4.7691 -0.62118 -3.223 -2.0851 -0.74094
0 0 1 2 76.403 -0.31256 3.0898 2.0942 -1.6312 -2.3774 -1.8159 -0.2916 -3.4758 -4.7691 -0.62118 -3.223 -2.0851 -0.74094
0 0 1 2 76.403 -0.31256 3.0898 2.0942 -1.6312 -2.3774 -1.8159 -0.2916 -3.4758 -4.7691 -0.62118 -3.223 -2.0851 -0.74094
0 0 1 2 76.446 -0.37949 2.5488 1.393 -1.9499 -1.4852 0.33735 1.3605 -4.4733 -4.7509 0.18435 -2.3794 -3.5948 -0.70943
0 0 1 2 76.408 -0.45915 2.3559 1.1837 -1.9761 -1.5511 0.48868 1.0389 -4.3728 -4.7328 0.14029 -2.5185 -4.0958 -0.65776
0 0 1 2 76.408 -0.45915 2.3559 1.1837 -1.9761 -1.5511 0.48868 1.0389 -4.3728 -4.7328 0.14029 -2.5185 -4.0958 -0.65776
0 0 1 2 76.348 -0.85767 1.7119 2.2644 -1.7023 -3.2589 -3.8027 -4.4349 -0.62691 -1.9366 -0.44783 -0.59658 -2.8699 -3.5982
0 0 1 2 76.348 -0.85767 1.7119 2.2644 -1.7023 -3.2589 -3.8027 -4.4349 -0.62691 -1.9366 -0.44783 -0.59658 -2.8699 -3.5982
0 0 1 2 76.532 -0.83033 2.1189 2.4351 -1.5776 -3.3402 -5.1571 -5.0262 -0.94935 -2.3152 0.22743 -0.29064 -2.6544 -3.9828
0 0 1 2 76.605 -0.81132 2.3334 2.2039 -1.7397 -2.9146 -5.286 -4.8589 -1.0045 -2.8962 0.2637 -0.33581 -2.6661 -4.0552
0 0 1 2 76.605 -0.81132 2.3334 2.2039 -1.7397 -2.9146 -5.286 -4.8589 -1.0045 -2.8962 0.2637 -0.33581 -2.6661 -4.0552
0 0 1 2 76.617 -0.80129 3.0562 1.0039 -2.4244 -1.1851 -2.8393 -2.8962 -0.91718 -3.5427 -0.09191 -1.319 -2.5917 -4.2025
0 0 1 2 76.048 -1.9425 3.3222 1.8107 -2.4075 -4.0467 -3.0871 0.78361 -1.8484 -5.2478 -0.02602 -3.1854 -1.9004 -2.4662
0 0 1 2 76.181 -1.6243 4.6905 3.6375 -1.7017 -3.9478 -4.6309 1.612 -1.3334 -4.1936 -1.3911 -4.039 -2.1885 -2.9354
0 0 1 2 76.242 -1.4385 4.8496 3.5276 -1.4526 -4.1401 -4.6836 1.5351 -1.3794 -3.8295 -1.2879 -4.3746 -2.5348 -2.8489
0 0 1 2 76.303 -1.2641 4.8595 3.2436 -1.3294 -4.0305 -4.1472 1.2783 -1.6099 -3.5512 -1.1761 -4.2972 -2.9397 -2.9402
0 0 1 2 76.514 -1.1258 4.0825 2.434 -2.1277 -2.4115 -1.3746 -0.2052 -2.9876 -3.7601 0.44738 -2.3894 -3.1007 -2.7971
0 0 1 2 76.727 -0.92345 4.0698 2.9856 -2.9082 -0.99355 -0.48713 -2.2651 -3.7933 -5.4779 0.31341 -2.7858 -3.2218 -2.2326
0 0 1 2 76.852 -0.37145 4.6588 3.9546 -2.6678 -0.12227 -0.1256 -4.2128 -4.5408 -6.8595 -1.2167 -4.4394 -2.7357 -1.3485
0 0 1 2 76.726 0.17794 5.313 4.3793 -2.3836 -0.025082 0.32386 -4.7747 -4.4998 -6.5039 -2.4076 -5.7264 -1.703 -0.91522
0 0 1 2 76.336 0.37743 5.7586 3.9088 -1.5376 -1.9236 0.94083 -1.6475 -4.8497 -2.4767 -0.68033 -3.419 -2.8404 -2.2921
0 0 1 2 76.438 0.65357 6.3044 3.9627 -1.0672 -1.001 1.1255 -1.4984 -6.3681 -3.0427 0.4203 -2.7519 -4.4004 -3.1121
0 0 1 2 76.493 0.64072 6.2157 3.2604 -0.45043 -0.029997 0.87942 -2.9782 -7.1602 -3.3407 1.4763 -3.3185 -5.2248 -4.2096
0 0 1 2 76.395 -0.9438 4.0689 0.1831 -0.64689 0.38589 -2.6173 -6.1306 -4.8581 -0.34004 -0.13415 -4.1181 -4.107 -5.2157
0 0 1 2 76.444 -1.4041 3.7423 0.010052 -1.8377 -0.3292 -1.7187 -3.2576 -4.9506 -1.8502 -2.17 -5.1975 -3.7739 -4.4196
0 0 1 2 76.444 -1.4041 3.7423 0.010052 -1.8377 -0.3292 -1.7187 -3.2576 -4.9506 -1.8502 -2.17 -5.1975 -3.7739 -4.4196
0 0 1 2 76.36 -1.3971 3.6496 -0.087972 -2.1195 -0.4548 -1.4353 -2.6209 -5.0343 -2.3941 -2.6341 -5.1571 -4.0141 -4.9081
0 0 1 2 75.973 -1.3758 2.9324 -0.31949 -1.8487 -2.8237 -1.0206 -3.0668 -5.3222 -3.9996 -3.9779 -2.775 -4.3743 -6.1254
0 0 1 2 76.069 -1.6146 2.855 -0.085368 -0.83457 -3.5766 -0.14518 -2.6026 -4.8626 -3.9806 -3.6012 -1.6398 -3.7059 -7.3088
0 0 1 2 76.369 -1.7316 2.7497 -0.33254 -1.1073 -3.6134 1.0383 -1.2668 -3.0969 -2.525 -1.8785 -0.74559 -2.5249 -8.1804
0 0 1 2 76.518 -1.7541 2.6382 -0.47659 -1.6081 -3.2228 1.7659 -1.0609 -1.9915 -1.5365 -0.80059 -0.067367 -2.062 -8.1514
0 0 1 2 76.518 -1.7541 2.6382 -0.47659 -1.6081 -3.2228 1.7659 -1.0609 -1.9915 -1.5365 -0.80059 -0.067367 -2.062 -8.1514
0 0 1 2 76.637 -1.7294 2.6329 -0.4224 -2.3441 -2.7451 2.3037 -1.2958 -1.2921 -1.0119 0.074316 0.58656 -1.9031 -7.7417
0 0 1 2 76.643 -1.4344 2.9678 1.0797 -3.7459 -0.94899 1.9122 -2.9349 -0.89044 -0.87345 1.6736 0.70466 -2.3784 -5.1081
0 0 1 2 76.383 -1.1473 3.223 2.7114 -3.3936 -0.79501 0.025794 -3.5038 -0.32517 -2.2491 0.99428 -0.75669 -4.0759 -4.1942
0 0 1 2 76.407 -1.1522 3.4943 1.9713 -1.7372 -1.6654 -2.6651 -4.273 -0.83584 -5.2448 -0.78994 -2.5534 -3.9455 -3.768
0 0 1 2 76.749 -1.1312 3.8609 0.84654 -0.74427 -0.62198 -3.4137 -4.8282 -2.3478 -4.1096 -0.62955 -1.6392 -2.0096 -3.3577
0 0 1 2 76.847 -1.1568 3.7313 0.62738 -0.56953 0.068163 -3.6001 -4.6809 -2.4847 -3.4763 -0.59311 -1.8017 -1.5912 -3.1344
0 0 1 2 76.919 -1.1897 3.5023 0.63833 -0.45876 0.53089 -3.5365 -4.2603 -2.5346 -3.128 -0.44351 -2.2509 -1.499 -2.8055
0 0 1 2 76.946 -1.1649 3.1916 0.78018 -0.28562 0.68342 -3.3789 -3.5989 -2.5009 -2.8994 -0.0082385 -2.7909 -1.6147 -2.5079
0 0 1 2 76.883 -1.1099 2.5938 1.1015 0.17305 1.1422 -2.5201 -2.3593 -2.6023 -1.1326 2.0363 -3.9731 -2.2481 -2.1087
0 0 1 2 76.883 -1.1099 2.5938 1.1015 0.17305 1.1422 -2.5201 -2.3593 -2.6023 -1.1326 2.0363 -3.9731 -2.2481 -2.1087
0 0 1 2 76.568 -1.4635 2.7718 1.6737 -0.042891 1.9501 -2.0546 -1.8067 -4.1742 1.2183 2.9198 -4.1799 -1.9021 -2.9436
0 0 1 2 76.395 -1.4981 2.6806 2.3765 -0.71041 1.0248 -2.7406 -1.4433 -4.788 0.8341 2.6898 -3.6785 -1.0361 -2.8462
0 0 1 2 76.395 -1.4981 2.6806 2.3765 -0.71041 1.0248 -2.7406 -1.4433 -4.788 0.8341 2.6898 -3.6785 -1.0361 -2.8462
0 0 1 2 76.382 -1.4889 2.5934 2.58 -0.85539 0.45736 -2.9948 -1.6155 -4.4699 0.43509 2.2451 -3.7481 -1.2498 -2.5106
0 0 1 2 76.298 -1.3267 3.3136 4.1103 -2.3018 -0.4339 -1.1573 -2.8562 0.17445 -1.4824 -0.1966 -2.5701 -2.0028 -2.8149
0 0 1 2 76.279 -0.39388 5.3485 4.6461 -2.2377 -0.90855 -2.3491 -4.5446 -2.1752 -4.1898 -0.34298 -2.7925 -2.7958 -3.5725
0 0 1 2 76.424 -0.20261 4.8037 3.5783 -1.7003 -0.76615 -3.1964 -5.7146 -4.0697 -5.2576 -0.65905 -3.5441 -4.3091 -4.3548
0 0 1 2 76.426 -0.19714 4.2163 3.3433 -1.3726 -0.16868 -3.7724 -6.0425 -5.161 -5.0381 -1.096 -4.0846 -4.6349 -3.7026
0 0 1 2 76.412 -0.29716 4.0992 3.4805 -1.2043 0.12658 -3.8187 -5.6714 -5.1765 -4.2016 -1.3751 -3.8582 -4.4051 -3.1842
0 0 1 2 76.361 -0.30023 4.3805 3.5442 -1.7724 -0.092554 -2.7864 -2.2102 -3.1144 -0.78248 -2.375 -2.1463 -2.5527 -1.7896
0 0 1 2 76.47 -0.61401 4.8006 3.6825 -1.7833 -0.40244 -1.9574 -0.30676 -2.1692 0.013793 -1.616 -1.2329 -2.227 -1.9791
0 0 1 2 76.647 -1.0336 4.2147 3.673 -2.3379 0.49769 -1.9656 -0.67385 -2.9638 -0.57649 0.048277 -0.35545 -3.4973 -2.4496
0 0 1 2 76.711 -1.2395 3.7565 3.4388 -2.7357 0.88136 -1.7184 -0.87542 -3.4701 -1.0498 0.75327 -0.5096 -4.1793 -2.5697
0 0 1 2 76.488 -1.5481 2.7756 2.6383 -3.5654 1.5998 -0.62073 -1.1493 -4.0856 -2.9296 0.79583 -2.548 -6.0026 -2.8242
0 0 1 2 76.488 -1.5481 2.7756 2.6383 -3.5654 1.5998 -0.62073 -1.1493 -4.0856 -2.9296 0.79583 -2.548 -6.0026 -2.8242
0 0 1 2 76.367 -1.4279 2.6652 2.3987 -3.851 0.21617 -3.5406 -3.4606 -4.9343 -3.5953 -1.5606 -5.3046 -5.1133 -2.9671
0 0 1 2 76.495 -1.2302 2.5698 1.555 -4.3355 -1.6149 -6.8107 -4.4885 -6.1987 -4.6632 -1.2914 -3.9634 -4.0278 -2.3047
0 0 1 2 76.491 -1.1372 2.5622 1.2906 -4.4699 -1.9559 -7.1596 -4.2396 -5.7241 -4.9235 -1.1549 -3.3727 -4.1062 -2.1327
0 0 1 2 76.989 -1.2685 1.7128 3.6368 -0.63854 -2.7371 -4.8431 1.3483 -2.0834 -5.5978 -2.8872 -4.2323 -4.1363 -2.555
0 0 1 2 77.003 -1.3714 1.7802 3.6997 -0.70491 -2.7026 -4.879 1.1312 -2.6783 -5.9243 -2.9881 -4.5099 -4.3824 -2.1604
0 0 1 2 77.003 -1.3714 1.7802 3.6997 -0.70491 -2.7026 -4.879 1.1312 -2.6783 -5.9243 -2.9881 -4.5099 -4.3824 -2.1604
0 0 1 2 76.565 -1.0318 2.8139 2.1556 -3.951 0.21189 -3.1206 -2.2949 -1.9068 -3.4933 -1.4017 -1.7238 -5.0697 -2.3298
0 0 1 2 76.892 -1.1596 2.2931 3.4701 -2.4095 0.76787 -2.4252 -2.3295 -1.0047 -3.9124 -2.3015 -2.6808 -6.222 -1.8206
0 0 1 2 76.758 -1.6719 2.4037 3.9446 -1.9655 0.30227 -2.2058 -1.5776 -0.36906 -4.9406 -2.9274 -3.3868 -7.1627 -1.4913
0 0 1 2 76.671 -1.9425 2.6263 3.916 -2.0535 0.047824 -2.2566 -0.67648 -0.5472 -5.6789 -3.0122 -3.9069 -7.5037 -1.7937
0 0 1 2 76.409 -2.3576 3.2154 2.977 -2.2012 -0.0017155 -1.9348 1.5782 -2.0523 -5.8862 -1.5072 -4.2838 -8.3598 -3.2347
0 0 1 2 76.409 -2.3576 3.2154 2.977 -2.2012 -0.0017155 -1.9348 1.5782 -2.0523 -5.8862 -1.5072 -4.2838 -8.3598 -3.2347
0 0 1 2 76.409 -2.3576 3.2154 2.977 -2.2012 -0.0017155 -1.9348 1.5782 -2.0523 -5.8862 -1.5072 -4.2838 -8.3598 -3.2347
0 0 1 2 76.428 -2.0821 3.0867 2.2413 -1.6461 0.80457 -2.154 1.2215 -3.9615 -4.8908 -0.072872 -4.5689 -8.0786 -3.5959
0 0 1 2 76.435 -1.6876 2.6777 1.8411 -0.92222 1.5321 -2.7872 0.4097 -5.0141 -4.1344 -0.24707 -5.065 -6.3649 -3.249
0 0 1 2 76.521 -1.2502 2.3218 1.9711 -1.0263 1.8651 -3.109 -0.91975 -6.0204 -3.9919 -0.92716 -4.5915 -2.9251 -2.3126
0 0 1 2 76.871 -0.6273 2.1839 1.9888 -2.1962 0.4091 -0.54551 -2.0468 -5.7371 -3.6854 0.80315 -2.5092 -2.6454 -1.4607
0 0 1 2 76.979 -0.60239 2.4138 2.0407 -1.9247 -0.076847 -0.065555 -1.0977 -4.5158 -3.3386 1.1547 -1.6094 -2.8078 -1.4384
0 0 1 2 77.01 -0.64663 2.6395 2.0582 -1.5727 0.052299 -0.17956 -0.44554 -3.9755 -3.4089 0.78492 -1.7024 -2.9071 -1.515
0 0 1 2 76.917 -0.73495 3.49 2.2405 -0.50313 0.34184 -1.6636 0.55947 -2.4252 -3.6406 -1.1904 -1.8 -2.4405 -1.0503
0 0 1 2 76.812 -0.31419 4.1932 3.2559 -0.33088 -0.25253 -2.5451 0.014065 -0.88861 -2.6277 -1.3359 -1.4884 -2.0634 -0.34778
0 0 1 2 76.74 0.16044 4.506 3.6942 -1.0033 -1.2363 -3.0144 -0.56139 -1.4515 -1.6794 0.053074 -1.0846 -2.3714 -0.56491
0 0 1 2 76.78 0.19664 4.5547 3.7089 -1.7842 -2.2086 -3.0464 -1.2519 -3.4267 -1.7807 0.85264 -1.0063 -3.2014 -1.1479
0 0 1 2 76.78 0.19664 4.5547 3.7089 -1.7842 -2.2086 -3.0464 -1.2519 -3.4267 -1.7807 0.85264 -1.0063 -3.2014 -1.1479
0 0 1 2 76.811 0.053747 4.5521 3.5848 -2.1079 -2.4452 -3.0829 -1.7636 -4.7402 -2.5935 1.2334 -1.4092 -3.9883 -1.6784
0 0 1 2 76.983 -0.39633 4.4499 3.4739 -2.2014 -2.5339 -3.5845 -2.5288 -6.6464 -5.1962 0.8702 -1.9072 -5.7843 -2.0666
0 0 1 2 77.287 -0.46762 4.7628 3.7789 -1.1578 -1.5365 -5.5586 -2.1107 -6.034 -8.5978 -0.24656 -2.2245 -6.2467 -1.7977
0 0 1 2 77.349 -0.40636 4.8066 4.0457 -0.81306 -0.76767 -5.7164 -1.2975 -5.4418 -9.1401 -0.76 -2.6011 -5.5083 -1.3028
0 0 1 2 77.345 -0.97183 4.1112 3.5291 -1.6288 1.6181 -3.8245 0.1536 -3.56 -6.2082 -3.0284 -3.54 -3.0034 -0.2046
0 0 1 2 76.893 -2.066 2.4417 1.5145 -2.6101 2.0672 -0.23378 0.77461 -2.1744 -3.1279 -2.3 -3.1522 -3.6568 -3.3562
0 0 1 2 76.775 -2.09 2.0909 1.7983 -2.0904 1.7182 -0.17661 -1.4364 -2.4962 -2.6977 -0.40105 -3.093 -3.1654 -5.4801
0 0 1 2 76.775 -2.09 2.0909 1.7983 -2.0904 1.7182 -0.17661 -1.4364 -2.4962 -2.6977 -0.40105 -3.093 -3.1654 -5.4801
0 0 1 2 76.306 -1.9604 2.5455 1.2291 -3.1942 0.86871 -2.2465 -4.7185 -4.3569 -3.1363 -0.45083 -4.7 -4.0303 -6.1108
0 0 1 2 76.301 -1.5296 3.4972 1.0534 -4.0249 1.256 -2.4706 -0.80246 -1.5321 -3.7695 -1.1487 -2.5275 -7.6277 -4.6863
0 0 1 2 76.301 -1.5296 3.4972 1.0534 -4.0249 1.256 -2.4706 -0.80246 -1.5321 -3.7695 -1.1487 -2.5275 -7.6277 -4.6863
0 0 1 2 76.539 -1.2042 3.4805 1.3348 -2.1633 1.2183 -1.8311 1.8822 -3.3146 -3.1859 -0.15445 -1.4061 -8.61 -1.9166
0 0 1 2 76.864 -1.0976 2.4646 1.0415 -2.8879 0.75832 -2.0469 2.6198 -5.1817 -2.182 0.83308 -2.3438 -8.4384 -1.2032
0 0 1 2 77.003 -1.0831 2.5178 1.9272 -4.7477 0.94875 -2.315 2.4762 -3.4822 -0.65934 1.2973 -2.5075 -7.5199 -1.9976
0 0 1 2 77.053 -1.0657 2.7314 2.4486 -4.8835 1.1788 -1.9628 2.3873 -3.253 -0.40864 0.68677 -2.5665 -7.3512 -2.4311
0 0 1 2 77.095 -1.4839 2.6815 3.9831 -4.28 1.7735 -0.83211 1.3432 -4.4869 -1.6537 -1.5239 -2.4039 -5.5898 -3.6824
0 0 1 2 77.095 -1.4839 2.6815 3.9831 -4.28 1.7735 -0.83211 1.3432 -4.4869 -1.6537 -1.5239 -2.4039 -5.5898 -3.6824
0 0 1 2 77.02 -1.9438 2.2129 4.5263 -3.4846 1.9128 -1.4074 0.25332 -5.5073 -2.8146 -2.1579 -2.2436 -4.1652 -3.0965
0 0 1 2 76.994 -2.0602 1.9546 4.3949 -3.3138 1.6377 -2.2309 -0.19883 -5.9946 -2.8759 -1.9772 -1.9556 -3.8584 -2.7926
0 0 1 2 76.859 -2.4778 1.8446 2.7832 -2.7728 -0.13028 -5.9332 -1.0926 -5.8694 -3.2782 -0.98915 -1.527 -5.6725 -2.4028
0 0 1 2 76.892 -2.3881 2.2859 2.6492 -2.408 -0.1612 -6.1692 -1.4526 -5.5432 -3.0566 -1.0261 -1.8845 -6.1516 -2.4555
0 0 1 2 76.862 -2.1498 3.0994 2.7905 -1.8121 0.48701 -4.501 -1.535 -6.1739 -1.9689 -0.84378 -1.8835 -5.893 -2.1391
0 0 1 2 76.908 -2.2048 3.6495 3.6382 -3.1997 1.2151 -3.5651 2.0439 -5.3923 -1.1456 -0.66104 -2.1678 -5.6397 -2.8777
0 0 1 2 77.104 -0.28757 3.7038 4.1773 -1.6466 -1.3304 -3.948 1.5685 -6.4735 0.048184 3.3032 -2.9172 -7.432 -1.6845
0 0 1 2 77.085 0.42866 4.4067 4.7603 -1.7055 -1.1462 -3.9525 2.0769 -5.9131 1.1964 4.505 -1.8368 -7.0671 -1.0793
0 0 1 2 77.196 -0.029535 3.7848 3.72 -1.5277 1.4242 -3.6236 -0.91217 -4.3254 1.181 1.0883 -0.22571 -4.9144 -3.4681
0 0 1 2 77.196 -0.029535 3.7848 3.72 -1.5277 1.4242 -3.6236 -0.91217 -4.3254 1.181 1.0883 -0.22571 -4.9144 -3.4681
0 0 1 2 77.193 -0.18202 3.4035 3.3285 -1.3469 1.1933 -3.3194 -1.0562 -4.2941 0.033994 -0.15997 -0.95434 -4.9969 -4.5709
0 0 1 2 77.065 -0.3151 3.6664 2.8772 -1.3489 0.14883 -2.0542 -0.13035 -5.1355 -2.1196 -2.7604 -3.3343 -4.7006 -7.0994
0 0 1 2 77.065 -0.3151 3.6664 2.8772 -1.3489 0.14883 -2.0542 -0.13035 -5.1355 -2.1196 -2.7604 -3.3343 -4.7006 -7.0994
0 0 1 2 77.392 -2.4578 2.6255 3.164 -3.9269 -0.21204 -2.4664 1.5365 -7.3494 -2.173 0.43805 1.4377 -2.5428 -4.7765
0 0 1 2 77.555 -2.4603 2.7942 3.1335 -3.799 -0.14112 -2.2879 1.5788 -7.1445 -2.1388 0.49277 1.1818 -2.7315 -4.7893
0 0 1 2 77.667 -2.44 2.8057 2.5398 -3.4644 -0.076622 -2.0157 2.0266 -6.5978 -1.718 -0.31696 -0.1572 -3.2847 -4.7431
0 0 1 2 77.667 -2.44 2.8057 2.5398 -3.4644 -0.076622 -2.0157 2.0266 -6.5978 -1.718 -0.31696 -0.1572 -3.2847 -4.7431
0 0 1 2 77.63 -2.4534 2.6785 2.177 -3.2541 0.011377 -1.6293 2.2083 -6.6768 -1.8515 -0.5187 -0.91268 -3.5951 -4.5151
0 0 1 2 77.63 -2.4534 2.6785 2.177 -3.2541 0.011377 -1.6293 2.2083 -6.6768 -1.8515 -0.5187 -0.91268 -3.5951 -4.5151
0 0 1 2 77.559 -2.4034 2.5149 1.8973 -3.0941 -0.21949 -1.6065 2.2362 -6.7789 -2.3268 -0.75252 -1.1656 -3.6325 -4.0703
0 0 1 2 77.49 -2.2838 2.4897 1.9463 -2.8488 -0.51498 -1.7052 2.007 -6.7609 -3.0872 -0.83704 -0.97997 -3.7258 -3.362
0 0 1 2 77.49 -2.2838 2.4897 1.9463 -2.8488 -0.51498 -1.7052 2.007 -6.7609 -3.0872 -0.83704 -0.97997 -3.7258 -3.362
0 0 1 2 77.232 -2.1772 2.5953 2.2671 -2.2836 -0.5546 -2.0595 1.0809 -6.4129 -4.318 -1.1663 -0.67753 -3.9544 -1.9269
0 0 1 2 76.707 -2.5164 3.8424 3.324 -1.7054 -0.834 -1.9863 0.3968 -6.6611 -3.2417 -1.8459 -2.357 -4.3737 -2.1091
0 0 1 2 76.707 -2.5164 3.8424 3.324 -1.7054 -0.834 -1.9863 0.3968 -6.6611 -3.2417 -1.8459 -2.357 -4.3737 -2.1091
0 0 1 2 76.666 -2.7332 4.5205 3.4701 -2.0511 -1.548 -2.9459 -0.49575 -6.3672 -0.86308 -2.0059 -3.3225 -3.9453 -2.6309
0 0 1 2 76.666 -2.7332 4.5205 3.4701 -2.0511 -1.548 -2.9459 -0.49575 -6.3672 -0.86308 -2.0059 -3.3225 -3.9453 -2.6309
0 0 1 2 77.407 -2.6779 3.3655 1.6523 -1.4406 -1.4398 -4.0014 -0.23487 -3.8957 0.88252 -2.5617 -3.427 -3.3253 -3.7223
0 0 1 2 77.433 -2.6477 3.0718 2.1784 -0.81428 -0.84455 -2.887 0.25821 -3.3336 1.8856 -1.9574 -3.2472 -3.6202 -3.7557
0 0 1 2 77.372 -2.5912 3.092 2.493 -0.56306 -0.36295 -2.3649 0.25733 -3.3558 1.9396 -1.8862 -3.2017 -3.6483 -3.6105
0 0 1 2 77.588 -3.009 4.8692 0.85276 -1.0141 1.4881 -0.85347 0.35359 -5.575 -3.5704 -3.7134 -3.2324 -6.2035 -1.734
0 0 1 2 77.744 -3.1801 4.8077 0.35083 -0.95737 0.58603 -1.8125 -0.26927 -4.8693 -4.4155 -3.1282 -2.7212 -6.8784 -3.1153
0 0 1 2 78.195 -3.7001 3.8329 0.94787 -0.97043 -0.84216 -1.4716 -0.2364 -4.0992 -4.395 -1.8243 -2.623 -6.1174 -1.168
0 0 1 2 78.411 -3.5448 4.0527 0.12803 -0.41357 -0.040381 -0.80976 0.038685 -4.8724 -3.0542 -2.4155 -3.6599 -5.6147 -0.78761
0 0 1 2 78.411 -3.5448 4.0527 0.12803 -0.41357 -0.040381 -0.80976 0.038685 -4.8724 -3.0542 -2.4155 -3.6599 -5.6147 -0.78761
0 0 1 2 78.477 -3.3189 4.5463 -0.20038 -0.20548 0.056637 -0.89534 -0.15732 -5.197 -2.2752 -2.1201 -3.7199 -4.7486 -0.67434
0 0 1 2 78.558 -2.9452 5.2514 -0.12104 -0.028188 0.0081839 -1.2603 -0.32968 -5.3361 -1.9505 -1.5811 -3.3474 -3.8352 -0.44579
0 0 1 2 78.49 -1.8389 7.249 1.576 0.060069 -0.7972 -2.4971 -0.45653 -5.0561 -1.9161 0.12777 -2.9912 -1.72 -0.062581
0 0 1 2 77.746 -2.3579 7.8603 1.8557 -2.7363 -2.1449 -3.3087 1.7149 -4.446 -3.391 -2.3337 -5.24 -0.86984 -3.1919
0 0 1 2 77.708 -2.3199 6.9243 0.42138 -2.5933 -3.5514 -6.0257 0.065603 -6.5858 -4.4448 -4.8239 -5.7457 -2.6353 -3.4604
0 0 1 2 77.708 -2.3199 6.9243 0.42138 -2.5933 -3.5514 -6.0257 0.065603 -6.5858 -4.4448 -4.8239 -5.7457 -2.6353 -3.4604
0 0 1 2 78.074 -3.0335 5.3101 -0.15561 -0.21131 -3.7038 -5.8865 -0.62002 -6.3217 -2.2074 -3.4789 -6.2458 -3.4476 -3.7324
0 0 1 2 78.233 -3.665 4.8944 -0.1383 -0.012764 -2.9109 -4.8829 -1.3159 -5.3678 -2.6021 -3.2014 -6.7759 -3.9841 -3.5038
0 0 1 2 78.401 -3.7562 4.5226 -0.88446 0.04738 -1.3246 -4.2957 -2.5242 -4.5882 -3.4838 -3.3088 -4.5366 -4.2173 -3.217
0 0 1 2 78.376 -3.76 4.3185 -1.121 0.013742 -0.81761 -4.5378 -2.8858 -3.9625 -3.2537 -3.3284 -3.7075 -4.458 -2.9876
0 0 1 2 78.318 -3.7559 4.1174 -1.1105 -0.0018734 -0.41377 -4.579 -3.1929 -3.347 -2.9781 -3.5035 -3.3125 -4.7961 -2.8838
0 0 1 2 78.128 -3.8322 3.7937 -0.4305 0.41101 -0.16986 -3.4774 -2.7163 -1.8934 -2.4318 -3.4982 -3.1155 -5.1327 -2.2647
0 0 1 2 78.071 -3.7236 4.2346 0.26249 0.63176 -0.32186 -1.5834 -1.3616 -1.2008 -2.6328 -3.9356 -4.1813 -4.8345 -1.0036
0 0 1 2 78.096 -3.6931 5.0467 0.18006 0.50559 -0.44973 -0.70748 -0.46207 -1.4151 -2.4331 -4.1456 -4.7593 -4.5619 -0.042882
0 0 1 2 78.095 -3.6876 5.4697 -0.12575 0.23311 -0.50171 -0.99614 -0.39573 -1.5138 -1.82 -3.7226 -4.8399 -4.5158 0.027396
0 0 1 2 78.057 -3.694 6.137 -0.64637 -0.42072 -0.47786 -2.7315 -0.99323 -1.8634 -0.40816 -2.6428 -5.0832 -4.9946 -0.52675
0 0 1 2 78.015 -3.769 6.1802 -0.68973 -0.75912 -0.37095 -3.7257 -1.5709 -2.0195 0.1255 -2.0442 -4.8213 -5.3268 -1.2314
0 0 1 2 77.929 -3.5723 5.8018 1.2966 -0.15633 -2.3649 -4.6368 -0.60883 -2.3072 0.25853 0.10839 -1.2462 -4.8848 -4.431
0 0 1 2 77.983 -3.4655 5.7606 0.56863 0.15189 -3.2776 -4.067 0.32257 -2.9024 -0.73438 0.093082 -2.2763 -4.5907 -4.7899
0 0 1 2 77.983 -3.4655 5.7606 0.56863 0.15189 -3.2776 -4.067 0.32257 -2.9024 -0.73438 0.093082 -2.2763 -4.5907 -4.7899
0 0 1 2 78.035 -3.4328 5.11 -0.91605 0.0072523 -2.8168 -3.5272 0.20308 -4.6287 -1.1826 -0.095643 -4.6943 -5.105 -4.555
0 0 1 2 78.025 -3.5524 4.8005 -1.5723 -0.32908 -2.3972 -3.3259 -0.44568 -5.7425 -1.3604 -0.67482 -5.829 -5.8551 -4.3114
0 0 1 2 77.925 -3.9272 4.4442 -2.0916 -0.77042 -1.7952 -3.0926 -2.3028 -7.2005 -1.9867 -2.2912 -7.2497 -6.4982 -3.403
0 0 1 2 77.836 -4.1375 4.3526 -2.0717 -0.76811 -1.5649 -2.9983 -3.1178 -7.3568 -2.597 -3.132 -7.2539 -6.2474 -2.7266
0 0 1 2 77.726 -4.3896 6.0848 -0.89863 -1.1672 -1.479 -3.4076 1.9469 -5.3247 -5.2864 -2.6494 -4.1959 -3.8003 -4.8065
0 0 1 2 77.744 -4.4412 6.3808 -0.73126 -1.3713 -1.6978 -3.5138 1.9042 -5.3058 -5.6577 -2.9204 -3.9322 -3.139 -5.3351
0 0 1 2 77.744 -4.4412 6.3808 -0.73126 -1.3713 -1.6978 -3.5138 1.9042 -5.3058 -5.6577 -2.9204 -3.9322 -3.139 -5.3351
0 0 1 2 77.78 -4.4582 6.6953 0.16403 -1.243 -2.0965 -3.1002 1.6909 -4.7691 -5.4831 -2.92 -2.8259 -1.8953 -5.2238
0 0 1 2 77.803 -4.3577 6.6981 0.49523 -1.0941 -2.2509 -2.7202 1.5293 -4.847 -5.454 -2.9586 -2.5797 -1.8217 -4.8953
0 0 1 2 77.873 -4.0815 6.7711 0.64212 -0.84732 -2.1335 -2.5376 0.94381 -5.3641 -5.4252 -3.2906 -2.6007 -2.0589 -4.6341
0 0 1 2 78.084 -2.4414 8.4581 1.7043 -0.62573 -0.11225 -1.7584 -0.13715 -6.6923 -4.2126 -4.4247 -1.802 -0.88336 -1.8578
0 0 1 2 78.084 -2.4414 8.4581 1.7043 -0.62573 -0.11225 -1.7584 -0.13715 -6.6923 -4.2126 -4.4247 -1.802 -0.88336 -1.8578
0 0 1 2 78.521 -2.4387 7.2421 1.6147 -1.1076 -0.015941 1.178 0.3496 -6.8956 -3.8394 -3.4299 -1.44 0.055274 -2.1804
0 0 1 2 78.598 -2.3544 6.8292 1.4169 -0.83927 0.0059979 1.4573 -0.054934 -6.6859 -3.8112 -3.2607 -2.0471 -0.94332 -2.6753
0 0 1 2 78.63 -2.0294 6.2479 1.2821 -0.45882 -0.0078736 1.0102 -2.2964 -6.1728 -3.3609 -2.925 -2.8456 -3.2114 -3.3686
0 0 1 2 78.573 -1.9668 6.0669 1.2806 -0.28671 0.14039 0.47349 -3.5765 -5.6853 -2.8768 -2.9161 -2.9938 -4.2439 -3.502
0 0 1 2 78.478 -2.6606 4.9338 0.39045 -0.62379 -0.28464 -1.1739 -3.8055 -4.3604 -2.0714 -3.7567 -2.5024 -6.5437 -2.5297
0 0 1 2 78.48 -2.8979 4.6207 0.026585 -0.82516 -0.51528 -0.91106 -3.197 -4.21 -2.2597 -3.9981 -2.4393 -6.5111 -2.1295
0 0 1 2 78.493 -2.9534 4.4687 -0.069256 -0.96608 -0.97931 -0.76558 -2.6031 -4.2308 -2.3865 -4.3167 -2.3475 -6.317 -1.9536
0 0 1 2 78.5 -2.9076 4.3716 -0.05773 -1.0576 -1.4964 -0.86492 -2.1921 -4.0835 -2.6111 -4.4109 -2.0489 -6.1818 -1.919
0 0 1 2 78.48 -2.8651 4.3012 -0.050034 -1.0279 -1.8739 -1.1744 -1.7031 -3.8324 -2.8806 -4.068 -1.5469 -6.1597 -2.0187
0 0 1 2 78.426 -2.8366 4.1754 -0.2687 -1.0274 -2.1739 -1.4425 -1.3394 -3.506 -3.1206 -3.5108 -0.92139 -6.2957 -2.1256
0 0 1 2 78.231 -2.8343 4.0906 -0.87356 -1.3637 -2.3816 -1.7458 -0.59972 -3.0368 -4.0384 -2.5111 0.0075294 -7.1836 -2.4534
0 0 1 2 77.927 -3.2037 3.7591 -2.2826 -2.3214 -1.3987 -1.3319 -1.1761 -2.4953 -4.4053 -2.2721 -1.8977 -9.5394 -3.1906
0 0 1 2 77.888 -3.2988 3.9402 -2.5735 -2.5417 -1.2248 -1.1589 -1.1784 -2.5297 -4.4181 -2.4992 -3.3353 -10.013 -3.5297
0 0 1 2 77.896 -3.296 4.2925 -2.5642 -2.435 -1.1752 -1.0773 -1.0434 -2.654 -4.2338 -2.6821 -4.6842 -9.9265 -3.9063
0 0 1 2 77.929 -3.068 5.0697 -1.3953 0.78871 -0.76449 -1.8087 0.93072 -4.4169 -3.4045 -2.1718 -5.6695 -7.1095 -5.4087
0 0 1 2 77.929 -2.7606 5.0892 -1.3637 1.8767 -1.5127 -2.4141 1.6138 -5.0202 -3.3968 -2.3025 -5.7068 -6.5654 -6.5367
0 0 1 2 77.955 -2.6599 5.2041 -1.4448 1.6068 -2.0989 -2.8515 1.68 -4.2573 -3.814 -2.1069 -6.0572 -6.3313 -6.9556
0 0 1 2 77.873 -2.7191 5.301 -1.3914 1.2928 -2.0534 -3.0448 1.5581 -4.027 -3.9085 -1.944 -6.3699 -6.1714 -6.8629
0 0 1 2 77.773 -2.8202 5.3092 -1.2961 1.0963 -1.4324 -3.2328 1.1676 -3.8311 -3.5397 -1.7175 -6.7465 -6.0899 -6.4737
0 0 1 2 77.626 -3.1502 4.6601 -1.4104 0.79486 1.324 -3.5954 -0.84164 -4.0974 -1.814 -1.7537 -5.4703 -5.1432 -3.8141
0 0 1 2 77.591 -3.2826 4.3391 -1.4004 0.57351 1.6915 -3.5608 -1.4186 -4.3921 -1.5199 -1.9591 -4.5883 -4.7885 -2.9136
0 0 1 2 77.519 -3.1981 4.0842 -0.81023 -0.9518 0.94228 -3.7313 -1.8923 -5.7493 -2.5186 -3.3144 -3.0203 -5.3721 -2.192
0 0 1 2 77.455 -3.0216 3.9509 -0.42366 -2.1772 -0.36254 -4.2581 -1.5609 -6.0997 -4.1497 -4.1422 -3.1723 -5.4486 -2.6401
0 0 1 2 77.439 -3.0162 3.7546 -0.18216 -2.5352 -0.86614 -4.5151 -1.3559 -6.0265 -4.6402 -4.5812 -3.4523 -5.1224 -2.5618
0 0 1 2 77.607 -3.2683 3.3719 0.20027 -3.2287 -1.0766 -3.6739 -1.2628 -5.4306 -4.8183 -4.8728 -4.7658 -2.9413 -2.2453
0 0 1 2 77.686 -3.3362 3.4421 0.025532 -3.3968 -0.62164 -3.3195 -1.5785 -4.9784 -4.8149 -4.9823 -4.8516 -3.1561 -2.4801
0 0 1 2 77.82 -3.3956 3.868 -0.27203 -3.5835 -0.12894 -2.5829 -1.849 -3.3406 -4.666 -5.5821 -4.6189 -4.5684 -3.0337
0 0 1 2 77.822 -3.4491 3.9647 -0.43936 -3.491 0.084269 -2.4728 -2.0393 -2.4749 -4.7031 -5.9844 -4.4951 -5.3653 -3.3875
0 0 1 2 77.749 -3.361 4.1229 -0.85076 -3.3732 0.2896 -2.7447 -2.9136 -1.4275 -4.7407 -5.9528 -4.1139 -6.0109 -3.5716
0 0 1 2 77.749 -3.361 4.1229 -0.85076 -3.3732 0.2896 -2.7447 -2.9136 -1.4275 -4.7407 -5.9528 -4.1139 -6.0109 -3.5716
0 0 1 2 77.749 -3.361 4.1229 -0.85076 -3.3732 0.2896 -2.7447 -2.9136 -1.4275 -4.7407 -5.9528 -4.1139 -6.0109 -3.5716
0 0 1 2 77.693 -3.2008 4.0734 -1.095 -3.3561 0.36731 -2.8638 -3.3293 -1.5786 -4.8405 -5.6172 -3.8283 -5.8355 -3.471
0 0 1 2 77.525 -2.6802 4.1114 -0.96164 -3.405 0.95124 -2.9748 -3.375 -3.6659 -5.6002 -4.8593 -3.9072 -6.5931 -3.3808
0 0 1 2 77.489 -2.2429 4.5939 -0.38963 -3.7917 0.63966 -3.1647 -3.6739 -4.9662 -5.6004 -3.8894 -3.3957 -7.7341 -2.938
0 0 1 2 77.489 -2.2429 4.5939 -0.38963 -3.7917 0.63966 -3.1647 -3.6739 -4.9662 -5.6004 -3.8894 -3.3957 -7.7341 -2.938
0 0 1 2 77.477 -2.0513 4.9038 -0.14438 -3.5604 0.2158 -3.376 -3.5515 -5.6409 -5.7637 -3.5393 -2.8378 -7.9068 -2.7154
0 0 1 2 77.411 -1.0228 5.9804 0.3768 -1.9354 -1.4613 -4.209 -2.0634 -7.0761 -5.5198 -3.5362 -1.3626 -7.0625 -2.9844
0 0 1 2 77.34 -0.19113 6.2474 1.0722 -1.2241 -1.8521 -4.0008 -0.40182 -7.0556 -4.7066 -3.292 -1.6075 -6.3654 -3.5877
0 0 1 2 77.272 -1.0776 5.1766 1.7446 -1.7101 -0.62459 -2.8761 0.51357 -6.4218 -2.6336 -1.6195 -5.2207 -5.9868 -4.2115
0 0 1 2 77.299 -1.0358 5.6923 1.9239 -1.65 0.53373 -2.6359 1.0926 -4.6523 -2.1889 -3.8251 -5.6192 -5.1565 -3.8025
0 0 1 2 77.275 -0.89827 5.7628 1.4368 -1.6892 0.75516 -2.9709 0.85807 -3.7145 -2.3075 -4.9726 -5.1298 -4.7426 -3.9067
0 0 1 2 77.275 -0.89827 5.7628 1.4368 -1.6892 0.75516 -2.9709 0.85807 -3.7145 -2.3075 -4.9726 -5.1298 -4.7426 -3.9067
0 0 1 2 76.973 -1.3236 4.9475 -0.63622 -1.7321 0.052165 -4.6616 2.2027 -1.5777 -3.9214 -6.2828 -5.4273 -4.8829 -2.242
0 0 1 2 76.834 -1.9947 3.5308 0.60256 -3.9965 -1.1459 -3.1554 2.3524 -2.9193 -2.9622 -2.2255 -3.1489 -5.2958 -1.3583
0 0 1 2 76.869 -2.0788 3.1781 0.2969 -4.093 -0.83727 -3.7947 -0.1291 -4.8107 -2.4596 -1.968 -2.4152 -6.3069 -3.1976
0 0 1 2 76.869 -2.0788 3.1781 0.2969 -4.093 -0.83727 -3.7947 -0.1291 -4.8107 -2.4596 -1.968 -2.4152 -6.3069 -3.1976
0 0 1 2 77.236 -2.1734 1.7946 0.11948 -3.8098 1.2522 -5.2842 -0.63156 -10.361 -3.0816 -3.3147 -6.2769 -3.8466 -4.1962
0 0 1 2 77.516 -2.0348 2.3405 1.1468 -3.5521 1.5597 -5.6225 0.23551 -9.8762 -3.7264 -3.0664 -6.3125 -4.7021 -4.5121
0 0 1 2 77.604 -1.9958 2.4637 1.4058 -3.3892 1.4506 -5.733 0.40996 -9.0152 -4.2223 -3.5916 -6.0225 -5.2273 -4.4955
0 0 1 2 77.604 -1.9958 2.4637 1.4058 -3.3892 1.4506 -5.733 0.40996 -9.0152 -4.2223 -3.5916 -6.0225 -5.2273 -4.4955
0 0 1 2 77.662 -1.9069 2.5462 1.5939 -3.2577 1.1902 -5.9122 0.40779 -8.0831 -4.4997 -4.0826 -5.293 -5.4803 -4.0521
0 0 1 2 77.783 -1.8026 3.0978 1.9507 -4.4116 -1.1764 -5.1601 1.6493 -5.2546 -5.495 -4.4051 -3.3865 -2.3939 0.20094
0 0 1 2 77.716 -1.7833 3.201 1.8379 -4.3696 -1.0914 -4.9354 1.5621 -5.2984 -4.4704 -3.7362 -3.6604 -2.3829 -0.14761
0 0 1 2 77.21 -2.0279 3.4824 1.402 -4.1765 0.11138 -5.0367 0.71969 -5.4816 -2.5399 -2.1048 -3.5458 -2.9514 -3.617
0 0 1 2 77.21 -2.0279 3.4824 1.402 -4.1765 0.11138 -5.0367 0.71969 -5.4816 -2.5399 -2.1048 -3.5458 -2.9514 -3.617
0 0 1 2 77.122 -2.0565 3.5191 1.1839 -3.9062 0.80884 -5.0219 0.67751 -5.6954 -3.0052 -2.2671 -3.0502 -3.1796 -3.9955
0 0 1 2 77.006 -2.0631 3.4143 0.54221 -4.4541 1.7706 -5.149 0.74482 -6.9217 -4.553 -1.6872 -3.0156 -2.9336 -3.8312
0 0 1 2 77.006 -2.0631 3.4143 0.54221 -4.4541 1.7706 -5.149 0.74482 -6.9217 -4.553 -1.6872 -3.0156 -2.9336 -3.8312
0 0 1 2 77.006 -2.0631 3.4143 0.54221 -4.4541 1.7706 -5.149 0.74482 -6.9217 -4.553 -1.6872 -3.0156 -2.9336 -3.8312
0 0 1 2 77.008 -2.0663 3.3809 0.60253 -4.658 1.8157 -5.3014 0.11857 -6.8717 -4.7369 -1.5614 -3.111 -2.7158 -4.2055
0 0 1 2 77.008 -2.0816 3.3741 0.51262 -4.8027 1.8459 -5.4869 -0.55984 -6.3434 -4.6069 -1.7336 -3.4473 -2.6251 -4.615
0 0 1 2 77.199 -1.6218 4.0946 1.2221 -3.7738 2.4679 -5.1168 -1.0843 -2.4942 -3.2646 -3.2352 -3.7751 -3.0056 -5.1444
0 0 1 2 77.464 -1.0459 4.1818 3.6946 -3.8072 -0.14829 -3.5787 -2.2904 -6.0575 -4.1577 -1.9226 -3.3233 -3.2247 -0.25897
0 0 1 2 77.784 -0.44105 4.9072 3.7152 -3.943 -0.70856 -4.6982 -2.3067 -5.4496 -1.1783 -2.1886 -0.63101 -3.4994 -0.87697
0 0 1 2 77.771 -0.49088 5.1784 3.6257 -4.1531 -0.30335 -5.1202 -1.9845 -5.1703 -0.30788 -2.0937 -0.16022 -3.883 -1.1946
0 0 1 2 77.751 -1.0988 5.6683 3.6687 -4.1372 1.7483 -3.3803 0.22922 -5.0753 -0.1517 -1.4906 0.17651 -4.5255 -1.3882
0 0 1 2 77.915 -0.46015 5.0742 4.0009 -1.8391 2.039 -4.7032 -1.0609 -5.1478 0.60062 -2.3689 -1.0421 -3.9486 -3.9413
0 0 1 2 77.928 -0.43815 4.651 3.7092 -1.232 2.237 -5.0904 -1.4343 -5.1367 0.61888 -2.5023 -1.2241 -3.5164 -4.3799
0 0 1 2 77.81 -0.67154 4.0871 2.8121 -0.75112 2.4457 -5.3473 -1.6843 -5.2967 0.066886 -2.9987 -1.3368 -2.6425 -4.8754
0 0 1 2 77.81 -0.67154 4.0871 2.8121 -0.75112 2.4457 -5.3473 -1.6843 -5.2967 0.066886 -2.9987 -1.3368 -2.6425 -4.8754
0 0 1 2 77.346 -2.0125 4.2126 1.318 -2.7597 2.7846 -5.0047 -0.66976 -3.9849 -0.027373 -1.8652 -0.6236 -2.9686 -4.7791
0 0 1 2 77.108 -2.4346 2.6388 0.55271 -1.7326 4.8908 -3.4142 1.079 -4.2074 0.84758 -2.2118 -1.2159 -4.996 -1.9903
0 0 1 2 77.083 -2.9491 2.8608 0.50433 -2.128 2.5099 -4.978 1.9943 -5.4644 -1.7152 -5.0001 -3.2014 -4.496 -4.592
0 0 1 2 77.083 -2.9491 2.8608 0.50433 -2.128 2.5099 -4.978 1.9943 -5.4644 -1.7152 -5.0001 -3.2014 -4.496 -4.592
0 0 1 2 77.083 -2.9491 2.8608 0.50433 -2.128 2.5099 -4.978 1.9943 -5.4644 -1.7152 -5.0001 -3.2014 -4.496 -4.592
0 0 1 2 77.231 -1.6762 2.1467 -0.17824 -0.98317 -1.4342 -2.5042 -2.3363 -6.6861 -2.4574 -6.1298 -7.0859 -4.0747 -5.1605
0 0 1 2 77.231 -1.6762 2.1467 -0.17824 -0.98317 -1.4342 -2.5042 -2.3363 -6.6861 -2.4574 -6.1298 -7.0859 -4.0747 -5.1605
0 0 1 2 77.231 -1.6762 2.1467 -0.17824 -0.98317 -1.4342 -2.5042 -2.3363 -6.6861 -2.4574 -6.1298 -7.0859 -4.0747 -5.1605
0 0 1 2 77.037 -1.7726 3.231 0.056696 1.1006 -1.7324 -2.8067 0.74011 -6.3882 -2.2489 -6.3173 -5.592 -2.5993 -3.98
0 0 1 2 77.091 -1.9738 4.0852 0.81492 1.5415 -1.1931 -3.1875 0.6775 -5.9274 -0.62823 -4.715 -4.3285 -1.5623 -2.5847
0 0 1 2 77.091 -1.9738 4.0852 0.81492 1.5415 -1.1931 -3.1875 0.6775 -5.9274 -0.62823 -4.715 -4.3285 -1.5623 -2.5847
0 0 1 2 77.155 -2.4859 3.8344 1.5938 1.5814 -0.54936 -2.9765 -1.3273 -4.4099 -0.38015 -3.2852 -3.8606 -2.91 -2.811
0 0 1 2 77.124 -2.5479 3.6732 1.569 1.2113 -0.67448 -3.0907 -2.016 -3.6993 -0.63819 -3.1279 -4.2354 -3.8315 -3.0966
0 0 1 2 76.814 -2.4246 3.5013 0.27165 -1.7884 -2.1883 -3.3885 -2.6793 -3.2315 -1.6112 -3.9893 -6.5022 -5.6678 -2.8899
0 0 1 2 76.98 -2.3094 3.8018 0.30205 -2.5001 -2.0164 -3.5487 -1.8683 -4.8639 -2.2509 -4.1533 -5.7333 -4.2058 -2.7888
0 0 1 2 77.698 -2.142 5.3422 2.3093 -0.41755 0.26762 -1.6661 -0.96591 -8.7968 -1.7707 -3.1994 -1.137 -0.60999 -1.0057
0 0 1 2 77.718 -2.0242 5.6332 2.7631 -0.090764 -0.095275 -1.5686 -0.85985 -9.3064 -1.6324 -2.5733 -0.48323 -0.33172 -0.32178
0 0 1 2 77.786 -1.2127 5.5208 3.2188 0.40864 -1.9103 -2.0385 -1.4716 -9.0081 -1.0936 -1.5909 0.69213 -0.15174 0.61402
0 0 1 2 77.802 -0.94255 5.1906 2.8053 0.49266 -2.3752 -2.1285 -1.9702 -8.4385 -1.1377 -1.9672 0.83616 -0.12852 0.4112
0 0 1 2 77.822 -0.73618 4.7127 1.9534 0.42009 -2.5827 -2.3329 -2.92 -7.0405 -1.193 -3.5299 -0.13119 -0.057633 -0.7101
0 0 1 2 77.824 -0.69862 4.7153 1.5599 0.42799 -2.1597 -2.1924 -2.9491 -6.2451 -1.2504 -4.0482 -0.91915 0.012737 -1.1274
0 0 1 2 77.885 0.067144 6.6931 2.6722 0.0070324 -0.92615 -1.4381 -1.6126 -3.9547 -0.8812 -2.8272 -2.8001 -0.27863 -0.6567
0 0 1 2 77.838 0.0045427 6.8503 3.0895 -0.43399 -1.1506 -1.3047 -1.6087 -3.5037 -1.1623 -2.6214 -2.7135 -1.3333 -0.4219
0 0 1 2 77.723 -0.63314 6.3351 2.962 -0.71396 -0.64251 -1.0019 -1.9857 -3.505 -2.0309 -1.918 -1.8622 -4.4524 -0.035391
0 0 1 2 77.625 -1.1621 5.9049 2.5114 -0.76776 -0.11699 -0.6999 -2.4433 -3.9455 -2.3057 -1.5799 -1.6016 -6.147 -0.11702
0 0 1 2 77.26 -2.6046 4.8629 1.1062 -0.80093 0.60282 -1.0908 -2.6456 -5.5202 -3.5804 -1.5527 -2.5204 -9.0534 -0.39374
0 0 1 2 77.26 -2.6046 4.8629 1.1062 -0.80093 0.60282 -1.0908 -2.6456 -5.5202 -3.5804 -1.5527 -2.5204 -9.0534 -0.39374
0 0 1 2 77.157 -2.8147 4.8739 0.98807 -0.42622 0.71602 -1.4389 -2.1593 -5.3854 -3.6623 -1.2715 -3.0448 -8.3486 0.11715
0 0 1 2 77.157 -2.8147 4.8739 0.98807 -0.42622 0.71602 -1.4389 -2.1593 -5.3854 -3.6623 -1.2715 -3.0448 -8.3486 0.11715
0 0 1 2 77.035 -2.9582 4.9541 1.5345 0.20647 0.50677 -1.9873 -1.3808 -4.7711 -3.7465 -1.3767 -4.083 -6.0223 0.80451
0 0 1 2 77.035 -2.9582 4.9541 1.5345 0.20647 0.50677 -1.9873 -1.3808 -4.7711 -3.7465 -1.3767 -4.083 -6.0223 0.80451
0 0 1 2 77.622 -2.0811 4.3127 1.0052 0.39589 1.7453 -3.438 -2.2458 -2.5117 -3.2054 -2.9601 -5.2533 -2.9074 -1.3332
0 0 1 2 77.74 -1.924 4.1961 0.88589 -0.30377 1.5409 -2.7778 -2.5049 -3.3442 -3.2762 -3.7163 -5.233 -2.3912 -1.2138
0 0 1 2 77.892 -1.8646 3.8152 0.62473 -1.8275 0.76302 -1.4241 -3.0429 -5.6184 -3.5513 -4.8792 -4.9568 -2.315 -2.2054
0 0 1 2 77.892 -1.8646 3.8152 0.62473 -1.8275 0.76302 -1.4241 -3.0429 -5.6184 -3.5513 -4.8792 -4.9568 -2.315 -2.2054
0 0 1 2 77.953 -2.0209 3.8785 0.28411 -2.4344 0.097109 -0.93381 -2.7041 -6.324 -3.2953 -5.0165 -4.5647 -2.6994 -2.7702
0 0 1 2 78.112 -2.5968 4.6182 -0.49086 -2.9722 -1.6103 -0.72881 -1.1825 -6.5463 -2.5578 -4.3349 -3.9606 -3.3016 -3.4751
0 0 1 2 78.201 -3.0853 5.4146 -0.81201 -2.8731 -3.1682 -1.3967 0.25295 -6.469 -2.208 -3.411 -3.4254 -3.9508 -3.4458
0 0 1 2 78.183 -3.2428 5.6879 -0.74802 -2.938 -3.8364 -1.4903 0.65805 -6.387 -2.2677 -3.1152 -2.773 -4.4691 -3.0913
0 0 1 2 78.05 -3.406 5.7811 -0.66485 -3.2307 -4.388 -1.7989 1.1549 -6.5176 -3.1588 -2.9761 -2.2793 -6.0529 -2.8553
0 0 1 2 78.05 -3.406 5.7811 -0.66485 -3.2307 -4.388 -1.7989 1.1549 -6.5176 -3.1588 -2.9761 -2.2793 -6.0529 -2.8553
0 0 1 2 77.47 -3.4757 5.1802 -0.68586 -2.6999 -2.2165 -0.78285 2.5385 -4.6844 -3.6375 -1.777 -4.5146 -5.3137 -2.7207
0 0 1 2 77.47 -3.4757 5.1802 -0.68586 -2.6999 -2.2165 -0.78285 2.5385 -4.6844 -3.6375 -1.777 -4.5146 -5.3137 -2.7207
0 0 1 2 77.608 -3.3979 5.1234 -0.54406 -0.94938 -1.0445 -1.0323 -0.86094 -3.9688 -2.6088 -2.6998 -5.6963 -5.914 -1.8312
0 0 1 2 77.68 -3.4589 5.033 -0.59987 -0.98397 -1.2499 -1.001 -1.1386 -4.4721 -2.335 -2.7085 -5.5477 -6.045 -1.5518
0 0 1 2 77.746 -3.493 4.7573 -0.68873 -0.9958 -1.4264 -0.97417 -1.1917 -5.0732 -2.3624 -2.8721 -5.2788 -5.7985 -1.5802
0 0 1 2 77.877 -3.2473 4.2787 -0.44326 -1.0676 -1.5967 -1.3865 -1.5627 -6.3666 -2.593 -3.3868 -5.3148 -4.7057 -2.0591
0 0 1 2 77.877 -3.2473 4.2787 -0.44326 -1.0676 -1.5967 -1.3865 -1.5627 -6.3666 -2.593 -3.3868 -5.3148 -4.7057 -2.0591
0 0 1 2 78.029 -2.4898 4.1927 0.026144 -1.3117 -1.7575 -2.1583 -2.2546 -7.4823 -2.6239 -3.3802 -4.73 -3.0707 -1.3474
0 0 1 2 77.899 -1.1813 4.7853 0.98856 -1.762 -3.1609 -3.1422 -3.6248 -6.7553 -2.2715 -4.8833 -4.528 -5.8799 -0.42905
0 0 1 2 77.689 -1.0353 5.238 1.4672 -1.2888 -3.7388 -4.2439 -4.195 -6.828 -2.0982 -5.7514 -5.2791 -8.9036 -0.64246
0 0 1 2 77.634 -1.1483 5.3547 1.6201 -1.373 -3.7904 -4.8485 -4.6014 -6.8749 -2.1518 -6.2059 -5.4277 -9.5577 -1.1502
0 0 1 2 77.657 -1.5276 5.1872 1.1804 -2.1847 -2.4536 -5.0774 -3.8963 -5.4209 -2.884 -6.2083 -6.3105 -8.2523 -2.5249
0 0 1 2 77.95 -0.99521 4.7373 0.63093 -1.5002 -1.4385 -4.2928 -1.8265 -3.584 -5.1459 -4.8156 -4.848 -6.3144 -3.2006
0 0 1 2 78.036 -0.66326 4.7919 0.65233 -0.083201 -1.7141 -6.1411 -1.7935 -5.9411 -7.8193 -4.224 -2.8413 -5.501 -3.4224
0 0 1 2 77.905 -0.88161 4.7265 0.90332 0.32269 -1.9675 -6.6473 -1.9262 -6.6605 -8.3593 -4.147 -2.8098 -5.2132 -3.4247
0 0 1 2 77.547 -1.7484 4.5372 1.3483 0.51898 -2.9671 -6.3829 -2.0762 -6.691 -9.167 -3.7197 -3.663 -5.4512 -3.2602
