0 0 1 3 75.783 -1.4206 2.4066 2.8148 -2.5826 1.5533 -4.0149 -2.3599 -1.9193 -3.1341 -2.1198 -0.44189 -4.092 -1.9043
0 0 1 3 75.678 -1.3413 2.5239 2.2728 -2.3534 1.1312 -3.8165 -3.314 -1.843 -2.6678 -1.9919 -0.95622 -4.3644 -2.0665
0 0 1 3 75.627 -1.1297 3.6064 2.3985 -2.5571 0.4611 -3.3447 -4.483 -0.36622 -1.5096 0.43245 -4.3717 -3.8789 -3.1308
0 0 1 3 75.96 -1.0662 4.5253 3.1378 -4.713 -0.73221 -2.2324 -3.8238 -1.6051 -2.9375 1.8463 -1.0146 1.8457 -0.16645
0 0 1 3 76.098 -0.83457 4.9905 3.3913 -5.1237 -1.2977 -1.3732 -3.1376 -3.4882 -3.1337 1.403 0.53771 2.5418 1.3147
0 0 1 3 76.224 -0.30409 5.2355 4.2206 -4.1518 -1.1103 -0.40042 -1.6267 -4.307 -2.6427 0.86287 1.9253 1.4753 1.0145
0 0 1 3 76.139 1.1021 5.2111 5.6686 -2.116 -2.4911 0.727 -2.4223 1.3146 0.27201 1.6769 2.2751 0.20882 -1.1335
0 0 1 3 76.019 1.0849 5.0718 5.8026 -2.3299 -2.8886 0.50753 -3.033 1.6174 0.6367 1.1401 1.437 0.47827 -0.98942
0 0 1 3 76.019 1.0849 5.0718 5.8026 -2.3299 -2.8886 0.50753 -3.033 1.6174 0.6367 1.1401 1.437 0.47827 -0.98942
0 0 1 3 75.882 0.6919 4.6331 6.1437 -3.1209 -2.6019 -2.6662 -1.1636 -0.49522 -1.6211 -2.1716 -0.70229 0.88591 0.75099
0 0 1 3 75.98 0.48448 4.256 5.7673 -3.3728 -1.7485 -3.3695 1.4006 -2.2128 -3.963 -0.88338 -0.2112 0.84751 0.20498
0 0 1 3 76.214 -0.20015 3.2047 4.0108 -2.8009 -1.5142 -2.679 1.5082 -3.3077 -5.1609 0.90056 -0.83747 0.10113 -1.5201
0 0 1 3 76.175 -0.44267 2.8365 3.5283 -2.8782 -1.5462 -2.4338 1.0439 -3.5935 -5.1095 1.0378 -1.2321 0.17195 -1.7249
0 0 1 3 75.973 -0.7733 2.2799 2.749 -3.1296 -1.2864 -1.9504 0.62556 -3.8819 -5.07 0.14861 -2.3195 0.5349 -1.1802
0 0 1 3 76.116 -0.63827 2.3587 1.9337 -3.9678 -0.099521 -3.2078 0.5179 -4.1565 -5.1287 -2.0782 -2.2399 -0.22616 -1.2417
0 0 1 3 76.764 -0.72993 3.5644 3.6832 -3.9987 2.3802 -2.392 -0.84325 -5.0656 -4.3977 -2.7986 -2.8904 -1.8336 -2.1772
0 0 1 3 76.794 -1.0523 3.2244 3.46 -3.6388 2.0461 -1.5104 1.41 -4.0271 -3.2271 -1.9922 -3.124 -1.5358 -3.7281
0 0 1 3 76.723 -0.98301 2.9458 0.091559 -2.5207 0.6509 1.3757 2.7081 -2.8688 -3.2056 -3.3555 0.67382 -0.90131 -4.5177
0 0 1 3 76.806 -1.0538 2.8519 -0.19107 -2.8388 0.67253 1.3322 1.797 -2.1513 -3.1611 -3.5689 0.46762 -0.57651 -4.0001
0 0 1 3 76.838 -1.2208 2.7789 -0.26743 -3.307 0.89758 1.062 0.68993 -1.4048 -3.0987 -3.7108 0.074308 -0.30399 -3.3193
0 0 1 3 76.639 -2.024 2.0084 1.1055 -4.7828 -0.11597 -0.66621 -2.0239 -1.5454 -2.1086 -3.1495 -1.3186 -1.279 -0.67134
0 0 1 3 76.534 -1.5639 2.6937 3.6388 -3.0815 0.40829 -2.59 0.26461 -2.7311 -2.3111 -0.88834 -3.5971 -3.3832 -0.46955
0 0 1 3 76.444 -1.4936 3.9165 4.8115 -2.294 0.92318 -2.0371 0.54095 -2.5489 -4.3291 0.24035 -3.1208 -2.4348 -0.052445
0 0 1 3 76.444 -1.4936 3.9165 4.8115 -2.294 0.92318 -2.0371 0.54095 -2.5489 -4.3291 0.24035 -3.1208 -2.4348 -0.052445
0 0 1 3 76.295 -0.083353 5.5385 4.8951 -3.7268 -0.97441 -1.2872 -4.2227 -3.147 -2.5945 -1.2771 1.7878 0.45761 0.085894
0 0 1 3 76.36 0.077677 5.6734 4.5633 -3.9773 -0.14601 -0.76804 -4.0219 -2.6798 -3.0985 -1.8655 1.5666 0.37479 -0.17089
0 0 1 3 76.454 0.10041 5.7073 4.2852 -4.0624 0.41169 0.16151 -2.3395 -1.8488 -3.5391 -2.4715 0.52941 0.48694 -0.31608
0 0 1 3 76.427 -0.040787 4.9364 4.3891 -2.8157 -0.69117 -1.5803 0.60676 -1.2052 -3.1569 -1.3995 0.46039 0.74702 0.31771
0 0 1 3 76.459 -0.26367 4.3211 4.0214 -2.2902 -0.87514 -2.6429 0.95135 -1.0589 -2.8382 -0.67596 0.65373 0.33717 0.96079
0 0 1 3 76.449 -0.75556 3.2981 3.1031 -1.9112 -0.56385 -4.1127 0.72672 -1.0879 -2.7573 0.56611 2.2339 -0.70215 1.6631
0 0 1 3 76.449 -0.75556 3.2981 3.1031 -1.9112 -0.56385 -4.1127 0.72672 -1.0879 -2.7573 0.56611 2.2339 -0.70215 1.6631
0 0 1 3 76.388 -0.93462 2.8784 2.7377 -2.3477 -0.27761 -4.0336 0.27892 -1.1926 -2.5928 0.6159 2.7271 -1.1863 1.4607
0 0 1 3 76.233 -1.5454 2.7699 1.8443 -4.5602 -0.24541 -0.74947 0.11403 -2.6518 -2.6446 0.72264 3.1343 -0.99959 0.21569
0 0 1 3 76.152 -1.7545 3.0674 1.9318 -5.0154 -0.49625 -0.19062 -0.077237 -3.1958 -3.1812 1.1608 2.7965 -1.1861 0.19917
0 0 1 3 76.082 -1.8373 3.347 2.2285 -5.126 -0.65097 -0.0093689 -0.46174 -3.9087 -3.9986 1.0751 2.1464 -1.405 0.27875
0 0 1 3 75.996 -1.8646 3.7013 3.0084 -4.4143 -0.85238 -0.49044 -0.64434 -4.6104 -5.0491 0.52246 0.91882 -1.662 0.75936
0 0 1 3 75.994 -1.6647 3.5574 3.2379 -3.9731 -0.93979 -1.2586 -0.35218 -3.4509 -4.6101 0.59692 0.39149 -2.4831 0.8864
0 0 1 3 76.01 -1.5686 3.3317 3.2809 -3.9023 -0.76593 -1.4374 -0.2435 -2.7058 -4.2327 0.84744 0.18842 -2.9005 0.52969
0 0 1 3 76.19 -2.2476 2.71 4.2544 -4.524 -0.074835 -2.1824 -0.42075 -0.64433 -0.71225 2.4148 -0.99122 -2.6527 -1.2155
0 0 1 3 76.378 -2.331 3.1505 4.3556 -4.6835 -0.27382 -2.1782 -0.44134 -0.70403 0.71643 2.409 -1.0213 -1.7558 -1.1678
0 0 1 3 76.378 -2.331 3.1505 4.3556 -4.6835 -0.27382 -2.1782 -0.44134 -0.70403 0.71643 2.409 -1.0213 -1.7558 -1.1678
0 0 1 3 76.492 -2.0065 3.3064 3.8568 -4.5017 -0.36156 -2.0731 -0.39102 -1.5185 1.0392 2.7839 -0.91595 -0.73056 -0.59849
0 0 1 3 76.492 -2.0065 3.3064 3.8568 -4.5017 -0.36156 -2.0731 -0.39102 -1.5185 1.0392 2.7839 -0.91595 -0.73056 -0.59849
0 0 1 3 76.735 -1.4289 2.5222 3.0668 -2.1056 0.013595 -2.0449 -1.7064 -2.8395 -1.3851 1.4804 2.281 -1.7192 -0.86192
0 0 1 3 76.916 -2.1857 2.7732 4.0257 -2.4822 -0.61189 -3.7685 -2.5951 -0.5413 -3.3223 -2.1311 3.0431 -2.3962 -2.6023
0 0 1 3 76.802 -2.4311 3.1949 4.0112 -2.5006 -0.9023 -3.8029 -1.9899 -0.9747 -3.9099 -2.2446 2.1105 -1.1502 -3.5339
0 0 1 3 76.559 -2.5702 3.5792 3.6588 -2.1349 -1.5024 -3.8537 -1.4348 -1.6186 -3.6582 -1.2029 0.66447 -0.77368 -3.0249
0 0 1 3 76.559 -2.5702 3.5792 3.6588 -2.1349 -1.5024 -3.8537 -1.4348 -1.6186 -3.6582 -1.2029 0.66447 -0.77368 -3.0249
0 0 1 3 76.459 -1.5332 3.6788 3.1519 -4.3665 -0.090476 -2.4117 -3.6148 -2.3375 -2.6901 -0.16115 -0.30584 -4.8163 -1.5349
0 0 1 3 76.697 -0.92199 3.5499 2.9162 -4.9938 0.078301 -0.86172 -3.2767 -2.9851 -4.0848 -1.3009 -0.52934 -5.2417 -1.5215
0 0 1 3 78.072 -0.94204 3.0252 4.8955 -4.9782 1.8146 -0.12096 -0.59847 -5.0809 -6.1312 -0.757 -0.73043 -1.8952 -0.074887
0 0 1 3 78.889 -1.8123 0.95795 6.6985 -5.5404 1.4944 -2.3828 -3.1856 -5.9271 -4.588 1.8108 4.2607 2.9341 -0.4878
0 0 1 3 78.748 -1.4668 0.61839 6.2549 -5.015 0.11187 -2.499 -4.3722 -7.0139 -4.2768 2.0305 4.5841 3.0819 0.18982
0 0 1 3 78.678 -1.2114 0.77643 5.9893 -4.5059 -0.75734 -2.612 -4.7815 -7.5269 -4.4 1.6633 4.4686 2.7581 0.32487
0 0 1 3 78.622 -1.0606 1.1241 5.6554 -4.0137 -2.1837 -2.7431 -5.3064 -7.9966 -4.7741 0.74872 3.298 0.91695 0.31151
0 0 1 3 78.548 -1.2261 1.1655 5.6307 -4.0609 -2.6094 -2.9795 -5.4879 -7.9272 -4.7389 0.27682 2.4733 -0.075396 0.16327
0 0 1 3 78.138 -1.9195 1.0246 5.718 -4.3954 -2.7658 -3.2372 -5.4888 -7.407 -4.2238 -0.69633 1.1724 -1.498 -0.95474
0 0 1 3 77.18 -2.6931 -0.48169 3.5369 -0.74897 0.50239 -3.8288 -5.1845 -6.9929 -2.1743 3.5989 -1.5155 -0.72145 -0.91415
0 0 1 3 77.18 -2.6931 -0.48169 3.5369 -0.74897 0.50239 -3.8288 -5.1845 -6.9929 -2.1743 3.5989 -1.5155 -0.72145 -0.91415
0 0 1 3 77.291 -2.6312 -0.39292 3.0885 -0.72408 0.69101 -3.6578 -4.656 -7.0615 -2.2797 3.7491 -2.1331 -0.78794 -0.90511
0 0 1 3 77.467 -2.6125 -0.17845 2.7703 -1.3181 0.70889 -3.9583 -3.4689 -5.7076 -2.2823 3.3355 -2.8866 -1.6271 -1.2646
0 0 1 3 77.44 -2.6214 0.060321 2.8271 -1.7845 0.44854 -4.3304 -3.0865 -5.1486 -2.492 2.8983 -3.0512 -2.3175 -1.2273
0 0 1 3 77.117 -2.4592 1.7789 4.6735 -3.6045 -0.74769 -2.6882 -2.2214 -4.1972 -3.3942 -0.3668 -1.3416 -2.9848 -0.646
0 0 1 3 77.005 -2.4267 2.0219 5.022 -3.8304 -0.78323 -1.7621 -1.473 -3.9474 -3.5519 -1.1676 -0.63906 -2.1443 -0.56967
0 0 1 3 76.767 -1.5557 2.1778 3.1627 -4.8865 -2.2743 -2.6197 1.7149 -0.30281 -3.7695 -2.784 -0.94345 0.089812 -0.3672
0 0 1 3 76.659 -1.4727 2.148 2.6551 -5.171 -2.1054 -2.9041 1.7015 0.79115 -3.7308 -2.3986 -1.0705 -0.46596 -0.58696
0 0 1 3 76.659 -1.4727 2.148 2.6551 -5.171 -2.1054 -2.9041 1.7015 0.79115 -3.7308 -2.3986 -1.0705 -0.46596 -0.58696
0 0 1 3 76.337 -1.6185 2.4223 2.0007 -5.7666 -1.4932 -3.226 1.4619 2.5544 -3.6052 -1.2888 -1.0069 -1.7235 -0.618
0 0 1 3 76.258 -1.8472 2.6671 2.1666 -5.3506 -0.77008 -4.268 0.86378 2.3047 -3.1119 -0.25677 -1.2018 -1.9647 -0.68942
0 0 1 3 76.555 -1.8333 2.1115 3.4425 -4.5594 -0.94901 -6.0623 0.058843 -0.891 -1.2734 0.64713 -3.5682 -0.39863 -2.4104
0 0 1 3 76.555 -1.8333 2.1115 3.4425 -4.5594 -0.94901 -6.0623 0.058843 -0.891 -1.2734 0.64713 -3.5682 -0.39863 -2.4104
0 0 1 3 76.594 -1.7778 1.9086 3.8854 -4.7664 -1.0961 -6.0415 0.098448 -1.6152 -1.3303 0.77223 -3.5244 -0.72298 -2.5747
0 0 1 3 76.77 -1.3153 3.6923 4.9145 -4.387 0.86443 -0.7973 -0.92365 -3.4197 -4.8703 0.67838 -1.4082 -3.2584 -2.4902
0 0 1 3 76.748 -0.99312 4.3528 5.0558 -4.117 0.68503 -1.3578 -1.2119 -3.2492 -5.6075 0.27186 -1.3953 -3.3536 -2.4681
0 0 1 3 76.555 -0.08785 5.3989 6.6564 -2.994 0.75015 -1.5283 -4.7896 -5.1389 -4.8138 -2.0367 -1.4952 -2.9734 -0.15752
0 0 1 3 76.546 -0.17114 5.1359 6.4563 -3.3501 0.6405 -1.7009 -4.5363 -5.3096 -4.9627 -2.9235 -1.8906 -3.3424 -0.52971
0 0 1 3 76.555 -1.8076 2.6045 3.3216 -3.4538 2.6385 -1.171 -3.6745 -1.427 -4.1346 -3.0581 0.3323 -3.7839 -0.92069
0 0 1 3 76.421 -1.9654 2.4629 3.0947 -3.467 2.8067 -1.2727 -3.544 -0.43412 -3.177 -3.0767 0.73743 -3.528 -1.5129
0 0 1 3 76.595 -1.3078 1.5972 3.9044 -4.8083 0.97015 -5.1084 -1.3126 0.29015 -3.7337 -3.1707 -3.1635 -0.14507 -0.75595
0 0 1 3 76.595 -1.3078 1.5972 3.9044 -4.8083 0.97015 -5.1084 -1.3126 0.29015 -3.7337 -3.1707 -3.1635 -0.14507 -0.75595
0 0 1 3 76.767 -1.1487 1.5107 4.0279 -4.4625 0.74818 -5.7745 -1.8982 -0.96317 -4.1079 -3.1312 -3.6752 0.21605 -0.25756
0 0 1 3 76.981 -1.3151 1.9624 3.9784 -4.3636 -0.67368 -6.8472 -1.919 -4.0225 -4.012 -2.5998 -3.8077 0.70524 0.43337
0 0 1 3 76.981 -1.3151 1.9624 3.9784 -4.3636 -0.67368 -6.8472 -1.919 -4.0225 -4.012 -2.5998 -3.8077 0.70524 0.43337
0 0 1 3 76.879 -1.3733 2.3069 2.9271 -5.2909 -1.0393 -5.7196 1.0805 -3.4789 -3.3323 -2.0213 -2.0926 -0.68629 0.70685
0 0 1 3 76.753 -1.3381 2.3685 2.6708 -5.3857 -0.50139 -4.9201 2.4929 -2.7363 -3.2311 -1.5873 -1.293 -1.3321 1.473
0 0 1 3 76.616 -1.3042 2.3361 2.4117 -5.3199 0.21341 -4.0404 3.603 -2.3268 -3.174 -1.5122 -0.8416 -1.9648 2.2053
0 0 1 3 76.374 -1.4621 2.1414 1.6883 -4.9387 1.2304 -2.2812 4.4798 -2.0185 -3.1068 -2.1545 0.17722 -2.1953 3.4585
0 0 1 3 76.235 -1.9311 2.5183 3.5715 -5.3085 0.48366 -2.7374 -1.4456 -4.394 -4.0522 -3.3085 -0.24831 -2.0351 2.9336
0 0 1 3 76.235 -1.9311 2.5183 3.5715 -5.3085 0.48366 -2.7374 -1.4456 -4.394 -4.0522 -3.3085 -0.24831 -2.0351 2.9336
0 0 1 3 76.279 -2.1577 2.1538 3.4222 -5.8443 -0.10287 -2.452 -1.2952 -5.0073 -3.0253 -3.7307 -0.83783 -2.1642 2.3915
0 0 1 3 76.551 -1.7758 2.1672 3.4738 -5.3199 -0.81055 -2.9255 -1.0837 -4.21 -2.3316 -4.7588 -1.6964 -2.0794 0.12396
0 0 1 3 76.6 -1.5975 2.2001 3.6512 -4.9435 -0.48172 -3.3885 -0.94034 -3.6771 -2.414 -4.876 -1.6002 -2.0555 -0.43471
0 0 1 3 76.559 -1.4245 2.149 3.987 -4.8168 0.51672 -4.7933 -0.57322 -2.0459 -3.4204 -4.9123 -1.2203 -2.1979 -0.5148
0 0 1 3 76.329 -1.6084 2.0099 3.8512 -4.9427 0.96218 -6.2431 0.21508 -0.49234 -4.448 -5.3791 -0.72247 -2.5844 -0.41368
0 0 1 3 76.163 -1.7309 1.9332 3.9782 -5.0488 1.0402 -6.8047 0.49855 -0.21231 -4.296 -5.7943 -0.46672 -2.616 -0.24705
0 0 1 3 76.06 -0.65212 4.1836 5.1398 -2.503 0.52521 -3.3216 1.7801 -0.35362 -3.558 -5.1085 -0.37118 -2.2558 0.65499
0 0 1 3 76.192 -0.38824 4.7964 4.0302 -1.5406 0.71213 -2.9522 1.6043 -0.92942 -4.7954 -2.6487 -0.48764 -1.6866 0.8813
0 0 1 3 76.702 -0.49277 6.2073 3.9096 -3.4139 1.5008 -2.8661 -3.6197 -6.1493 -5.5406 -2.8628 -3.2848 -1.9013 2.0173
0 0 1 3 76.702 -0.49277 6.2073 3.9096 -3.4139 1.5008 -2.8661 -3.6197 -6.1493 -5.5406 -2.8628 -3.2848 -1.9013 2.0173
0 0 1 3 76.35 -1.8092 3.1205 2.5665 -4.4382 -0.013651 -3.9186 -2.0168 -2.8302 -4.0376 -0.030695 -1.348 -1.9411 -1.1546
0 0 1 3 76.137 -1.9106 2.5121 1.0161 -5.5961 -0.026639 -1.8377 2.8915 -4.9064 -3.1743 -1.2126 -0.49659 -1.5409 -2.6628
0 0 1 3 76.183 -1.5561 2.6744 0.94105 -5.5376 -0.12218 -1.2838 2.7731 -5.5923 -4.2695 -1.7189 0.053386 -3.4289 -3.3305
0 0 1 3 76.218 -1.276 2.8934 1.0063 -4.3233 0.16643 -0.87091 1.795 -5.9632 -5.2058 -1.5821 1.2299 -4.3899 -3.1297
0 0 1 3 76.218 -1.276 2.8934 1.0063 -4.3233 0.16643 -0.87091 1.795 -5.9632 -5.2058 -1.5821 1.2299 -4.3899 -3.1297
0 0 1 3 76.3 -1.0193 3.2374 1.6675 -2.4317 -0.50674 -1.4648 -0.44553 -7.2947 -5.324 -0.46039 3.3055 -3.6907 -1.4366
0 0 1 3 76.343 -1.1685 3.2196 2.0245 -2.4878 -0.56408 -1.8385 -0.88111 -7.4297 -5.2762 -0.27746 3.5851 -3.3741 -0.88344
0 0 1 3 76.33 -1.6708 3.7594 3.0782 -5.3207 3.4689 -3.7691 -2.2788 -4.7778 -4.1027 -0.48783 -0.23451 0.14526 1.883
0 0 1 3 76.36 -1.1018 3.8537 3.0012 -5.0259 3.9584 -4.8507 -2.8031 -5.5574 -4.113 -0.45507 -1.9962 0.20119 3.0476
0 0 1 3 76.461 -0.94314 3.3697 2.5098 -2.8019 2.6162 -5.5612 -0.68618 -5.4258 -2.3006 0.90374 -2.0793 -0.012489 3.725
0 0 1 3 76.55 -1.0993 3.0163 2.1338 -2.4503 2.5509 -4.8651 0.52666 -5.5497 -2.021 1.0901 -1.5579 0.26933 3.6815
0 0 1 3 76.539 -1.0339 2.2249 1.32 -3.3565 2.3158 -2.2783 3.2731 -6.7085 -0.75719 -0.14609 -2.546 0.15513 2.4034
0 0 1 3 76.539 -1.0339 2.2249 1.32 -3.3565 2.3158 -2.2783 3.2731 -6.7085 -0.75719 -0.14609 -2.546 0.15513 2.4034
0 0 1 3 76.179 -0.55354 3.3323 1.8304 -4.5275 1.0833 -2.9181 2.6438 -7.2913 -1.8382 -3.7324 -4.6059 -1.3641 0.69731
0 0 1 3 76.171 0.10792 5.4821 3.9967 -1.7408 -0.91615 -3.3296 0.19441 -5.5643 -5.0269 -5.5989 -3.2497 -3.1089 -1.4225
0 0 1 3 76.25 0.02192 5.5473 4.0089 -1.5725 -0.89881 -3.2157 0.050852 -5.0416 -5.1611 -5.916 -3.038 -3.0907 -0.99983
0 0 1 3 76.446 -1.044 6.091 3.884 -3.8802 -1.2479 -3.5199 -1.1108 -4.7217 -3.5511 -4.8938 -0.89753 -3.0263 -0.8921
0 0 1 3 76.486 -1.1603 5.9963 3.3997 -3.6724 -1.3776 -3.3174 -1.493 -4.6415 -4.0687 -4.5014 -0.14054 -3.3622 -1.6242
0 0 1 3 76.486 -1.1603 5.9963 3.3997 -3.6724 -1.3776 -3.3174 -1.493 -4.6415 -4.0687 -4.5014 -0.14054 -3.3622 -1.6242
0 0 1 3 76.596 -1.2315 5.4701 2.3059 -2.8865 -0.68754 -2.0907 -1.5434 -3.5458 -4.6534 -3.4063 1.2033 -3.5082 -2.2799
0 0 1 3 76.683 -1.5052 3.6141 1.8155 -3.0101 0.2191 -1.8543 -0.53447 -0.86787 -4.5889 0.37658 0.37358 -3.7316 -2.8967
0 0 1 3 76.683 -1.5052 3.6141 1.8155 -3.0101 0.2191 -1.8543 -0.53447 -0.86787 -4.5889 0.37658 0.37358 -3.7316 -2.8967
0 0 1 3 76.708 -1.435 3.6951 1.9611 -3.1021 0.3601 -2.8298 -0.95527 -1.5321 -4.8905 0.49613 -0.10965 -3.8056 -3.1365
0 0 1 3 76.676 -1.2349 3.9825 1.8824 -3.4804 0.89831 -4.614 -1.8659 -3.1504 -4.6719 -0.60835 -0.93206 -3.945 -3.2194
0 0 1 3 76.676 -1.2349 3.9825 1.8824 -3.4804 0.89831 -4.614 -1.8659 -3.1504 -4.6719 -0.60835 -0.93206 -3.945 -3.2194
0 0 1 3 76.655 -1.5023 3.9329 1.2184 -3.987 -0.74299 -4.7863 0.010665 -3.1365 -3.9521 -5.0006 -1.0104 -4.8434 -3.7102
0 0 1 3 76.693 -2.4303 5.4062 3.3172 -3.6545 -2.5988 -5.1272 0.65252 -4.2661 -3.0906 -4.0408 -0.29986 -2.8089 -2.6911
0 0 1 3 77.024 -2.3889 5.7106 3.3446 -3.9647 -2.5943 -6.0844 0.29142 -4.7288 -2.1491 -3.3354 1.3278 0.432 -0.80338
0 0 1 3 77.326 -2.1117 4.6509 2.1263 -4.1403 -1.7534 -6.3079 -0.46797 -4.7589 -1.8476 -3.0085 1.0669 0.71939 -0.10185
0 0 1 3 76.782 -1.8224 2.7257 1.7309 -3.2357 0.62117 -2.7308 -1.382 -5.5503 -4.8387 -3.6898 -1.298 -2.8707 -0.02449
0 0 1 3 76.793 -1.8801 2.8454 2.064 -3.2696 1.3503 -2.0799 -0.84383 -5.4937 -4.9449 -3.7472 -1.1986 -3.2667 -0.53428
0 0 1 3 76.811 -1.9407 2.9843 2.3372 -3.132 2.2001 -1.7942 -0.30696 -5.0757 -4.7401 -3.692 -1.218 -3.2594 -0.81113
0 0 1 3 76.251 -2.1268 3.6029 2.7676 -2.1457 3.8473 -3.83 -0.85715 0.77992 -0.49519 -0.085693 -2.2437 -3.3351 0.38928
0 0 1 3 76.398 -2.0063 4.9898 3.4335 -3.8484 1.7782 -5.7583 -1.3045 -2.4338 0.51746 -1.6447 -1.5672 -2.0751 0.14361
0 0 1 3 76.316 -1.7932 5.2902 3.6726 -4.5183 1.4179 -5.7755 -1.2498 -3.274 0.62164 -1.7222 -0.6372 -1.3775 0.14569
0 0 1 3 76.275 -0.84825 6.2055 3.756 -4.7995 2.2826 -3.8072 -1.1494 -4.7246 1.3378 -1.1178 1.371 -1.1143 -0.34207
0 0 1 3 75.779 -0.29715 6.9712 3.2649 -3.8311 -0.71191 -3.0691 -4.8761 -6.2048 -3.0787 -7.4609 -1.6864 -0.86511 -1.9937
0 0 1 3 75.829 -0.31998 6.943 3.2272 -3.7755 -0.83767 -3.627 -4.5104 -5.6446 -2.9456 -7.0511 -1.6947 -1.4394 -1.7097
0 0 1 3 76.556 -2.0355 4.9496 1.4422 -2.65 0.54458 -5.2115 -1.2918 -4.1506 -4.265 -4.7694 0.68981 -2.7326 -0.56625
0 0 1 3 76.627 -1.9506 4.9558 1.7819 -2.2779 0.45427 -4.6102 -0.044068 -3.1311 -3.9062 -4.7401 0.88266 -3.3772 -1.363
0 0 1 3 76.631 -1.86 4.8301 2.7677 -1.5237 -0.074534 -3.4666 1.5471 -0.5834 -3.7175 -4.4644 1.6334 -4.0364 -2.2142
0 0 1 3 76.582 -2.2114 3.2505 4.777 0.96649 -0.14468 -3.1083 -0.17565 -1.455 -6.4128 -1.8199 5.0224 -5.4607 -2.6556
0 0 1 3 76.587 -2.3541 3.0163 5.1812 1.3507 -0.15284 -3.1927 -1.2957 -2.3587 -6.4182 -1.1801 5.2557 -5.2494 -2.734
0 0 1 3 76.587 -2.3541 3.0163 5.1812 1.3507 -0.15284 -3.1927 -1.2957 -2.3587 -6.4182 -1.1801 5.2557 -5.2494 -2.734
0 0 1 3 76.447 -2.4923 2.68 5.0499 0.78029 -0.51509 -2.5772 -2.3328 -3.5125 -5.7137 -1.3136 3.7859 -4.4412 -3.0396
0 0 1 3 75.977 -2.3356 3.3581 4.4106 -2.2837 0.065403 -1.6956 -1.4878 -3.5854 -3.782 -2.046 0.5566 -2.4229 -2.6023
0 0 1 3 76.054 -1.9205 4.0416 2.3943 -4.583 0.13706 -2.3249 -0.9292 -3.7555 -1.7817 -0.54543 0.35483 -0.23369 -2.0054
0 0 1 3 76.307 -1.6658 3.6817 1.0509 -4.3751 -0.52755 -3.2696 -0.80633 -3.2912 -2.6633 0.11144 0.82941 0.92885 -2.0895
0 0 1 3 76.408 -1.5543 3.4319 0.47602 -4.2845 -0.90928 -3.3302 -0.95458 -2.7587 -3.3632 0.20194 0.99912 0.97661 -2.115
0 0 1 3 76.486 -1.5065 2.4627 -0.055509 -4.0665 -2.1678 -2.023 -1.2058 -1.8182 -6.1212 -1.1094 0.27417 -0.90867 -1.4284
0 0 1 3 76.542 -1.5836 2.4487 0.68449 -3.679 -1.794 -1.2 -0.88874 -1.4035 -6.4462 -2.0652 0.077857 -1.8354 -1.4373
0 0 1 3 76.559 -1.7284 2.5592 1.641 -3.1633 -0.89245 -0.24865 -0.5113 -0.87441 -6.4323 -2.9513 -0.036083 -2.5573 -1.5757
0 0 1 3 76.559 -1.7284 2.5592 1.641 -3.1633 -0.89245 -0.24865 -0.5113 -0.87441 -6.4323 -2.9513 -0.036083 -2.5573 -1.5757
0 0 1 3 76.529 -1.8876 2.7362 2.4975 -2.671 0.31792 0.53032 -0.25437 -0.54058 -6.1687 -3.4741 0.13357 -2.9282 -1.6256
0 0 1 3 76.453 -2.0219 3.0628 2.9955 -1.7098 2.5618 0.59285 -1.5288 -0.40338 -5.0439 -2.8705 0.63366 -2.5459 -0.67191
0 0 1 3 76.453 -2.0219 3.0628 2.9955 -1.7098 2.5618 0.59285 -1.5288 -0.40338 -5.0439 -2.8705 0.63366 -2.5459 -0.67191
0 0 1 3 76.314 -2.1389 3.1568 2.736 -1.4477 3.4147 -0.6958 -2.6257 -0.53924 -3.9309 -1.4085 -0.31023 -1.7938 0.74842
0 0 1 3 76.153 -2.0881 3.1344 2.2941 -2.1629 2.3223 -2.2056 -2.2765 -0.80262 -3.147 -0.24448 -2.517 -2.2602 2.0234
0 0 1 3 76.178 -2.0751 3.5266 2.234 -2.9979 0.9812 -2.032 -0.34214 -1.3926 -2.8108 -1.2527 -3.2552 -2.3147 2.7743
0 0 1 3 76.549 -1.7487 4.7452 2.5246 -2.3656 -0.65471 -3.0152 1.0253 -2.7454 -2.0989 -1.432 2.5352 -1.0738 1.2823
0 0 1 3 76.592 -1.4948 5.1186 2.7172 -2.0945 -0.89219 -3.6767 1.0209 -3.3064 -2.8265 -1.5732 3.4715 -0.71487 0.58537
0 0 1 3 76.566 -1.1892 5.4251 2.8723 -1.866 -0.93627 -4.2832 0.96525 -3.7825 -3.7408 -2.1419 3.834 -0.2875 -0.22369
0 0 1 3 76.882 -0.79302 5.3359 3.5665 -1.8376 -1.6874 -5.3346 -0.64475 -4.0195 -3.2373 -5.775 0.52322 0.69611 -0.01412
0 0 1 3 76.882 -0.79302 5.3359 3.5665 -1.8376 -1.6874 -5.3346 -0.64475 -4.0195 -3.2373 -5.775 0.52322 0.69611 -0.01412
0 0 1 3 76.99 -1.3246 5.1514 4.3156 -2.2476 -2.227 -4.8157 -1.9479 -3.3635 -2.1906 -4.7668 -1.8359 -0.46051 -0.065677
0 0 1 3 76.827 -0.81602 7.1858 3.1347 -4.5229 -1.3733 -0.78279 -3.5769 -3.5011 -6.2606 -3.179 -3.5335 -2.1763 1.9498
0 0 1 3 76.866 -1.0853 7.1211 2.6699 -5.363 -1.1463 1.1333 -3.5595 -3.785 -5.3053 -2.7527 -2.3137 -3.4451 1.9067
0 0 1 3 76.871 -1.5963 6.1223 2.7597 -5.315 -1.0325 1.8096 -2.9594 -3.0612 -3.6435 -1.4669 -1.0248 -4.4769 1.2872
0 0 1 3 76.68 -2.4675 4.7349 3.3203 -5.0114 0.33262 -0.080348 -1.9543 -2.1447 -3.7572 0.10548 0.11671 -4.7626 -0.42088
0 0 1 3 76.61 -2.3847 4.857 3.4694 -5.8371 1.2144 -2.5678 -1.4841 -3.3522 -4.9539 0.061505 -0.20703 -4.129 -0.23224
0 0 1 3 76.584 -2.2981 5.0734 3.1922 -5.9849 1.4727 -2.9434 -1.453 -3.9374 -5.411 -0.085728 -0.42508 -4.1466 -0.24689
0 0 1 3 76.471 -2.3335 5.297 2.9134 -5.3587 1.6126 -3.2245 -1.1836 -4.7915 -6.3765 -0.48735 -0.29509 -4.1827 -0.79305
0 0 1 3 76.402 -2.4715 5.0893 2.7607 -4.6446 1.3865 -3.5087 -1.4057 -5.2872 -6.5203 -0.53047 -0.047211 -4.0862 -1.0735
0 0 1 3 76.755 -2.1229 3.9309 1.0723 -2.9544 0.043921 -4.6596 -2.5532 -5.504 -3.5471 3.5904 3.0747 -5.1691 -0.5843
0 0 1 3 76.796 -1.9435 3.8818 1.1195 -3.1581 -0.096096 -4.7089 -2.5669 -5.258 -3.1857 3.7376 3.646 -5.4505 -0.4739
0 0 1 3 76.752 -1.8327 3.8545 1.2228 -3.4506 -0.036685 -4.6529 -2.3506 -5.2381 -3.1195 3.5023 4.0002 -5.5797 -0.68131
0 0 1 3 76.752 -1.8327 3.8545 1.2228 -3.4506 -0.036685 -4.6529 -2.3506 -5.2381 -3.1195 3.5023 4.0002 -5.5797 -0.68131
0 0 1 3 76.37 -2.2768 3.4197 2.8535 -3.5868 0.545 -4.3734 0.25625 -4.9563 -4.257 -1.2009 1.4005 -4.5335 -0.046221
0 0 1 3 76.328 -2.3605 3.2277 3.3222 -3.0067 0.69917 -4.5771 0.7709 -4.3614 -3.9226 -2.3737 -0.032797 -4.6163 0.474
0 0 1 3 76.441 -2.2965 2.3263 3.6401 -1.9756 0.77688 -5.0465 -0.2085 -3.5505 -3.5921 -3.2649 -3.0383 -5.3605 0.51046
0 0 1 3 76.391 -2.5283 2.1654 3.3867 -1.9309 0.74559 -3.8636 -0.051878 -2.1666 -5.4312 -0.95601 -2.9983 -5.1866 -0.10079
0 0 1 3 76.372 -2.7614 2.176 3.2566 -1.8307 0.81066 -2.4138 1.3299 -1.5196 -4.7028 0.6658 -1.4764 -3.9344 -0.61659
0 0 1 3 76.481 -3.1295 3.3632 4.3495 -4.3766 -1.1696 -6.4385 1.0173 -1.8245 -5.9492 -4.3414 -0.64896 -1.0584 -1.4709
0 0 1 3 76.481 -3.1295 3.3632 4.3495 -4.3766 -1.1696 -6.4385 1.0173 -1.8245 -5.9492 -4.3414 -0.64896 -1.0584 -1.4709
0 0 1 3 76.512 -2.8977 3.4646 4.7649 -4.5954 -0.027655 -6.0198 2.8099 -2.5624 -5.8553 -4.8632 2.4622 -6.3391 -1.6445
0 0 1 3 76.504 -2.7835 3.7395 4.8674 -4.8903 0.56864 -5.695 3.6948 -2.7924 -5.5616 -3.4808 2.6649 -7.0605 -1.7262
0 0 1 3 76.47 -2.677 4.0399 4.9027 -5.2166 0.70527 -5.4477 4.5216 -2.8099 -5.1861 -2.0626 2.6516 -7.0886 -1.794
0 0 1 3 76.47 -2.677 4.0399 4.9027 -5.2166 0.70527 -5.4477 4.5216 -2.8099 -5.1861 -2.0626 2.6516 -7.0886 -1.794
0 0 1 3 76.58 -1.6772 4.1451 4.3276 -3.23 -1.7363 -5.303 3.0915 -2.0981 -2.2792 -2.3336 -1.297 -2.1945 -0.22205
0 0 1 3 76.761 -0.7054 5.0376 4.8278 -2.0363 -1.4647 -6.2034 2.7611 -4.7424 -2.7086 -0.11292 -0.99491 -3.6067 -0.36825
0 0 1 3 76.582 -0.75682 5.7995 5.1449 -2.4365 -0.95697 -5.8917 2.4137 -5.3956 -4.5033 0.79556 -0.23723 -3.2381 -1.3873
0 0 1 3 76.646 -1.2585 6.0713 3.775 -3.957 -2.0719 -3.0483 2.6565 -6.6149 -6.9433 -4.5805 -3.5252 -3.9161 -2.7195
0 0 1 3 76.677 -1.379 6.1467 3.2919 -3.8088 -2.0546 -2.7334 2.7094 -6.409 -6.474 -4.8295 -4.2759 -4.4131 -2.7772
0 0 1 3 76.741 -1.7475 5.8367 2.5361 -3.3284 -1.725 -2.7083 2.2482 -5.7379 -5.5762 -5.0673 -5.0541 -4.836 -2.6984
0 0 1 3 76.559 -2.5626 3.1347 3.6467 -2.8054 -1.6132 -4.3645 -1.6098 -4.8913 -3.8001 -3.3767 -1.9841 -4.288 -1.1052
0 0 1 3 77.133 -2.1665 3.3262 4.9632 -3.079 -2.3393 -3.5895 0.29646 -7.9993 -8.3282 -1.9243 5.0692 -0.038652 3.3902
0 0 1 3 77.27 -2.1487 3.6602 5.0224 -3.0244 -2.3824 -3.495 0.22506 -7.3634 -8.4165 -1.7269 5.0463 -0.2768 3.2302
0 0 1 3 77.27 -2.1487 3.6602 5.0224 -3.0244 -2.3824 -3.495 0.22506 -7.3634 -8.4165 -1.7269 5.0463 -0.2768 3.2302
0 0 1 3 77.27 -2.1487 3.6602 5.0224 -3.0244 -2.3824 -3.495 0.22506 -7.3634 -8.4165 -1.7269 5.0463 -0.2768 3.2302
0 0 1 3 77.364 -2.0062 3.8518 4.7098 -2.8805 -2.378 -2.8556 0.46885 -5.0189 -7.4583 -1.7825 3.8628 -1.9193 2.4722
0 0 1 3 77.364 -2.0062 3.8518 4.7098 -2.8805 -2.378 -2.8556 0.46885 -5.0189 -7.4583 -1.7825 3.8628 -1.9193 2.4722
0 0 1 3 77.056 -2.1391 3.6902 3.6288 -2.2935 -1.9269 -1.4848 1.3351 -1.5859 -6.1418 -2.5956 1.2666 -5.2668 0.70209
0 0 1 3 76.911 -2.2196 3.4193 3.0068 -1.6215 -1.3758 -2.4322 0.20914 -3.8295 -7.6149 -3.8768 -1.2658 -6.3267 -0.15327
0 0 1 3 76.608 -2.2232 3.585 2.9011 -1.3303 -1.8989 -2.983 0.27755 -6.0535 -7.603 -2.9841 -1.662 -4.9115 -0.26821
0 0 1 3 76.409 -2.4903 3.4008 3.7398 -2.2007 -1.3128 -2.2407 0.92466 -6.8519 -5.7305 0.60015 1.6608 -1.9064 -1.2452
0 0 1 3 76.824 -2.4124 3.8539 3.9708 -4.3432 -0.63581 -1.6807 2.4192 -3.7808 -4.6583 -0.77554 3.3344 -1.1005 -2.3008
0 0 1 3 77.023 -2.4184 4.1013 3.7107 -5.493 -1.0391 -1.2637 3.4055 -2.4532 -4.3446 -1.8096 3.3382 -1.3984 -1.2413
0 0 1 3 77.023 -2.4184 4.1013 3.7107 -5.493 -1.0391 -1.2637 3.4055 -2.4532 -4.3446 -1.8096 3.3382 -1.3984 -1.2413
0 0 1 3 76.77 -1.8234 3.9849 3.3912 -4.8448 -2.7125 -2.0538 1.6657 -3.601 -3.7187 0.27033 -1.499 -4.3134 -0.44913
0 0 1 3 76.578 -1.5583 4.3589 3.7915 -3.2594 -3.6355 -2.6675 0.15319 -3.3224 -3.5088 0.94333 -3.3096 -5.9408 -0.96202
0 0 1 3 76.475 -1.4516 4.5613 4.0856 -2.3896 -3.8327 -2.983 -0.47052 -3.2143 -3.4158 0.78229 -3.4424 -6.5564 -1.2136
0 0 1 3 76.311 -1.3003 4.6991 4.1796 -1.7793 -3.4632 -2.7407 -0.73986 -3.7713 -4.4378 -0.79597 -2.2478 -5.3989 -0.76209
0 0 1 3 76.001 -1.0743 4.7312 3.9902 -2.1296 -2.8387 -2.5349 0.37723 -5.1235 -5.8958 -1.5856 0.18932 -1.3681 0.68481
0 0 1 3 76.532 -0.21927 3.7843 4.2876 -1.1879 -1.6663 -4.063 0.0742 -5.0952 -5.956 0.027715 -1.9275 -2.3941 1.116
0 0 1 3 76.641 -0.30653 3.1911 4.6331 -1.3696 -1.1839 -5.3791 0.32599 -6.4012 -6.0965 -1.2499 -1.4413 -3.8659 0.13389
0 0 1 3 76.641 -0.30653 3.1911 4.6331 -1.3696 -1.1839 -5.3791 0.32599 -6.4012 -6.0965 -1.2499 -1.4413 -3.8659 0.13389
0 0 1 3 76.641 -0.30653 3.1911 4.6331 -1.3696 -1.1839 -5.3791 0.32599 -6.4012 -6.0965 -1.2499 -1.4413 -3.8659 0.13389
0 0 1 3 76.619 -0.48966 3.707 4.5008 -2.2777 -1.8674 -5.6689 -0.33934 -7.4254 -6.3605 -2.4248 0.20045 -3.3599 0.56665
0 0 1 3 76.867 -1.6369 3.8535 1.9383 -4.8309 -0.97899 -2.3991 -0.67828 -3.3383 -2.7875 -3.4776 -1.3085 -4.2442 0.15571
0 0 1 3 76.926 -2.1304 3.4003 1.2123 -4.4693 -1.2303 -2.5999 -1.8037 -1.7025 -1.5668 -2.4237 -2.3454 -5.4308 -1.063
0 0 1 3 76.91 -2.3469 3.1789 1.1075 -3.9891 -1.6879 -2.869 -2.3002 -1.2248 -1.5863 -1.9838 -2.551 -5.7278 -1.8012
0 0 1 3 76.944 -2.4105 3.8388 1.9736 -2.0317 -1.5866 -2.7313 -3.3958 -2.7973 -4.4029 -2.8677 -2.1295 -5.5202 -2.2006
0 0 1 3 76.966 -2.4282 4.4726 2.7239 -0.9904 -1.2587 -2.139 -2.6897 -5.2187 -5.6896 -3.3263 -1.417 -5.2341 -1.4085
0 0 1 3 76.937 -2.518 4.5637 2.9594 -0.44341 -0.92995 -2.1845 -2.4623 -6.1931 -5.996 -3.1562 -1.1423 -5.1369 -0.83362
0 0 1 3 76.937 -2.518 4.5637 2.9594 -0.44341 -0.92995 -2.1845 -2.4623 -6.1931 -5.996 -3.1562 -1.1423 -5.1369 -0.83362
0 0 1 3 76.739 -2.7178 4.3383 3.1004 0.8121 -0.057704 -2.8954 -1.9059 -6.5484 -6.0033 -2.6551 -0.64322 -4.9377 0.8509
0 0 1 3 76.739 -2.7178 4.3383 3.1004 0.8121 -0.057704 -2.8954 -1.9059 -6.5484 -6.0033 -2.6551 -0.64322 -4.9377 0.8509
0 0 1 3 76.616 -2.7443 4.0707 3.0437 1.1485 0.099272 -3.3364 -1.5488 -6.0965 -5.5718 -2.2615 -0.22321 -4.8036 1.5838
0 0 1 3 76.835 -2.6804 3.7664 2.0195 -1.946 -1.2651 -3.5992 -1.348 -3.0508 -2.3862 -3.0684 0.76473 -4.0971 1.2075
0 0 1 3 76.928 -2.732 3.938 1.8736 -2.576 -1.5193 -3.5675 -1.2166 -2.9321 -1.7072 -3.4959 0.69921 -4.427 0.89452
0 0 1 3 76.957 -2.8124 3.9753 1.8221 -2.9707 -1.7241 -3.538 -1.4394 -2.9405 -0.80837 -3.914 0.66366 -4.5756 0.68556
0 0 1 3 76.714 -3.1464 3.0582 1.9557 -3.5909 -1.8776 -3.3597 -2.3808 -3.364 0.312 -4.0927 1.0998 -4.0556 -0.34871
0 0 1 3 76.769 -2.8945 3.6376 3.2082 -2.5443 -0.13824 -1.3024 -1.2225 -2.331 -1.247 -1.4104 3.6522 -2.2783 -0.91031
0 0 1 3 77.067 -3.0539 4.0688 3.1901 -1.7785 -0.60918 -2.2226 -1.0875 -1.5122 -3.2205 -1.9409 4.1886 -2.4662 -0.78837
0 0 1 3 77.242 -3.4152 3.8917 3.1437 -1.3534 -1.7938 -3.4268 -1.5973 -2.199 -3.2742 -2.4645 3.5424 -3.4033 -0.15959
0 0 1 3 77.38 -3.6544 3.4595 2.8412 -1.2572 -1.7903 -4.7551 -2.1326 -3.9707 -3.2947 -3.6609 1.7917 -3.9913 -0.20757
0 0 1 3 77.38 -3.6544 3.4595 2.8412 -1.2572 -1.7903 -4.7551 -2.1326 -3.9707 -3.2947 -3.6609 1.7917 -3.9913 -0.20757
0 0 1 3 77.428 -3.5535 3.362 2.7976 -1.1324 -1.3146 -4.9517 -2.0951 -4.6351 -3.5375 -4.1077 1.024 -3.9937 -0.23491
0 0 1 3 77.21 -1.7113 4.7486 3.4776 -1.7486 -0.88338 -2.6128 0.15098 -5.2331 -4.4355 -2.892 0.14859 -4.0012 1.1904
0 0 1 3 77.008 -0.64645 5.8574 3.8873 -2.4274 -2.5153 -1.2478 1.3455 -4.6543 -5.0306 -1.5713 1.1013 -4.2637 1.4739
0 0 1 3 76.894 -0.29571 6.0422 4.0539 -2.5138 -3.1832 -0.86304 1.4725 -4.5847 -4.9859 -1.0354 1.4993 -4.0454 1.8872
0 0 1 3 76.894 -0.29571 6.0422 4.0539 -2.5138 -3.1832 -0.86304 1.4725 -4.5847 -4.9859 -1.0354 1.4993 -4.0454 1.8872
0 0 1 3 77.1 -1.0777 4.7039 4.9672 -1.3031 -1.8537 -1.5727 -3.208 -5.6097 -5.1731 -1.0335 -0.87321 -1.4952 -0.11201
0 0 1 3 77.312 -2.1382 3.6547 4.6152 -0.83303 -1.1809 -2.1457 -3.3379 -7.0133 -6.0456 -3.3081 -0.54475 -1.9507 0.88477
0 0 1 3 77.156 -2.7525 2.6865 3.8352 -3.262 -2.6563 -2.3827 -2.9418 -4.7293 -1.9177 -2.5803 -1.1174 -3.2364 1.3452
0 0 1 3 77.314 -2.5496 3.3644 3.3882 -5.1394 -4.4185 -2.731 -1.793 -3.4704 -1.1558 -2.7638 0.54421 -5.2625 -0.44494
0 0 1 3 77.333 -3.2148 4.4842 2.9608 -3.3743 -4.7101 -3.6987 -2.0074 -5.0088 -5.0464 -4.6083 1.0824 -4.9004 -2.092
0 0 1 3 77.233 -3.4894 4.4506 2.6213 -2.8823 -4.3116 -3.6541 -1.9104 -5.2882 -6.3509 -5.0336 0.87058 -4.5301 -2.5136
0 0 1 3 77.145 -3.7234 4.2814 2.3292 -2.4218 -3.5429 -3.5286 -1.6771 -5.0935 -7.0652 -5.2409 0.5061 -4.1278 -2.955
0 0 1 3 77.133 -3.7329 3.5751 2.2531 -3.1928 -0.75115 -2.9184 -0.8161 -4.4571 -5.2165 -2.5921 -1.42 -3.9515 -3.272
0 0 1 3 77.066 -3.0806 3.7614 2.2875 -3.6161 -0.86976 -3.0567 -1.6822 -5.6755 -4.3375 -1.1929 -1.1223 -4.4058 -1.6812
0 0 1 3 76.917 -2.463 3.8979 1.9784 -3.2686 -0.59885 -2.4829 -0.82979 -4.9851 -3.7785 -1.1744 -0.21258 -4.0272 -0.96491
0 0 1 3 76.476 -2.3608 3.1251 3.3067 -3.1852 -0.39234 -2.5201 -0.14072 -2.3013 -4.834 -0.19667 3.0446 -1.9243 -0.81495
0 0 1 3 76.415 -2.4593 2.8723 3.6703 -3.4264 -0.62983 -2.8492 -0.39334 -2.1275 -5.19 -0.14209 3.1213 -2.1694 -0.81866
0 0 1 3 76.36 -2.6396 2.6945 3.835 -3.9633 -1.0475 -3.1252 -1.085 -1.7159 -5.8586 -0.40204 1.9849 -2.7569 -0.7394
0 0 1 3 76.374 -2.6345 2.7195 3.7469 -4.0897 -0.92691 -3.2262 -1.3679 -1.6987 -6.3458 -0.78092 0.92932 -2.8817 -0.54781
0 0 1 3 76.428 -2.5189 2.9574 3.7714 -3.9852 -0.99926 -3.4858 -1.3406 -1.9049 -7.056 -1.3389 0.023606 -2.9094 -0.43725
0 0 1 3 76.468 -2.3744 3.1305 3.8941 -3.6488 -1.0552 -3.7791 -1.1386 -2.0795 -7.5617 -1.6601 -0.43441 -2.6518 -0.36476
0 0 1 3 76.483 -2.2026 3.321 4.0312 -3.3337 -1.0521 -4.1405 -0.9727 -2.1509 -7.7832 -1.7113 -0.53124 -1.99 -0.20766
0 0 1 3 77.036 -1.2746 3.054 5.8284 -0.22743 -3.5038 -4.5493 -1.75 -1.9503 -5.4065 -2.9021 1.4557 0.86171 -1.2185
0 0 1 3 77.036 -1.2746 3.054 5.8284 -0.22743 -3.5038 -4.5493 -1.75 -1.9503 -5.4065 -2.9021 1.4557 0.86171 -1.2185
0 0 1 3 77.1 -0.93458 3.2384 5.9012 0.28832 -3.781 -4.1526 -1.6943 -1.7969 -4.8384 -3.271 1.4258 0.60394 -0.95004
0 0 1 3 77.1 -0.93458 3.2384 5.9012 0.28832 -3.781 -4.1526 -1.6943 -1.7969 -4.8384 -3.271 1.4258 0.60394 -0.95004
0 0 1 3 77.016 -0.47459 3.6008 5.6518 0.073144 -3.9615 -2.5438 -0.98684 -1.9275 -4.699 -3.7748 1.1734 0.34416 0.4671
0 0 1 3 76.779 -0.54072 3.7073 3.7859 -1.9144 -2.9902 -1.3613 0.44128 -3.7189 -5.2125 -3.274 1.6758 0.91464 2.1601
0 0 1 3 76.72 -0.58267 3.6218 3.1629 -2.4165 -2.7112 -1.5021 0.44271 -4.2539 -5.5372 -3.2199 2.0836 1.1959 2.2722
0 0 1 3 76.72 -0.58267 3.6218 3.1629 -2.4165 -2.7112 -1.5021 0.44271 -4.2539 -5.5372 -3.2199 2.0836 1.1959 2.2722
0 0 1 3 76.987 -0.31014 4.6763 3.6058 -3.0089 -3.6907 -3.5926 1.0972 -3.4356 -4.1567 -0.46515 2.737 0.19598 0.48598
0 0 1 3 77 -0.34796 4.675 3.6946 -3.0917 -3.3798 -4.0027 0.96773 -3.2673 -4.1019 -0.38572 2.3615 -0.51473 0.24454
0 0 1 3 77 -0.34796 4.675 3.6946 -3.0917 -3.3798 -4.0027 0.96773 -3.2673 -4.1019 -0.38572 2.3615 -0.51473 0.24454
0 0 1 3 76.663 -2.5895 4.1022 2.2864 -3.478 -3.0695 -4.6941 -1.7256 -4.0646 -3.8415 -2.337 1.3951 -4.1479 -0.87438
0 0 1 3 76.671 -2.7891 4.3634 1.7641 -3.521 -2.5182 -5.4826 -0.89049 -3.9728 -4.8152 -2.264 -0.93818 -3.8698 -1.2097
0 0 1 3 76.612 -2.3226 3.9041 1.716 -3.2229 -0.37349 -5.888 -1.1509 -4.5161 -7.4039 -2.0431 -2.8449 -4.26 -1.5396
0 0 1 3 76.624 -2.1753 3.7461 2.0938 -2.7766 0.56697 -5.3438 -1.5238 -4.5192 -7.9285 -2.1759 -2.7607 -4.3325 -1.3879
0 0 1 3 76.684 -2.1967 3.9713 2.7971 -1.8706 2.3892 -3.5904 -1.4965 -4.0228 -7.0965 -2.7764 -1.627 -4.194 -1.6735
0 0 1 3 77.095 -2.4835 3.766 2.8948 -1.6886 2.1129 -1.6929 -0.03615 -0.1699 -0.68173 -0.50139 1.4414 -3.2692 -1.9592
0 0 1 3 77.136 -2.6155 4.1816 3.4108 -1.8158 0.94388 -1.377 0.26964 0.44253 1.5115 0.34857 0.83612 -3.6551 -3.1745
0 0 1 3 77.101 -2.5684 4.5968 3.7923 -1.7928 0.48485 -1.0483 0.66234 0.25106 1.9651 0.32825 -0.0045683 -3.8801 -3.7368
0 0 1 3 76.954 -2.4015 5.2179 4.2163 -1.852 -0.65443 -0.60068 1.7344 0.19895 1.5138 0.36993 -1.3872 -4.0513 -4.5402
0 0 1 3 76.864 -2.327 5.2511 4.2084 -1.7318 -1.1645 -0.87711 1.9328 0.27497 0.98389 0.20076 -2.3074 -3.6624 -4.4341
0 0 1 3 76.6 -2.4925 5.0601 3.2337 -2.3322 -2.0651 -2.1696 0.8788 0.21475 -1.0228 -1.1915 -3.9403 -2.0527 -2.7946
0 0 1 3 76.573 -2.4376 5.0717 2.5794 -2.6728 -1.8938 -1.8281 0.87549 0.097498 -1.6044 -1.3158 -3.4717 -1.3938 -1.6995
0 0 1 3 76.481 -2.2482 5.3415 1.5711 -3.2337 -1.0156 -0.61884 1.1514 -0.2353 -2.4459 -1.0695 -1.7394 0.019612 0.068494
0 0 1 3 76.829 -2.0374 4.7513 2.8836 -2.4321 -1.6635 -3.9667 0.21324 -0.64206 -2.5845 0.047493 -0.87577 -2.1703 2.2426
0 0 1 3 76.988 -1.7198 5.0438 3.2881 -2.1572 -2.2326 -5.0491 -0.54444 -0.87554 -2.6023 0.03403 -0.67827 -2.1115 2.2711
0 0 1 3 76.988 -1.7198 5.0438 3.2881 -2.1572 -2.2326 -5.0491 -0.54444 -0.87554 -2.6023 0.03403 -0.67827 -2.1115 2.2711
0 0 1 3 76.845 0.04016 6.7317 5.9461 -3.0396 -2.3006 -4.4132 -2.5444 -2.6899 -2.4675 -3.8389 -2.7253 -2.1242 1.1181
0 0 1 3 76.739 -0.16429 6.8173 6.3292 -4.0967 -0.86193 -1.7561 -1.6038 -3.1218 -5.3872 -4.7635 -2.7876 -2.4995 -0.74372
0 0 1 3 76.787 -0.26231 6.9777 6.6837 -3.7464 -0.32712 -0.23252 -1.2527 -4.5548 -6.208 -4.0873 -2.8709 -2.322 -1.6081
0 0 1 3 76.814 -0.43916 6.6843 6.6073 -2.981 0.30992 0.56357 -1.908 -6.4999 -5.2327 -3.7578 -3.8893 -3.0227 -1.0183
0 0 1 3 76.798 -1.0806 5.9293 5.7442 -2.5254 0.58657 0.78 -2.2116 -7.3729 -3.6738 -4.2395 -4.9214 -4.324 -0.23306
0 0 1 3 76.613 -2.4654 4.7663 2.8814 -4.5253 -0.0017881 -2.6121 -2.9023 -4.7388 -1.7195 -3.1947 -0.3033 -2.5082 -0.42477
0 0 1 3 76.548 -2.5734 4.4093 2.508 -5.1106 0.22049 -4.3126 -3.3962 -3.0743 -1.3221 -0.99847 0.29779 -2.0645 -0.93686
0 0 1 3 76.713 -1.7359 3.6504 2.9669 -5.4276 0.71208 -4.5297 -0.9197 0.18794 -3.419 0.078079 -2.9675 -2.2343 -3.0786
0 0 1 3 76.713 -1.7359 3.6504 2.9669 -5.4276 0.71208 -4.5297 -0.9197 0.18794 -3.419 0.078079 -2.9675 -2.2343 -3.0786
0 0 1 3 76.447 -1.7863 3.5698 2.4268 -6.3567 -3.7598 -5.5897 1.1313 -4.1125 -4.2092 -0.35118 -2.1124 -2.6164 0.2005
0 0 1 3 76.662 -2.0885 4.3103 3.1546 -5.0761 -3.4044 -5.1011 1.4339 -4.6453 -3.0936 -0.56109 -2.1251 -2.6807 0.46398
0 0 1 3 76.757 -2.4125 4.6318 3.9222 -3.4415 -2.8454 -5.0532 1.3095 -4.0569 -2.4386 -2.2936 -2.3328 -2.2225 0.63018
0 0 1 3 76.757 -2.4125 4.6318 3.9222 -3.4415 -2.8454 -5.0532 1.3095 -4.0569 -2.4386 -2.2936 -2.3328 -2.2225 0.63018
0 0 1 3 76.773 -2.5186 4.3402 4.0809 -2.4108 -3.211 -5.9765 0.84621 -3.5245 -2.5981 -5.1839 -2.4122 -0.17965 1.5926
0 0 1 3 76.776 -2.5775 4.1396 4.0396 -2.3453 -3.3325 -6.2262 0.52215 -3.3137 -2.4075 -5.7489 -2.1448 0.36031 1.8368
0 0 1 3 76.857 -3.1877 3.3444 4.0587 -3.869 -2.5493 -6.0085 -0.9875 -2.5786 -1.9532 -4.6671 -0.49366 0.50617 0.89291
0 0 1 3 76.895 -3.7616 3.4119 4.3728 -5.6872 -2.7356 -4.9544 -2.4232 -4.4753 -3.6734 -1.6004 0.55362 -1.6423 -1.4959
0 0 1 3 76.915 -3.6288 3.3815 4.016 -6.2247 -2.9799 -4.5935 -2.7765 -5.0194 -4.0738 -1.283 0.63199 -1.649 -1.679
0 0 1 3 77.161 -2.6035 3.3004 4.1457 -5.3148 -2.0371 -3.3468 -2.0845 -3.1701 -2.3091 -0.47294 1.1673 0.16246 -1.3283
0 0 1 3 77.085 -2.0347 3.8352 5.0153 -3.814 0.32093 -4.4941 -0.45455 -3.7688 -0.68821 0.91257 2.3202 0.9883 -1.3058
0 0 1 3 77.179 -1.3716 5.7654 6.5654 -3.0672 -0.33895 -5.9721 -4.6558 -4.7177 -4.1933 -0.51619 -0.66129 0.54675 1.7206
0 0 1 3 77.191 -1.3757 5.6867 6.4039 -3.1578 -0.51105 -5.2916 -4.7139 -4.5373 -4.6472 -1.3325 -1.2873 0.57701 1.7796
0 0 1 3 77.191 -1.3757 5.6867 6.4039 -3.1578 -0.51105 -5.2916 -4.7139 -4.5373 -4.6472 -1.3325 -1.2873 0.57701 1.7796
0 0 1 3 76.649 -1.4521 5.1008 5.4279 -4.1966 -0.18919 -1.2317 -3.634 -2.5134 -5.1763 -5.0776 -1.0305 -1.3287 -0.48861
0 0 1 3 76.802 -1.0537 4.7054 5.3591 -3.9583 -0.36993 -2.1349 -4.9312 -2.4148 -5.8812 -5.1334 0.70057 -2.0429 -1.1038
0 0 1 3 76.939 -0.99964 4.4139 5.0459 -4.0632 -0.49426 -2.8255 -5.217 -2.5952 -5.9165 -4.5248 0.74098 -1.7211 -1.6369
0 0 1 3 77.142 -2.8456 4.1031 5.0152 -4.6645 -0.14073 -2.3039 -1.8737 0.34498 -1.0516 0.23672 2.0232 -3.864 -3.4551
0 0 1 3 77.104 -2.6411 4.7428 5.1444 -4.9109 0.3687 -2.8203 -1.487 -0.70511 -0.73675 -2.0111 1.1025 -4.1774 -2.7287
