1 1 1 3 74.013 -23.103 3.1923 5.6265 -9.4237 4.2338 2.6267 -4.695 3.8226 -3.6016 1.673 -0.92577 -2.2787 -2.5513
1 1 1 3 73.392 -22.12 4.7633 5.0657 -9.2749 4.7282 1.0649 -4.1452 3.8153 -3.7724 1.3305 -1.3484 -2.783 -0.82222
1 1 1 3 73.445 -23.21 3.1158 5.388 -9.0033 4.1348 2.1888 -6.4527 4.5069 -3.2649 2.2259 -0.69631 -3.1489 -1.7525
1 1 1 3 75.094 -23.216 5.1884 7.3874 -8.8378 5.452 3.4177 -5.5491 4.49 -1.7135 1.2174 -0.16072 -0.35435 -1.955
1 1 1 3 76.252 -22.323 4.9671 6.0502 -11.335 3.1682 0.097174 -7.1363 3.0058 -5.1792 -1.3981 -3.1493 -2.7188 -3.7618
1 1 1 3 72.871 -21.867 4.8669 3.3974 -9.7711 5.3354 1.3848 -4.9705 4.1799 -4.6315 1.2744 -1.3858 -2.5035 -3.0307
1 1 1 3 73.911 -22.176 4.0601 3.9926 -8.7826 6.0046 1.8675 -2.9147 4.0625 -3.4882 2.5849 -1.281 0.27349 -1.9175
1 1 1 3 71.695 -24.802 5.5819 2.7728 -9.9565 4.7725 -0.52856 -5.0597 1.9584 -4.5857 -0.3255 -4.4165 -2.5946 -3.6847
1 1 1 3 72.84 -23.151 3.5824 3.3719 -9.2271 4.5048 -0.27413 -4.3023 2.1809 -4.846 0.74341 -2.0907 -2.635 -3.6985
1 1 1 3 72.791 -22.901 4.2293 4.7263 -8.0094 5.352 1.0649 -5.9945 1.936 -3.191 2.0924 -1.7397 -1.8212 -1.0017
1 1 1 3 71.577 -23.563 4.6987 3.8726 -8.052 5.0249 1.0759 -4.1218 2.9982 -4.0223 1.7476 -1.6721 -3.7332 -1.854
1 1 1 3 70.663 -25.183 4.7106 4.6328 -9.0297 4.4777 2.634 -5.4232 2.5521 -2.8808 1.4194 -0.87783 -3.7839 -2.1439
1 1 1 3 73.688 -23.611 3.3379 4.5329 -8.117 5.3794 3.4202 -6.6802 4.904 -2.7009 2.3558 -2.0919 -2.4915 -1.6515
1 1 1 3 73.357 -22.679 4.7804 5.1283 -8.2312 5.0716 2.7996 -4.6552 4.7256 -1.8312 1.4017 -0.20947 -1.5038 -0.16816
1 1 1 3 73.929 -23.921 2.5688 4.1574 -9.3599 4.4519 3.0232 -5.9011 4.5317 -2.1492 0.61246 -0.54648 -3.8874 -1.7553
1 1 1 3 73.716 -23.272 5.7583 6.4005 -8.8109 2.8294 4.9675 -6.9483 5.1036 -2.8603 0.56281 1.0427 -2.6223 0.1528
1 1 1 3 73.137 -24.612 5.2247 6.0205 -8.2144 4.732 5.6868 -8.6249 7.0535 0.57738 -1.4073 1.8326 -3.1785 -1.0865
1 1 1 3 74.923 -23.461 4.6903 6.9 -7.2468 3.9992 5.883 -8.3864 6.9844 -4.0553 -0.011018 1.8185 -1.5741 -0.94507
1 1 1 3 74.524 -25.39 2.4911 9.0634 -9.3625 3.0547 4.8505 -9.0048 4.66 -0.73134 -3.9373 -0.96012 -0.78866 -1.7429
1 1 1 3 76.3 -21.408 4.0412 7.6131 -9.2687 2.9237 3.4843 -11.026 6.8774 -3.2664 -3.6546 -0.042133 -2.4514 -2.3453
1 1 1 3 73.732 -24.107 2.7202 4.863 -10.397 3.3619 1.0286 -5.0619 4.6889 -4.832 2.2765 -3.2187 -2.4924 -3.8939
1 1 1 3 73.802 -21.775 5.3652 4.3055 -8.7197 4.7538 0.95501 -4.9026 3.8445 -4.2907 2.4585 -2.1225 -3.082 -0.9945
1 1 1 3 73.341 -23.841 4.1519 4.5054 -9.5235 4.3218 2.0582 -4.4831 4.6343 -4.1268 2.2453 -1.6357 -2.9932 -2.3729
1 1 1 3 72.403 -24.061 3.8727 4.0952 -8.9874 5.1446 1.1028 -5.1528 3.1101 -3.9846 1.2174 -0.92266 -3.229 -1.1403
1 1 1 3 73.45 -23.646 4.0683 3.4107 -9.2245 4.9762 1.2455 -5.901 2.5324 -4.0776 2.1058 -0.48462 -3.045 -0.83505
1 1 1 3 72.537 -24.562 4.6395 3.6113 -10.286 3.4601 1.9143 -5.9607 2.0393 -5.7778 1.4116 -1.1562 -5.1641 -2.5826
1 1 1 3 72.963 -23.956 4.3504 4.3727 -9.3396 4.4257 4.5174 -5.9355 4.34 -3.1229 2.6121 -0.56367 -4.0639 -0.036628
1 1 1 3 73.542 -23.472 5.1454 5.5772 -8.1992 5.6911 5.9688 -6.9679 5.0605 -1.363 1.88 0.64796 -3.2422 2.5568
1 1 1 3 74.537 -22.952 4.8487 5.172 -6.7291 6.5242 5.1348 -8.6375 6.0299 -0.25047 0.88865 2.1665 -1.145 0.38541
1 1 1 3 74.293 -24.726 3.5709 1.9732 -8.3486 4.0446 5.1728 -11.525 8.3986 -3.6986 -2.3173 2.463 -2.3662 -2.9744
1 1 1 3 74.876 -24.727 4.2635 5.2398 -5.0955 1.5347 5.0954 -10.451 5.9029 -4.8056 -3.0812 0.23834 -4.2722 -1.3716
1 1 1 3 73.304 -27.518 5.8286 5.3674 -6.8589 -0.89649 4.9615 -10.645 8.6319 -1.4105 -4.5527 1.1146 -4.93 -0.33529
1 1 1 3 74.949 -25.815 5.6847 5.9063 -9.3428 1.8013 3.6757 -7.1093 8.4044 -1.932 -3.7748 1.0005 -1.6184 -2.4265
1 1 1 3 77.525 -21.944 4.9989 5.7085 -8.1802 4.586 4.0328 -8.777 9.1664 0.49644 -0.82679 -0.34588 -1.8255 -4.8495
1 1 1 3 79.945 -18.618 2.3182 3.3669 -7.9353 2.1087 5.2699 -7.5081 7.4685 -1.9028 -3.1657 2.6451 -5.1611 -1.4111
