1 0 1 3 55.769 -21.025 9.7066 -10.649 0.097472 -4.4163 -7.3613 2.5742 -6.1943 5.8143 -8.4464 -1.5754 -1.1143 -2.2376
1 0 1 3 55.733 -20.584 10.221 -10.233 -1.6984 -4.2237 -8.4064 4.9813 -3.9268 3.528 -7.003 -1.7902 0.8471 -4.2912
1 0 1 3 55.133 -21.399 9.0021 -10.9 -2.1057 -5.5851 -6.9146 5.9602 -4.8843 3.3326 -9.1588 -2.5178 -0.98812 -5.6457
1 0 1 3 55.957 -20.735 9.3302 -10.993 -1.3145 -4.1958 -12.002 6.3109 -6.6568 4.1197 -5.6764 -0.47074 1.7551 -2.1655
1 0 1 3 55.854 -19.726 9.9521 -11.791 -0.58307 -6.3023 -7.3259 6.5666 -3.9196 5.0354 -7.8193 1.5116 0.014341 -3.1952
1 0 1 3 56.304 -19.355 9.395 -12.768 0.057279 -7.1521 -6.7825 6.5742 -5.5581 3.7028 -8.2438 0.7873 -1.0213 -5.857
1 0 1 3 56.56 -20.164 8.7928 -11.143 0.29811 -7.0281 -10.535 3.115 -8.1431 2.8389 -7.9294 0.55163 -1.9638 -4.195
1 0 1 3 55.971 -20.476 8.1388 -9.5622 -2.5271 -3.2667 -12.927 3.5632 -0.75474 0.76581 -6.2017 -2.6643 0.96758 -5.2388
1 0 1 3 56.568 -19.23 8.7764 -12.419 -0.26187 -3.5233 -5.5681 -0.26674 -8.4197 -0.75427 -4.6529 0.45177 -0.85682 -5.6034
1 0 1 3 55.652 -21.086 9.3468 -9.91 -3.9527 -5.4262 -13.382 5.2571 -0.80852 1.9367 -2.9084 -1.9738 -0.82352 -4.4265
1 0 1 3 55.163 -20.815 9.5492 -10.075 -3.5407 -7.9693 -11.657 5.5256 -3.4167 4.0062 -7.0268 -0.98737 -0.92469 -3.8262
1 0 1 3 55.702 -20.784 10.614 -11.997 -4.113 -4.2204 -8.632 5.4501 -5.6545 2.1167 -7.3231 -0.37193 -0.099866 -4.3855
1 0 1 3 55.822 -20.103 10.944 -11.615 -3.1266 -4 -7.3116 6.2149 -5.5464 3.1041 -7.4134 0.54068 0.011187 -4.1477
1 0 1 3 56.045 -20.934 9.2303 -9.8452 -3.8467 -3.6186 -11.958 4.7928 -3.2714 -0.20405 -6.5255 -1.9726 1.0871 -8.0734
1 0 1 3 56.305 -20.598 8.9147 -12.58 -4.2849 -7.2151 -11.747 4.1961 -5.1217 5.2836 -4.5392 -2.7868 1.0228 -4.9181
1 0 1 3 55.832 -20.848 8.4666 -11.587 -3.1986 -3.9192 -11.65 7.3515 -6.769 4.7251 -5.6741 -4.8919 -0.06563 -3.9564
1 0 1 3 56.492 -20.927 8.1416 -9.9315 -3.3451 -4.1802 -9.7992 7.7921 -5.5428 1.2167 -4.1299 -6.1399 -0.49072 -4.2428
