1 0 1 3 69.731 -28.123 3.2214 9.9764 -12.084 -4.3369 3.5117 -2.3194 2.1828 -1.5505 -6.3001 3.227 -3.3399 -1.9803
1 0 1 3 69.59 -28.633 2.6372 10.275 -11.978 -4.8011 2.6149 -3.3253 2.2196 -1.8534 -6.5326 2.5876 -4.0212 -2.2338
1 0 1 3 70.061 -27.722 3.2415 8.8782 -9.404 -3.5606 3.4844 -5.2318 1.8286 -0.3583 -3.364 4.0123 -3.277 -2.9264
1 0 1 3 70.211 -28.202 2.589 11.299 -10.177 -4.0015 0.72034 -5.2273 0.28884 -1.7641 -5.1108 3.3148 -1.5218 -1.4508
1 0 1 3 71.509 -25.685 4.0044 9.4851 -8.7577 -1.0738 4.4289 -4.1496 2.9924 0.65444 -2.8077 2.313 -1.8905 -2.8351
1 0 1 3 70.391 -26.974 3.481 10.432 -9.0216 -1.4138 4.672 -3.166 2.9915 -0.81642 -3.5459 4.1003 -1.8881 -2.0319
1 0 1 3 69.934 -28.3 3.5875 9.5515 -11.18 -5.2358 3.7436 -5.5938 1.0927 -1.5235 -2.1248 3.9327 -1.9244 -2.2236
1 0 1 3 69.952 -28.181 3.6216 9.9164 -10.82 -5.2322 2.9815 -6.2637 0.89292 -1.7628 -2.3538 4.0375 -1.9854 -2.344
1 0 1 3 70.254 -27.507 3.9639 10.166 -11.666 -4.6422 3.1816 -6.2755 2.1498 1.2266 -2.6963 2.5075 -0.48465 -1.6616
1 0 1 3 70.772 -26.69 3.8158 10.351 -11.181 -3.3115 4.1426 -5.8564 2.2526 -0.29532 -2.7235 4.079 -0.8588 -0.95816
1 0 1 3 70.114 -27.948 3.1793 10.427 -10.733 -4.5753 3.1961 -3.5796 2.2882 0.019971 -3.7511 2.6017 -5.0934 -4.2509
1 0 1 3 69.749 -28.627 2.2966 12.711 -10.426 -4.3889 2.9198 -5.2862 3.613 -0.16937 -5.4656 1.1799 -3.5555 -2.2857
1 0 1 3 70.986 -27.206 4.3373 11.988 -10.308 -3.9767 5.5978 -1.0649 3.2078 -1.6159 -5.1129 1.9773 -3.1912 -1.2537
1 0 1 3 71.286 -26.665 3.899 13.395 -9.6648 -3.3971 5.5793 -2.9607 5.1182 -0.16956 -5.2197 1.1713 -2.6275 -1.6633
1 0 1 3 70.719 -27.39 3.9123 10.916 -10.012 -3.4104 2.3819 -3.0657 2.148 -0.59627 -3.1758 2.8321 -1.8125 -1.1904
1 0 1 3 71.156 -27.913 2.5768 12.502 -9.1865 -2.1115 4.7925 -3.2787 2.9902 -0.4763 -3.0909 3.0989 -0.059196 -0.79202
1 0 1 3 64.698 -20.982 6.5144 7.01 -8.792 4.9061 -3.9985 6.0521 0.20932 -0.79928 2.1539 -1.6866 0.99552 -3.6656
1 0 1 3 65.308 -20.115 7.7483 5.0509 -9.8986 10.437 -2.0174 -2.8537 1.1984 1.6838 1.6959 -1.2765 1.2628 -2.352
1 0 1 3 65.322 -20.856 8.5196 5.2184 -10.292 8.5832 -0.11334 -2.0862 2.2192 -3.2955 1.4911 0.24688 0.3073 -1.0203
1 0 1 3 65.611 -22.207 9.5447 4.6882 -9.3342 7.3647 0.95519 -2.6499 4.2277 -3.5141 1.5121 -2.6831 -0.23454 -4.2668
1 0 1 3 71.14 -26.182 3.9261 10.099 -10.315 -2.0638 5.217 -1.7049 1.1433 -3.1497 -4.7738 6.1966 -1.2636 -2.9467
1 0 1 3 70.945 -27.244 1.4257 12.388 -8.5975 -0.84903 4.8585 -6.5469 2.6944 -1.8418 -3.163 3.4641 1.2215 -1.3077
1 0 1 3 65.868 -23.662 7.692 4.125 -7.5782 4.5716 3.0452 -2.7533 4.3429 -3.7121 1.6381 3.9858 1.3675 -2.0974
1 0 1 3 71.512 -24.334 4.7222 11.156 -10.199 -0.69486 2.9492 -3.5479 3.1569 -0.66133 -4.353 4.0139 -0.90084 -1.9291
1 0 1 3 71.048 -27.289 2.4369 13.909 -9.4381 -1.9547 3.6222 -3.6578 3.6611 -1.6228 -3.2869 6.6739 0.6523 -1.6991
1 0 1 3 71.048 -27.289 2.4369 13.909 -9.4381 -1.9547 3.6222 -3.6578 3.6611 -1.6228 -3.2869 6.6739 0.6523 -1.6991
1 0 1 3 71.922 -26.468 2.2644 11.666 -9.0709 -0.38913 4.3044 -5.5729 0.26277 -2.6954 -1.3415 2.9899 -1.4602 -3.1829
1 0 1 3 71.844 -26.671 2.3382 12.915 -8.5051 -0.55302 4.8107 -6.4022 1.0603 -2.4353 -0.81141 2.8503 -0.13088 -2.3268
1 0 1 3 67.446 -21.642 10.205 4.8014 -10.185 6.4872 0.59665 -4.7804 5.0122 -4.1689 0.7704 0.55336 2.7378 -1.9847
1 0 1 3 67.162 -21.06 3.8985 1.5516 -7.4474 4.2889 -2.0601 -3.4398 4.0304 -2.9676 2.2019 3.1967 1.2255 -1.3028
