1 0 1 3 68.293 -22.022 7.5772 10.702 -10.703 1.2244 6.5744 -3.3669 0.2747 -0.76366 -1.9271 0.20747 3.0515 -3.6656
1 0 1 3 70.466 -27.537 5.9547 8.4893 -7.4408 3.03 6.2561 -1.5872 0.34985 1.4437 0.69821 4.3486 -3.1825 -2.8643
1 0 1 3 71.391 -26.41 6.1821 8.838 -6.7324 3.596 5.3696 0.034992 1.1879 1.039 1.2478 5.3959 -3.0619 -2.9481
1 0 1 3 71.655 -25.848 6.2107 8.7022 -6.9175 3.5369 5.4776 0.12106 1.0019 0.18405 0.48303 4.9823 -2.733 -2.7385
1 0 1 3 66.882 -22.36 3.9741 8.6436 -8.3483 -1.6628 9.6537 -6.5594 2.2541 1.9354 -5.5144 -1.288 2.6485 -0.17174
1 0 1 3 70.559 -24.909 7.4296 8.9381 -7.3672 0.061983 2.6007 0.79073 2.1081 -0.69857 -0.3632 4.9258 -3.1936 -2.6194
1 0 1 3 72.069 -24.338 7.1202 9.3366 -7.0968 0.81054 4.6987 -2.6563 0.61591 -2.3898 2.9752 5.5782 -2.3561 -4.2716
1 0 1 3 72.016 -24.558 6.8275 9.3259 -6.8873 0.81334 4.398 -3.7512 0.50379 -1.4922 4.1977 5.9758 -2.1671 -4.8381
1 0 1 3 68.961 -24.22 3.3728 4.9239 -9.4849 2.2294 4.3828 -5.874 2.1365 1.8489 -1.4653 -0.0092294 2.4336 3.7937
1 0 1 3 68.796 -24.47 3.2652 5.1198 -9.5633 1.1479 4.0229 -6.1265 1.5892 0.58015 -1.4717 1.1408 3.1295 3.2044
1 0 1 3 69.032 -23.225 4.9122 6.2277 -9.7415 -0.38617 4.0229 -4.9639 -0.98649 -2.3738 0.17494 3.3647 3.5006 0.77351
1 0 1 3 74.327 -24.38 2.9989 5.3752 -6.4116 1.4523 3.3246 -2.4365 -0.12893 -0.9636 -1.6477 4.6668 0.32996 0.34688
1 0 1 3 75.193 -23.115 2.7733 5.1084 -6.0182 2.328 3.7755 -2.6582 1.0763 -1.1061 -2.7466 3.2648 -0.00084625 -0.52867
1 0 1 3 77.561 -15.007 -4.4239 -1.7931 -5.0577 2.5747 2.218 -12.141 -1.0297 3.0179 1.4959 -1.8559 -0.12589 -2.6781
1 0 1 3 74.079 -20.068 3.2177 3.104 -5.5388 8.0797 2.0908 -9.2681 -0.41019 3.5764 4.5589 -1.9627 -0.32104 -1.4737
1 0 1 3 73.798 -20.498 3.5773 3.8973 -5.3253 7.5019 2.3893 -8.484 -0.41397 2.8513 4.2546 -1.9522 0.33941 -0.69374
1 0 1 3 73.142 -21.326 4.2506 9.5652 -8.9629 1.3454 4.0682 -3.0336 1.2266 0.57 0.54089 -0.53986 2.8995 1.6673
1 0 1 3 72.916 -21.609 3.7922 10.964 -10.287 0.12869 6.0305 -2.9232 0.53362 -0.22811 0.33647 0.20981 1.5192 0.85425
1 0 1 3 72.658 -21.72 3.3308 10.352 -10.011 0.29736 7.4361 -3.9403 -1.1212 -0.25055 2.9897 1.7113 0.56322 0.3841
1 0 1 3 68.344 -20.302 4.8641 9.5766 -10.396 1.2593 1.6611 0.53286 5.7447 -1.1836 -0.79961 1.9109 -3.3009 -0.26756
1 0 1 3 74.419 -24.091 5.1799 7.4087 -7.5936 -1.7392 2.8835 -3.0973 1.8075 0.61343 1.4055 4.8712 -3.4469 -2.4813
1 0 1 3 73.129 -26.46 4.2405 8.079 -7.2081 -2.0689 2.7817 -3.3532 1.8203 1.2593 3.8627 7.0448 -2.5989 -2.9175
1 0 1 3 69.044 -19.475 6.3452 10.179 -7.099 0.50557 4.7139 0.94034 0.15955 1.0535 -1.1683 1.4984 0.10132 -0.94316
1 0 1 3 70.069 -18.387 5.5171 9.2064 -8.4322 -0.42467 5.5112 -4.0624 -0.18636 -1.2596 -1.4837 4.9773 -1.0589 0.40458
1 0 1 3 69.225 -20.528 5.97 8.1941 -6.4237 -2.2708 3.6962 -2.3855 2.4702 -1.8051 0.63311 3.7863 -2.4396 0.2491
1 0 1 3 69.932 -20.708 5.0544 9.4324 -6.3788 -1.2127 4.1971 -0.11601 2.7695 -4.09 -0.95705 3.2482 -1.2024 -1.8247
1 0 1 3 69.473 -22.772 4.2328 11.347 -6.9733 -3.3219 1.3458 1.195 1.4316 -3.3045 2.1153 0.36148 -1.859 -1.0519
1 0 1 3 69.553 -21.807 5.1543 10.94 -8.4704 -4.5391 4.5129 -0.10903 -0.50403 -1.5228 2.8377 0.17459 -0.98578 -0.28883
1 0 1 3 72.004 -26.17 6.1692 10.279 -6.6737 -2.9299 0.87508 -3.9762 -0.2915 0.7229 -0.31142 5.0788 -3.6414 -2.5469
1 0 1 3 72.307 -26.366 5.1043 10.168 -5.8447 -1.1913 1.133 -5.6986 -0.21005 -0.42611 0.64248 5.298 -2.3785 -1.544
1 0 1 3 68.608 -22.772 5.3797 6.1482 -8.4495 -0.1233 1.8986 -4.5727 1.8079 -2.4989 1.6071 0.57139 -2.3819 -1.9935
1 0 1 3 68.388 -22.846 4.6447 6.1115 -8.5548 0.43426 4.1391 -2.8127 2.9034 2.4588 0.25812 0.19505 -3.7295 -2.2678
1 0 1 3 69.815 -22.464 4.3453 7.7011 -8.9657 3.4162 4.3222 -4.8954 2.7043 1.3044 -2.3851 -1.8575 1.5864 -2.27
1 0 1 3 71.025 -20.966 4.5247 5.6223 -8.5027 2.9903 3.9625 -5.9183 3.2859 0.16094 -2.8903 -1.3111 1.8166 -2.2841
1 0 1 3 69.475 -23.043 8.7982 9.6442 -8.7123 -0.86923 0.70074 -3.9072 2.1011 1.1588 -1.494 1.5108 0.70951 -2.7887
1 0 1 3 73.549 -25.229 6.5739 11.151 -8.1492 -1.4473 3.8201 -5.596 0.94882 -1.4758 -2.4235 3.646 -1.4076 -3.163
1 0 1 3 73.189 -25.392 6.6469 12.876 -8.169 -1.5353 4.6672 -5.3069 3.0458 -1.4355 -2.0444 3.6533 -2.9582 -2.7025
1 0 1 3 70.099 -17.783 6.5833 8.7535 -9.7264 -0.35393 3.0372 -1.9902 -0.28349 2.6575 -4.0363 0.76671 1.0209 -5.8187
1 0 1 3 68.946 -24.028 8.3238 5.5742 -6.633 -0.53272 3.0311 -0.37357 2.8306 -0.094477 1.202 0.20973 0.47884 -0.72042
1 0 1 3 70.084 -22.416 9.0623 4.4675 -6.8471 1.725 2.5395 -2.6145 4.2274 -0.48848 1.1292 1.4078 -0.37963 -0.13735
1 0 1 3 70.21 -23.276 8.9359 8.0317 -4.2757 3.0951 5.9486 -0.47171 -1.2267 -1.2371 1.6107 2.9134 0.56687 -2.9194
1 0 1 3 72.123 -21.024 8.9315 7.5191 -7.447 1.7718 5.5529 -3.3216 1.2873 -0.50328 -1.9349 1.2262 1.3974 -1.6167
1 0 1 3 70.788 -22.139 8.3694 11.505 -7.7933 2.1037 6.0841 -3.3352 1.2311 -1.4967 -0.12976 0.90709 1.0307 -1.776
1 0 1 3 70.477 -20.113 7.5326 10.012 -11.909 7.2068 -0.11889 -4.1889 2.0392 -1.22 -1.3217 0.89174 1.5627 -3.7294
1 0 1 3 69.517 -20.5 8.4893 8.8369 -11.932 7.8457 -1.0386 -2.8884 1.8663 -4.0438 -1.1683 1.8267 1.488 -2.4409
1 0 1 3 70.645 -22.202 10.721 6.3732 -9.5733 1.5762 -0.65818 -2.1778 3.5743 -3.3661 3.3217 0.9118 -1.7173 -1.4003
1 0 1 3 71.316 -23.362 8.7635 7.1145 -7.2938 1.2631 0.25674 -2.4026 4.1356 -3.8571 -1.5294 2.8958 0.73681 -2.2719
1 0 1 3 71.174 -21.304 9.9475 5.1746 -9.7973 2.3005 3.7237 -5.0524 0.42532 0.18949 0.29662 -0.90671 0.93535 -2.7734
1 0 1 3 68.626 -20.987 7.9086 10.243 -9.6814 1.5193 0.86757 2.1872 -0.99782 -2.6049 2.0322 -1.5012 -2.7149 -4.9762
1 0 1 3 69.677 -20.311 6.2431 8.8358 -8.6975 2.7883 2.0274 1.3173 -1.4472 0.63171 1.4321 -0.23141 -0.13044 -5.2789
1 0 1 3 70.159 -20.583 10.021 6.438 -6.324 2.1642 1.4423 -0.20244 0.46583 -1.1453 -2.9423 -0.20491 -0.69753 -2.1422
1 0 1 3 69.8 -25.857 6.9551 6.999 -6.9993 0.719 3.4113 -3.7695 1.8022 -1.8208 -0.90815 3.8184 -0.12642 -3.5379
1 0 1 3 70.294 -25.636 6.7395 6.2101 -6.9063 -0.95079 1.7077 -3.0524 1.3557 -0.9205 -2.853 1.4593 0.74974 -3.2794
1 0 1 3 68.867 -21.923 6.3131 5.3746 -5.7315 0.92038 -1.9829 -2.1379 2.8944 -0.93214 -0.95259 1.1897 2.6481 -1.9097
1 0 1 3 71.532 -23.789 8.5661 7.1171 -9.4991 0.51996 1.9841 -0.71542 4.3207 0.76233 0.047011 -4.8523 -3.9685 -3.3191
1 0 1 3 68.841 -18.607 3.3489 9.4435 -11.602 -4.0319 4.3481 -8.0314 6.2295 -2.0356 1.2709 -3.1802 -2.6531 -4.0504
1 0 1 3 71.912 -21.705 7.573 4.304 -6.1639 -0.55213 3.0789 -2.4414 2.3408 -1.8887 -0.63075 1.8399 -0.33017 -1.0926
1 0 1 3 70.312 -26.963 7.3332 7.2915 -8.2515 -1.7299 4.4051 -0.24448 2.0624 -0.51319 -4.3899 0.42585 -0.61796 -2.2926
1 0 1 3 70.148 -26.273 6.971 6.7873 -9.5518 -0.18467 3.9516 -1.2876 3.1274 -0.33593 -1.8194 0.42708 1.0448 -2.6819
1 0 1 3 67.871 -23.269 5.3631 9.1912 -7.5172 3.6947 0.50106 1.5508 3.1609 1.9378 2.6361 0.73548 -0.52762 -6.1524
1 0 1 3 67.601 -20.144 8.3026 7.5099 -12.738 8.3469 -4.7484 1.6335 -0.090929 -4.5811 -0.35437 -1.9595 0.68746 -1.3519
1 0 1 3 70.876 -23.622 9.1892 7.6334 -8.5625 3.8112 0.46681 -0.2649 3.8975 -7.9585 3.8253 -0.12372 -1.8349 -3.931
1 0 1 3 70.936 -24.306 8.8282 8.8587 -10.821 2.9411 3.9223 -1.6658 2.7307 -6.597 -0.19194 0.050783 -1.3936 -1.6624
1 0 1 3 69.258 -21 6.5387 7.7728 -10.674 2.5093 -0.43753 -1.8955 2.8252 -5.4546 4.652 -1.747 -0.36937 -3.3912
1 0 1 3 68.401 -21.833 6.2255 9.0109 -10.753 1.5695 -1.2714 -1.3319 2.2392 -6.5631 6.0002 -2.512 -1.5635 -3.8086
1 0 1 3 66.976 -18.232 5.929 7.9161 -10.221 6.2127 -0.21579 1.5305 -2.1097 -2.1683 2.9312 -3.0486 -0.47934 -2.6776
1 0 1 3 68.852 -23.967 8.991 5.1876 -7.216 2.6776 -0.3498 -1.5767 1.4935 -1.9653 1.3429 0.42339 -0.53916 -1.3768
1 0 1 3 68.449 -25.558 9.1062 7.1315 -5.9753 1.8338 0.81112 -3.1579 4.7661 -3.877 1.2983 1.8446 -0.2733 -0.74746
1 0 1 3 68.204 -23.491 8.1209 5.5747 -7.9231 3.0942 -0.70566 -1.7569 5.7027 -6.9613 -0.71504 -3.5752 -3.4408 0.1584
1 0 1 3 66.908 -24.386 6.4963 4.3223 -4.2213 6.2809 -1.2811 -2.2399 1.6923 -5.1812 3.3305 1.695 0.73494 -1.1375
1 0 1 3 65.491 -22.679 8.8071 4.9906 -8.9733 2.2456 1.4287 -1.8387 1.8156 -4.1053 4.952 -3.1409 -1.8671 -2.8448
