1 1 1 3 66.633 -24.334 2.7175 4.7429 -7.5002 0.53824 6.2945 -0.3457 0.49934 4.3897 -0.27199 5.8266 -1.0271 4.5725
1 1 1 3 66.745 -24.228 2.6617 4.7631 -7.2593 0.96976 6.5875 -0.011511 0.36304 5.0181 -0.53458 5.4251 -1.9754 3.9272
1 1 1 3 67.033 -24.018 3.2293 5.4742 -7.8386 0.9771 6.4699 0.99629 -0.8615 4.2513 0.090359 5.1692 -3.5084 1.9035
1 1 1 3 67.28 -24.177 3.4179 7.8026 -9.3843 0.66509 5.6309 -0.32279 0.6309 4.0681 -0.50581 4.1953 -3.8136 0.13664
1 1 1 3 67.429 -25.497 2.5263 5.7526 -9.3478 1.5156 6.4232 0.077227 -0.49943 3.5395 -1.2985 3.7957 2.7667 4.4128
1 1 1 3 67.864 -23.249 4.6282 7.1207 -9.5972 0.67668 4.4666 -0.96333 -0.93914 0.34472 -2.477 4.5208 -1.014 0.89193
1 1 1 3 66.479 -24.172 3.8042 5.3773 -7.469 0.44642 6.9397 -1.7453 -1.1605 3.0315 -0.05822 6.6191 -0.58804 3.6014
1 1 1 3 66.752 -23.995 3.7587 5.0194 -7.5225 0.068398 7.3287 0.49518 -0.92224 3.7149 -1.9963 6.7656 -1.5345 2.7553
1 1 1 3 66.734 -25.178 3.7116 6.1635 -7.9897 -0.31434 6.6829 1.3047 -0.34629 4.0704 -0.3565 6.3291 -3.6007 1.8221
1 1 1 3 66.684 -25.139 3.8259 7.5295 -9.0252 -0.7731 5.973 0.2074 -0.76073 2.1268 -0.92897 5.7257 -2.9273 2.7584
1 1 1 3 68.208 -23.876 3.1928 7.1998 -8.5397 -0.79107 6.792 -0.83668 -2.501 3.1031 -1.4664 4.0964 -2.6157 1.0779
1 1 1 3 67.505 -24.417 2.9918 7.231 -7.6814 0.052136 6.634 -0.87381 -3.87 2.2974 -2.4835 4.3337 -2.6514 3.5368
1 1 1 3 66.494 -24.505 3.0856 8.8316 -8.9031 1.9032 7.7301 0.19766 -0.96498 0.49889 -1.2647 6.4872 -2.5687 2.9831
1 1 1 3 67.779 -25.207 2.46 7.8595 -7.9866 -0.45615 5.268 -2.5114 1.6098 3.4972 -2.1989 5.5191 -0.48042 1.7433
1 1 1 3 67.417 -25.428 2.5317 8.213 -8.0134 -0.09002 5.7234 -1.7444 2.2385 3.9871 -0.90939 5.7635 -1.1991 2.0444
1 1 1 3 66.709 -24.32 3.007 6.3061 -7.1719 0.19239 4.8305 -1.5677 -0.62649 4.3688 2.331 6.2081 -1.1664 2.7696
1 1 1 3 67.76 -23.277 2.7847 5.1218 -8.3789 -1.4597 3.9028 0.75931 0.18633 5.3701 -2.0843 3.1046 -4.4384 3.5781
1 1 1 3 67.113 -24.212 2.3207 7.9456 -9.6436 -0.43126 3.884 -0.4629 0.38196 3.4877 -0.26118 6.0464 -3.8922 2.7654
1 1 1 3 68.916 -23.61 3.4928 7.2061 -9.8471 -0.36944 5.8223 -1.7871 -1.6344 1.338 -0.40016 5.1325 -1.0254 4.0595
1 1 1 3 68.245 -24.145 3.577 8.9913 -9.6187 1.2619 6.5252 -1.2822 0.15448 0.64675 -0.093452 5.8303 -1.2093 2.4912
1 1 1 3 66.292 -22.563 4.3663 5.576 -8.4945 0.17577 3.9809 1.044 1.721 1.681 -0.97328 2.3118 -2.2934 2.029
1 1 1 3 66.641 -23.945 3.3733 6.3656 -8.5001 -1.4224 4.2179 0.11388 0.024824 4.8634 -0.77128 7.9385 -0.73161 2.5129
1 1 1 3 66.448 -24.595 2.5995 8.7993 -9.1196 0.56032 6.6256 -1.4988 0.51985 3.6304 0.88837 7.9095 -1.1419 1.4176
1 1 1 3 67.235 -24.546 2.5496 6.0444 -8.6293 0.74383 6.349 -2.0199 -1.055 4.8685 -1.0562 4.7718 -0.69572 4.1044
1 1 1 3 68.226 -23.863 2.9046 5.8488 -8.8753 -0.28119 5.1321 -0.50927 -2.4052 4.0477 -0.92646 5.4586 -4.4951 1.1818
1 1 1 3 67.618 -24.312 2.9195 8.3196 -10.334 0.88559 7.2768 0.85324 1.279 3.1335 -0.77763 5.1592 -4.5085 0.13787
1 1 1 3 67.688 -24.786 1.9547 6.6924 -9.8182 -0.35681 5.8621 -2.0198 -0.3473 3.5265 0.04771 6.0243 2.7363 3.5604
1 1 1 3 67.688 -24.786 1.9547 6.6924 -9.8182 -0.35681 5.8621 -2.0198 -0.3473 3.5265 0.04771 6.0243 2.7363 3.5604
1 1 1 3 68.662 -23.888 3.1017 8.138 -9.0229 -0.7383 5.0037 -2.1896 -2.7333 3.5281 -0.29098 5.0855 -2.693 0.33467
1 1 1 3 67.658 -24.161 3.0433 9.3649 -9.8804 0.83013 6.093 -1.8813 -1.498 1.175 -1.6536 4.2916 -2.9735 1.2519
1 1 1 3 67.998 -24.447 2.4478 8.1494 -8.5959 -1.2665 6.8535 -1.0544 -2.6968 2.7677 0.58483 5.3168 -2.8144 0.94217
1 1 1 3 67.747 -24.709 2.8151 9.0626 -7.6874 -0.36038 6.7158 -0.4666 -2.1117 1.8343 -0.79062 4.2008 -3.9273 -0.0038292
1 1 1 3 67.119 -24.479 3.3028 9.3687 -10.013 0.19972 6.8648 0.59682 1.1265 0.79046 -1.2879 5.0834 -1.9662 0.23921
1 1 1 3 67.115 -23.605 3.4314 5.0488 -8.2682 0.44756 4.7253 -1.8667 -1.1495 3.5653 2.0988 6.0716 -0.99724 2.2114
1 1 1 3 67.954 -23.946 3.4021 6.6906 -8.5445 0.091122 6.448 -1.2056 -4.1597 2.0493 -1.2818 5.8974 -2.7411 2.7848
1 1 1 3 67.164 -24.729 2.5879 8.3691 -9.5964 0.24207 7.4276 0.46957 -0.10084 2.1881 -1.7789 5.8381 -2.5603 2.3574
1 1 1 3 67.736 -23.816 3.7903 6.8217 -7.8705 0.068964 5.6634 -1.0273 -1.2956 3.4902 -1.6179 0.947 -2.3226 0.35458
1 1 1 3 67.995 -24.117 3.6791 7.0832 -9.035 -1.5232 5.0696 -0.42048 -2.4412 2.595 -1.3828 6.3138 -1.1884 4.0358
1 1 1 3 67.516 -24.525 3.7942 8.6973 -10.484 -1.2499 6.3263 -0.40447 -1.7597 0.50282 -2.463 5.7706 -1.4003 3.4531
1 1 1 3 67.182 -24.122 3.9567 7.6964 -8.2313 -0.46798 4.3656 -2.2106 -0.13103 3.369 -0.22125 3.2252 -2.0822 0.51462
1 1 1 3 67.437 -23.657 3.7397 5.8944 -7.3964 0.055593 5.7483 -1.9384 -2.6476 4.2844 -1.7229 4.4487 -3.4049 2.2118
1 1 1 3 67.177 -23.499 3.6241 8.8659 -9.2565 0.83461 5.4781 -3.2261 -0.34953 0.64419 -1.4869 4.678 -2.4472 2.77
1 1 1 3 67.207 -23.564 3.853 6.0341 -8.2845 -0.59577 5.7881 -0.49474 -2.3631 2.7722 0.2095 4.9397 -3.4819 1.346
1 1 1 3 67.724 -24.517 3.2243 7.8676 -7.9229 0.52067 6.7697 -0.45018 -2.9295 -0.25972 -1.9619 3.9781 -3.7669 2.144
1 1 1 3 67.193 -24.876 3.7311 10.375 -8.4503 0.75931 7.3014 -0.80884 -1.621 -0.67873 -1.4135 3.7718 -4.0984 1.2484
1 1 1 3 67.512 -23.772 3.366 6.3864 -7.4183 0.34277 5.1502 -3.6318 -1.9522 3.3039 0.30814 3.4085 -0.91841 3.5596
1 1 1 3 68.293 -24.847 2.647 7.8232 -8.2898 0.21718 4.9567 -2.4656 -1.4169 3.1087 -0.35527 4.7294 -3.4327 3.684
1 1 1 3 68.14 -25.409 2.1603 8.5141 -8.6284 0.60777 5.1671 -3.0172 -1.2985 2.0644 0.38151 5.6199 -2.4416 3.6374
1 1 1 3 66.799 -23.637 2.4606 5.7189 -7.6513 2.3147 7.1938 0.14854 0.61771 2.7726 0.8167 3.5349 -1.7356 1.0011
1 1 1 3 67.45 -23.946 3.1834 6.7944 -8.3082 0.15147 6.585 0.20779 -3.5735 1.1654 -0.79181 7.5074 -1.1589 3.0307
1 1 1 3 67.314 -24.176 2.4274 8.2019 -10.513 0.7468 5.7093 -0.8994 -0.29076 2.2523 -0.18188 6.227 -2.6759 1.1311
1 1 1 3 67.725 -23.168 3.8122 5.9282 -9.249 1.5548 7.2739 -2.8966 0.56924 3.9275 0.91531 3.92 -0.14745 1.3848
1 1 1 3 67.658 -24.18 2.5941 5.5488 -9.8804 0.57702 7.5317 -2.4951 0.50232 5.8287 1.8209 4.6411 -0.05434 1.325
1 1 1 3 68.046 -24.329 2.6045 6.5283 -9.3275 0.42397 7.3292 0.47736 -2.1958 3.2109 -1.1085 4.7311 -4.4559 0.70095
1 1 1 3 67.656 -24.782 2.0475 8.6905 -9.7491 1.8656 7.5308 -0.48282 -1.5024 0.082314 -0.071614 5.5675 -3.3413 1.4772
1 1 1 3 68.443 -23.034 2.9133 7.4882 -8.6494 -0.19503 5.6147 -2.8884 -1.3906 3.3742 -1.9985 3.0743 -1.9424 -0.4949
1 1 1 3 67.817 -23.954 2.8451 7.4379 -8.7573 -0.62947 6.0966 -0.97388 -1.8734 2.5073 -1.6706 4.8503 -2.6786 1.3572
1 1 1 3 66.877 -24.277 3.6554 10.046 -9.4755 -0.094306 5.6747 -1.1273 -0.72193 1.5676 -1.4622 5.013 -2.2337 2.3678
1 1 1 3 69.008 -23.376 2.9887 6.5828 -8.8982 -0.26495 5.6965 -1.9565 -0.91404 1.8055 -2.2977 1.9413 -2.3028 4.5326
1 1 1 3 68.354 -24.123 2.5237 7.5312 -9.9615 -0.36403 5.2109 -2.0744 0.83721 1.8485 -1.6087 2.4391 -2.3856 3.5526
1 1 1 3 67.669 -24.03 3.7387 7.1173 -8.9707 -0.99452 6.6781 -1.2604 -1.9392 4.1176 0.86103 2.9112 -0.63038 2.6392
1 1 1 3 67.669 -24.03 3.7387 7.1173 -8.9707 -0.99452 6.6781 -1.2604 -1.9392 4.1176 0.86103 2.9112 -0.63038 2.6392
1 1 1 3 67.742 -24.922 2.0765 7.0438 -7.362 1.1236 5.8245 0.51695 -2.9824 4.107 -1.361 4.5692 -1.9303 2.1093
1 1 1 3 67.01 -25.153 2.2425 9.6011 -8.3828 1.9038 4.3012 -0.64982 -1.7043 2.7316 -0.88094 5.3111 -1.8523 1.4237
1 1 1 3 68.019 -24.028 2.2647 6.1808 -8.743 -0.21332 6.0161 -2.2145 -0.72308 4.1249 -1.3782 2.3718 -1.173 2.4159
1 1 1 3 68.359 -23.639 2.4088 6.2718 -8.2646 -0.50465 5.7551 -2.4754 -1.1441 5.1014 -0.56006 3.0684 -0.55342 2.5718
1 1 1 3 67.807 -24.312 2.5648 6.893 -8.835 -1.0547 6.1416 0.87395 0.31274 5.4188 -0.12622 3.0719 -4.6231 0.63614
1 1 1 3 66.982 -25.032 1.9498 7.9284 -9.674 0.58023 6.1838 0.71741 2.5405 4.1332 0.27758 4.5406 -4.2994 0.78805
1 1 1 3 66.426 -24.372 3.3502 5.6048 -7.5676 0.39436 8.7614 2.776 0.27698 3.9407 2.4917 5.0101 -4.7193 -0.19854
1 1 1 3 67.353 -24.234 2.9104 5.393 -8.2069 1.9407 6.8054 0.89321 -2.5566 3.0826 -1.8691 5.8595 -3.9041 2.8766
1 1 1 3 67.489 -24.428 3.2187 8.6514 -8.7974 2.2992 6.2376 -0.63256 -1.4559 0.76452 -2.4386 5.5761 -1.6827 2.8079
1 1 1 3 68.026 -23.127 4.2472 7.2681 -9.1231 0.60242 7.0417 -2.1847 -1.9381 3.7819 0.37401 3.8648 -1.4621 1.2172
1 1 1 3 66.987 -25.221 2.0298 6.5834 -6.5502 2.7554 6.7217 -1.5603 -2.5901 3.6778 0.67003 5.5748 -2.4359 2.706
1 1 1 3 66.818 -25.392 2.1548 7.4741 -8.7428 2.7531 7.2287 -1.2553 0.38337 2.7526 0.48396 6.2568 -1.7151 2.0148
1 1 1 3 67.961 -23.749 4.0329 8.0511 -8.1822 -0.36983 7.7592 -2.4466 -4.4546 0.70691 -0.42845 5.8541 -2.3171 -1.072
1 1 1 3 67.841 -24.695 3.5331 9.1765 -7.2694 1.0903 6.333 -1.5757 -5.2858 0.41633 -3.57 5.2034 -2.6682 -0.41894
1 1 1 3 67.79 -25.077 3.9136 9.3865 -7.2301 0.14983 5.1518 -0.81656 -3.4471 1.8325 -3.0819 3.8815 -3.8481 0.29396
1 1 1 3 67.647 -25.23 4.0739 9.6336 -8.3848 -0.20283 5.1789 -0.16381 -1.3701 2.7899 -1.8129 4.3711 -3.7784 0.45763
1 1 1 3 66.8 -24.754 3.5105 8.1893 -6.9926 1.8191 5.8722 -4.6663 -3.2178 0.40708 -0.047751 3.4713 1.5692 4.0367
1 1 1 3 67.169 -24.642 3.4331 8.6388 -7.0015 0.99496 5.8545 -5.0044 -4.8025 0.65042 -0.63027 3.8192 0.88659 2.7102
1 1 1 3 68.008 -23.736 3.6275 7.0266 -8.5289 0.71278 6.6469 -1.1075 -1.8459 3.5484 0.19656 3.8081 -3.8413 1.4648
1 1 1 3 67.243 -24.297 3.0965 8.4566 -9.9265 1.0628 6.0388 -1.7413 0.7716 2.1358 -0.11056 3.5754 -3.9706 0.99546
1 1 1 3 68.074 -23.916 3.7538 8.6703 -8.8509 -0.91496 7.2213 -0.94266 -1.4574 2.8092 0.52241 4.9185 1.0378 1.4585
1 1 1 3 68.231 -24.01 3.4294 8.5855 -9.3268 -1.109 6.9394 -1.2445 -2.3178 2.0506 -0.66054 4.21 0.56566 0.43354
1 1 1 3 68.717 -23.232 3.828 8.5765 -9.5604 -1.2659 6.283 -1.8572 -2.9258 2.5272 -0.90542 3.9884 0.079211 -0.0013053
1 1 1 3 68.109 -24.375 3.268 8.2598 -9.0863 -0.30352 7.4663 -0.24373 -2.6802 3.1028 -0.70742 5.0403 0.43583 0.88765
1 1 1 3 67.607 -25.426 1.7969 7.0269 -8.8713 0.41705 7.8542 1.5436 -0.063825 5.0714 0.83902 6.3488 -1.5554 0.74606
1 1 1 3 67.522 -25.266 1.7754 7.2731 -8.9089 1.4298 7.7362 1.1586 0.21382 3.7776 0.34621 6.2347 -1.3953 1.5039
1 1 1 3 67.963 -24.626 2.7009 7.49 -9.1571 0.81074 8.1792 -2.614 -3.3778 2.4601 -0.97135 2.3885 -0.71036 1.2807
1 1 1 3 67.481 -25.435 2.101 7.6764 -8.7649 -0.084205 7.1289 -0.47935 -2.3304 3.8036 0.099714 5.5062 -0.68781 3.241
1 1 1 3 66.841 -25.369 1.8158 8.6362 -8.9277 1.023 7.1514 0.31414 0.37208 2.2738 -1.5796 4.7777 -1.6904 3.3259
1 1 1 3 67.381 -21.964 6.3329 7.239 -7.2843 0.22514 4.036 -1.6545 -0.055589 1.2707 -0.32046 3.2868 -3.1812 2.1853
1 1 1 3 66.521 -23.739 4.8411 7.225 -6.5221 0.828 4.8205 -1.0458 -0.32091 1.5489 -0.34985 4.236 -2.8075 2.0839
1 1 1 3 67.291 -24.538 3.5491 7.4139 -7.5502 1.1436 6.3899 0.63984 -1.745 2.295 -0.97354 6.7369 -1.0065 2.2129
1 1 1 3 67.07 -24.57 2.9319 8.7297 -9.2441 2.5473 6.26 -0.60623 0.12447 1.6917 -0.52447 5.8362 -1.6596 1.6202
1 1 1 3 68.032 -22.615 4.2096 6.6834 -8.8187 0.06448 6.7771 -3.0087 -1.3235 2.3829 -1.0834 1.3973 -2.0139 0.75203
1 1 1 3 67.475 -24.004 3.1769 6.7847 -8.7377 -0.58343 6.401 -1.7021 -1.7803 3.3543 -1.0711 3.0947 -1.4953 1.3225
1 1 1 3 67.552 -24.803 3.4683 8.1271 -8.2131 -1.7003 2.9987 -1.2826 -0.13954 4.928 0.071211 6.2703 -3.3915 1.8528
1 1 1 3 67.404 -24.996 3.5759 8.6208 -8.3742 -1.6267 3.3422 -0.89865 0.084596 4.5025 -0.017247 6.2143 -3.4575 1.7805
1 1 1 3 67.719 -21.757 4.4505 5.5289 -8.2614 -0.49596 4.7285 -2.6011 -0.09548 3.3967 -1.6242 2.0991 -1.5319 1.4427
1 1 1 3 67.03 -23.725 2.7901 5.6809 -8.5496 -1.2755 4.8604 -1.1775 0.148 6.622 -0.080886 4.2709 -0.17561 2.5414
1 1 1 3 67.762 -24.114 3.3194 6.725 -8.7911 0.1732 4.5461 -1.0795 -3.0946 2.1233 -0.85276 5.5185 -2.1519 3.3837
1 1 1 3 67.668 -24.245 2.669 7.5269 -10.141 0.012644 4.5074 -1.4655 -0.30013 2.0322 -1.9702 4.3286 -3.5287 -0.016723
1 1 1 3 68.335 -23.499 3.1886 6.5626 -9.1983 -1.0203 6.2977 -2.3595 -0.50951 1.6707 -0.36943 2.1939 -0.62323 1.4551
1 1 1 3 68.115 -24.798 1.4299 6.525 -9.502 -1.7677 6.0176 -0.88578 -1.1208 5.3286 0.093154 6.4099 -1.172 3.0884
1 1 1 3 67.456 -24.828 2.1976 7.8718 -10.623 -1.4474 3.9011 -1.0996 1.181 6.3786 0.051111 5.0958 -2.8912 1.4973
1 1 1 3 68.219 -24.317 1.9983 6.9713 -8.1118 0.074429 5.7665 -0.53751 -0.85925 4.6212 -2.9398 4.4815 -1.332 0.46377
1 1 1 3 68.05 -24.864 1.9788 7.4543 -8.5022 -0.49884 5.8382 0.27909 -0.61375 3.1959 -1.9492 4.9894 -1.0044 1.6337
1 1 1 3 67.562 -25.262 1.8411 8.4536 -8.648 1.1054 5.8603 -0.73187 -0.92035 2.675 -0.082089 6.2295 -0.89276 2.2047
1 1 1 3 67.656 -24.43 2.4026 6.5488 -9.204 -0.58255 7.4084 1.6391 1.7378 5.1308 -2.1387 1.886 -2.044 2.2283
1 1 1 3 68.747 -23.015 3.8222 7.6942 -9.0284 -0.032764 6.0948 -0.58549 -2.1196 3.5432 -1.6197 4.5465 -3.3918 2.033
1 1 1 3 67.318 -24.645 2.7672 8.5297 -10.122 1.319 6.8146 0.15619 -0.94479 2.9133 -0.093098 6.6956 -3.5479 1.1888
1 1 1 3 68.37 -25.321 2.2965 8.1091 -8.8639 -0.89097 6.1475 -0.33742 -3.7321 1.6809 -1.4939 6.423 -0.89621 3.1776
1 1 1 3 68.37 -25.321 2.2965 8.1091 -8.8639 -0.89097 6.1475 -0.33742 -3.7321 1.6809 -1.4939 6.423 -0.89621 3.1776
