1 0 1 3 72.579 -25.707 7.7778 7.1484 -9.1183 -0.1382 1.8436 -2.9217 1.6077 -2.0378 3.081 -2.4395 0.86251 -2.0975
1 0 1 3 74.825 -24.752 6.5318 15.783 -12.677 -1.1031 1.2136 -6.3181 1.7779 -1.6875 0.66324 2.2304 1.4491 -4.7538
1 0 1 3 72.397 -26.731 6.4389 6.1841 -9.6492 -3.3027 -0.12137 -2.981 3.6768 -0.066874 4.8413 -1.5061 -1.6369 -2.5593
1 0 1 3 74.169 -25.686 6.3558 10.388 -13.913 -1.5638 -0.0613 -4.0145 6.9956 2.6005 0.89995 1.6645 2.576 -2.6629
1 0 1 3 74.721 -24.836 6.1598 10.381 -14.023 -1.8007 0.022658 -4.0356 6.8378 2.9744 1.2993 1.8227 2.884 -2.7649
1 0 1 3 74.544 -24.379 6.5808 7.1248 -13.405 -3.8999 -0.54909 0.45199 6.4715 -3.0814 -1.3171 -2.2775 -1.6009 -4.1622
1 0 1 3 75.402 -23.831 6.864 9.3107 -16.143 -2.7937 0.74237 -5.2597 7.0986 0.8219 -2.4636 -1.0696 2.3593 -3.1148
1 0 1 3 72.634 -26.577 6.3839 6.5343 -14.56 -3.2133 0.52435 -5.1207 3.8845 0.82516 1.3081 2.4097 -1.1997 -1.0265
1 0 1 3 72.813 -26.397 6.286 6.9298 -15.013 -3.385 0.18358 -5.4663 3.8363 1.0206 0.74381 2.7255 -1.1685 -1.0562
1 0 1 3 72.829 -26.116 6.0334 7.5884 -15.266 -4.2682 -0.65342 -6.107 3.8805 0.97505 -0.15623 3.0239 -1.333 -1.5879
1 0 1 3 73.076 -25.985 7.0245 8.6134 -15.772 -4.1308 -1.2755 -4.0513 4.8958 -0.8714 -1.5369 2.1496 -0.35209 -2.898
1 0 1 3 75.32 -23.597 8.6443 10.261 -14.952 -1.7292 -0.02264 -2.8535 5.4548 -2.5578 -3.1335 -1.5291 1.3561 -3.5321
1 0 1 3 73.449 -24.581 8.3339 5.6105 -13.219 -3.9943 -4.7241 -5.9675 2.3606 -4.3134 1.8455 -0.22638 -1.5169 0.30797
1 0 1 3 75.024 -23.997 7.1919 10.584 -15.194 -2.3664 3.75 -4.9954 2.5412 -0.32577 -0.75154 -1.4533 -1.1433 -3.9389
1 0 1 3 74.262 -25.075 6.3062 8.5275 -12.644 -2.3073 2.6925 -0.11823 4.2619 -2.0773 -1.5436 0.50328 -0.92514 0.27297
1 0 1 3 75.16 -26.06 4.1435 11.797 -12.943 -5.9589 4.6813 -7.7281 6.1227 3.6563 -1.4212 -0.26348 3.3016 0.11671
1 0 1 3 76.092 -25.065 1.1742 10.192 -13.256 -6.1247 11.159 -9.553 2.8365 2.9125 -3.4989 0.049666 2.6449 -0.070474
1 0 1 3 74.361 -27.23 3.8702 13.867 -11.189 -2.1411 5.6455 -6.6507 3.9057 1.5207 -3.0922 2.4671 5.6837 0.70435
1 0 1 3 74.868 -25.758 1.9243 10.584 -12.407 -7.495 10.884 -9.1117 4.9889 3.0541 -3.169 0.98761 2.0454 -2.5996
1 0 1 3 75.818 -25.142 2.154 15.104 -10.505 -6.9425 9.3579 -9.4157 2.9447 -1.1186 -0.62158 -1.7186 1.6058 -2.7016
1 0 1 3 75.818 -25.943 1.8473 13.327 -11.281 -5.0147 8.5495 -9.6564 4.7725 3.054 -2.6107 -1.1975 2.0559 -1.094
1 0 1 3 75 -20.224 3.047 12.972 -10.873 -2.9758 9.2066 -2.7684 0.92352 1.6639 1.475 0.45211 4.9722 -1.7707
1 0 1 3 74.911 -22.293 3.2514 12.061 -6.1639 -8.3321 9.6804 -3.2432 4.5703 5.0169 5.7301 2.2124 3.4176 -2.1905
1 0 1 3 72.281 -26.915 7.5669 6.0359 -9.4202 1.6377 -1.6161 -3.7771 2.337 -3.8768 -0.88328 -0.42456 -0.91206 0.14523
1 0 1 3 72.534 -26.386 8.6619 7.2626 -9.8353 2.0384 -0.36421 -2.4666 4.3475 -4.7193 -1.8252 1.3162 -3.0471 0.247
1 0 1 3 75.948 -23.475 8.6022 14.365 -11.106 0.86054 5.3521 -9.3937 7.2443 -1.4595 -2.4221 0.037307 4.1985 -3.7614
1 0 1 3 73.976 -25.993 7.3797 4.5002 -10.335 4.6513 -0.47597 -3.0042 -1.8785 -4.9962 -0.91869 0.25646 2.4577 0.21254
1 0 1 3 73.293 -27.945 5.4567 8.1287 -10.779 0.61268 1.0432 -6.4773 -0.86332 -2.5459 -2.6033 2.3686 0.88659 -0.54184
1 0 1 3 73.162 -27.75 5.2142 9.0731 -10.451 -0.069064 2.739 -5.7823 1.4057 -1.0336 -2.2793 2.7368 0.22281 -0.42379
1 0 1 3 74.151 -27.141 3.4115 8.8795 -12.664 0.81701 5.9304 -7.5694 2.0157 -3.3315 0.7514 1.5 -1.0421 -4.1535
1 0 1 3 72.918 -28.942 5.0822 10.334 -8.812 0.12703 5.5415 -7.8127 3.1355 -0.22345 -6.4469 1.8983 -0.13271 -2.4889
1 0 1 3 74.08 -25.136 6.0142 7.4693 -15.92 0.90857 10.854 -3.3772 4.7823 -8.3435 -6.9498 -4.3029 0.42804 -2.1756
1 0 1 3 72.933 -28.714 5.9489 9.6821 -8.7414 -0.11981 -2.5666 -5.6516 1.2931 -4.1883 -1.741 -0.15756 -2.0862 -0.65232
1 0 1 3 72.155 -29.489 5.5858 9.2709 -9.7701 -0.12903 -1.8937 -4.7795 0.983 -6.3014 -3.6022 1.7379 -1.4388 0.85721
1 0 1 3 72.652 -27.763 6.2416 8.7525 -11.047 0.76891 1.0284 -3.5673 3.2726 -3.7835 -2.8709 2.6534 -1.1422 -0.23246
1 0 1 3 73.008 -28.11 6.5565 10.211 -11.462 -1.4153 0.84876 -7.833 -0.089824 -5.0955 -5.1295 -2.3202 0.038307 -1.3858
1 0 1 3 73.781 -27.838 4.2902 11.309 -8.2781 -3.0807 7.4681 -10.383 -0.44553 -0.041749 -6.4794 -0.71324 -1.4576 -0.59945
1 0 1 3 74.24 -27.774 3.737 6.2715 -10.927 -0.45549 3.8164 -7.5656 0.59716 -0.78156 -0.92638 0.98324 -2.67 -2.6506
1 0 1 3 74.745 -26.622 2.0068 10.658 -10.792 -2.1086 10.03 -10.985 6.4001 -1.0991 -2.6324 -0.64545 -0.84043 -1.6101
