1 1 1 3 72.219 -26.508 7.9017 5.9007 -12.192 3.9228 3.6662 -4.4111 -0.95144 -0.22735 1.6279 -0.0020106 -0.44323 -1.6969
1 1 1 3 71.812 -29.175 5.6655 6.8079 -14.45 0.57563 0.66521 -5.0215 -1.4602 -3.864 -0.95119 0.71719 0.09381 -2.5323
1 1 1 3 72.83 -28.074 5.1603 10.098 -13.308 0.79786 2.4268 -6.0731 -1.4085 -3.3426 -1.6157 -0.86058 -0.66193 -0.29664
1 1 1 3 73.012 -27.665 3.6045 10.508 -13.518 -0.30882 2.5938 -8.4827 -2.0526 -4.2959 -2.8474 -3.3432 -2.2681 -0.085601
1 1 1 3 70.577 -29.101 7.2336 5.5516 -10.651 2.6298 3.8964 -0.7686 0.44851 -1.9155 2.4574 0.63455 -2.7806 0.59874
1 1 1 3 70.128 -29.955 6.4072 5.0021 -10.929 3.1907 4.4505 -0.6324 0.16973 -2.0612 1.6368 1.5464 -2.351 -1.0153
1 1 1 3 71.356 -28.913 5.6866 7.4558 -13.184 2.6136 2.4433 -4.68 -1.6386 -3.4229 0.31968 1.4048 -1.8557 -2.7003
1 1 1 3 71.916 -28.594 5.2866 9.7105 -13.276 2.4676 2.6093 -6.8933 -2.6964 -2.559 1.1585 1.0748 0.12092 -0.76884
1 1 1 3 71.444 -25.871 4.1335 9.5164 -9.1955 2.648 -0.49713 -5.6269 3.3403 -3.5204 1.2583 -1.4048 2.8503 -1.9407
1 1 1 3 70.064 -28.923 7.8042 6.2123 -10.85 2.2841 0.56933 -2.0553 0.80852 -4.7063 0.54741 0.92642 -2.5364 -0.57029
1 1 1 3 71.083 -29.774 5.9802 8.3346 -12.152 2.0799 1.5109 -2.6827 -0.76878 -3.9475 -0.11065 2.567 -1.615 -0.17925
1 1 1 3 72.278 -29.383 3.7637 10.462 -12.265 1.4401 2.9974 -2.7327 -2.0105 -3.3203 -0.50602 0.22966 -1.7578 -0.19918
1 1 1 3 72.214 -25.945 5.5429 8.8761 -11.056 0.50052 -0.63731 -5.8564 2.1579 -4.0777 0.69253 1.2044 1.6216 -2.7135
1 1 1 3 72.168 -25.636 5.6885 8.8352 -11.698 0.24098 -0.38043 -5.436 2.4925 -4.5802 0.029798 1.3983 1.7567 -2.9646
1 1 1 3 69.91 -29.105 6.4174 4.593 -10.647 3.5951 -0.7191 -2.7294 0.67616 -2.8421 1.7974 0.1468 -3.3105 1.5419
1 1 1 3 69.836 -29.806 5.4181 4.0006 -11.038 3.2359 0.63341 -3.6849 -0.037853 -3.5261 1.4602 0.88964 -2.7113 1.4356
1 1 1 3 71.074 -27.353 6.9345 4.8846 -10.07 2.8187 2.5181 -3.5696 1.1155 -2.0815 0.38978 1.8728 -1.7558 -0.22338
1 1 1 3 72.11 -26.988 6.5329 7.6952 -12.523 2.7141 2.346 -2.704 2.2917 -3.5065 -0.86367 1.956 0.95682 -0.959
1 1 1 3 72.41 -27.644 4.8855 9.0784 -12.49 2.527 3.9955 -4.6453 4.701 -4.1794 -1.5993 -1.0742 -1.9839 -3.7883
1 1 1 3 72.863 -25.273 7.1995 5.6695 -9.0885 1.2392 1.1208 -4.4581 1.8679 -3.8374 -0.82656 -4.1539 -0.03129 -0.64777
1 1 1 3 70.318 -28.797 7.5948 6.2802 -10.237 2.7033 -0.27961 -2.1687 0.33484 -3.8119 2.7107 -0.38542 -3.3808 2.3661
1 1 1 3 69.974 -29.387 7.6313 6.462 -10.419 2.1941 0.3552 -1.9436 1.153 -3.3139 1.8582 -0.31502 -3.0477 2.2835
1 1 1 3 70.986 -29.506 5.63 7.8883 -10.256 2.9348 0.93163 -3.9865 -0.90765 -3.829 -0.25534 1.3248 -2.7928 -1.2722
1 1 1 3 71.173 -29.393 5.52 8.5241 -9.7809 3.4849 1.479 -4.3119 -1.1521 -3.8918 -0.65514 1.1224 -3.5128 -2.1759
1 1 1 3 73.526 -26.766 5.6736 11.142 -10.879 2.3762 3.3696 -6.2077 2.139 -0.93802 -0.49678 -1.0806 -1.104 -2.4817
1 1 1 3 72.442 -25.975 5.4229 9.0264 -7.413 -2.1151 0.34374 0.19208 -1.2281 -9.2287 2.8195 1.5668 -4.5202 -3.7113
1 1 1 3 70.834 -23.315 4.3108 9.9862 -8.7287 3.9942 0.38891 -5.1462 2.3113 -2.2445 0.12077 -4.3105 0.76395 -0.99158
1 1 1 3 70.766 -24.453 3.4726 9.3895 -8.4908 3.4656 -1.4846 -6.9556 -0.029158 -3.1564 -3.5104 -7.0584 1.8173 0.03469
1 1 1 3 70.384 -29.017 6.9361 1.486 -8.8937 2.5805 1.0512 -3.3918 4.0572 -5.5589 1.6174 1.2714 -1.6082 2.9596
1 1 1 3 70.107 -29.886 6.4221 1.6287 -9.7595 2.1217 1.8167 -3.9001 3.1379 -4.2943 1.157 0.23171 -1.6331 2.0605
1 1 1 3 73.52 -27.141 7.3675 7.8621 -9.3761 2.5489 3.3629 -6.8127 4.4036 -0.40967 -0.97334 -0.23196 -0.1307 -1.0028
1 1 1 3 73.527 -27.571 6.6089 6.8439 -9.0837 2.9714 4.4755 -6.7287 5.4703 0.09105 -2.1658 -1.0412 -0.26547 -1.5305
1 1 1 3 73.584 -27.522 7.7705 3.3459 -5.2951 1.4515 2.7676 -6.6854 4.2727 0.20772 -1.4585 -2.2397 -0.77131 -4.2116
1 1 1 3 71.911 -27.923 8.8451 1.4325 -3.5926 1.1232 1.6155 -9.4854 2.2997 -5.3235 -2.4743 -3.1488 -2.8723 -0.41888
1 1 1 3 70.747 -29.164 8.0137 5.0363 -8.0497 2.6334 0.80356 -3.1094 -0.57248 -4.7778 1.6978 -2.2935 -3.472 0.91968
1 1 1 3 72.929 -29.392 4.8683 6.6831 -8.0028 2.9149 6.2558 -7.8362 5.0968 -0.57245 -0.92092 -3.7172 -2.8854 -1.7922
1 1 1 3 73.248 -26.956 7.6544 3.343 -3.4585 -0.43431 1.6401 -7.688 2.2532 -3.1757 -0.51807 -4.2182 -0.031685 -0.53456
1 1 1 3 72.566 -26.871 7.8914 1.6114 -2.4845 0.86563 -0.18973 -6.168 2.9777 -6.7189 2.2427 -1.1484 -2.0072 -1.2733
1 1 1 3 72.878 -25.895 7.8698 2.5095 -1.1402 -1.6169 -0.36476 -3.3185 5.5079 -5.9124 2.7355 -1.897 -1.9353 -0.30283
1 1 1 3 72.93 -26.01 8.5205 2.7587 -3.1111 -4.0376 0.82341 -6.5695 2.5619 -7.2537 -0.098024 -1.574 1.2732 1.1944
1 1 1 3 71.459 -27.386 8.5116 4.0223 -9.1569 2.8599 2.7962 -4.4569 1.3823 -4.064 3.2867 1.8562 -1.4689 -0.2932
1 1 1 3 72.995 -29.138 4.8245 7.5009 -11.159 1.1412 5.0369 -8.6547 -1.9204 -2.4419 1.4327 -4.171 -2.6978 -3.3649
1 1 1 3 73.354 -28.759 4.8368 7.8375 -10.081 0.90456 5.3563 -9.0673 -1.4612 -2.2336 1.7029 -4.3286 -2.2878 -2.8845
1 1 1 3 72.863 -26.67 7.98 1.8968 -6.2538 0.6447 3.4557 -2.7508 2.5041 -4.8908 3.6977 -4.5236 -0.48424 -0.18174
1 1 1 3 72.882 -26.057 7.6533 2.0561 -2.8904 -1.4143 1.7977 -4.886 2.3346 -3.8974 2.8298 -0.64013 -0.8046 -0.23665
1 1 1 3 70.49 -29.252 8.0738 4.8374 -9.4156 2.1936 2.0612 -3.5374 0.83632 -5.6333 1.6414 0.62387 -0.57958 1.1631
1 1 1 3 73.569 -28.494 4.7142 7.5457 -10.173 -0.26982 1.787 -10.453 1.5216 -2.3272 0.16579 -2.1223 -1.4454 -3.1296
1 1 1 3 73.262 -26.462 7.4938 4.4114 -3.9841 0.62869 0.81554 -5.1272 0.18142 -2.2795 2.4126 -5.4531 -2.455 -2.0572
1 1 1 3 72.59 -25.593 6.9902 4.6601 -4.651 1.709 4.3512 -10.078 2.0027 -2.2869 0.6936 -2.1012 -0.4535 0.41197
1 1 1 3 72.238 -25.293 9.8959 4.8387 -9.918 3.9497 0.050118 -3.3598 2.3824 -2.1618 2.7153 -0.29093 -1.5905 0.83804
1 1 1 3 73.24 -26.697 6.8343 9.3303 -12.478 1.2907 3.3729 -4.0309 1.1596 0.075768 0.29263 2.4481 -2.6255 -0.7961
1 1 1 3 73.533 -27.348 5.2444 11.301 -10.805 -0.41569 0.77738 -8.7584 0.12694 1.1605 1.103 0.28691 -1.8551 -0.64781
1 1 1 3 71.871 -23.913 6.7402 6.9853 -6.2132 3.0144 1.8227 -6.5614 0.15486 -7.3024 2.5634 1.9007 0.45029 0.61977
1 1 1 3 70.27 -28.752 8.9059 6.8378 -9.058 2.784 -0.60275 -2.5768 0.79479 -3.88 0.87418 0.1767 -2.6667 1.1214
1 1 1 3 70.151 -29.099 8.787 6.9138 -9.1753 2.5594 0.049761 -2.6632 0.7953 -3.435 1.3997 0.18545 -2.367 1.3738
1 1 1 3 73.493 -26.734 4.3451 9.0982 -12.639 2.8043 1.4805 -7.2656 1.8752 -2.0565 1.7032 2.6919 1.2244 -1.3672
1 1 1 3 72.1 -25.128 5.2708 6.4262 -10.026 2.7295 2.3404 -7.6042 -1.5422 -4.6068 5.2819 -0.27659 -1.8361 -0.86419
1 1 1 3 71.629 -24.128 5.713 8.1624 -9.8235 2.276 0.71337 -6.8419 -0.59755 -8.2659 3.5919 0.53402 -3.9717 -1.7856
1 1 1 3 70.239 -28.475 9.152 6.6572 -8.4747 3.9672 0.17261 -3.968 -0.70253 -3.4209 1.4304 -0.65224 -3.8296 0.19613
1 1 1 3 70.239 -28.475 9.152 6.6572 -8.4747 3.9672 0.17261 -3.968 -0.70253 -3.4209 1.4304 -0.65224 -3.8296 0.19613
1 1 1 3 71.479 -28.751 6.7896 7.4894 -11.349 4.6785 5.2849 -2.8676 1.4291 -2.189 0.63038 1.4783 -1.34 -1.0867
1 1 1 3 73.534 -26.724 5.9527 10.399 -12.047 1.9354 5.2572 -8.0718 0.79321 0.14505 1.5666 -0.56163 0.22346 1.8057
1 1 1 3 71.655 -22.339 7.7111 5.974 -10.449 2.4607 1.1161 -4.1309 0.43768 -2.1609 3.853 -1.3481 -1.0242 -0.93432
1 1 1 3 69.746 -29.195 8.5614 6.0128 -10.581 3.9444 1.5353 -0.028168 1.7429 -4.338 0.59903 -1.058 -3.2948 1.0868
1 1 1 3 69.534 -28.894 7.6094 6.1193 -12.22 1.0514 2.619 -1.3883 2.4187 -3.2136 -1.4475 -0.48246 -1.8093 -1.3171
1 1 1 3 71.876 -28.909 5.5013 8.5404 -13.171 2.9712 1.5484 -5.2698 0.94676 -0.25767 -0.27075 0.30327 -1.8439 -1.4912
1 1 1 3 72.776 -28.016 4.8257 8.6009 -13.848 2.1573 2.5465 -7.4532 0.86022 3.5765 0.77154 -2.5056 -2.556 -2.6178
1 1 1 3 72.776 -28.016 4.8257 8.6009 -13.848 2.1573 2.5465 -7.4532 0.86022 3.5765 0.77154 -2.5056 -2.556 -2.6178
1 1 1 3 72.214 -24.616 8.532 6.5592 -8.4118 1.9806 -0.59671 -2.8673 -0.65445 -2.9759 5.4425 -4.9784 -1.2541 -1.8625
1 1 1 3 70.365 -27.414 8.9053 6.347 -11.602 3.3311 0.9168 -5.7153 -0.97694 -3.6911 4.887 0.84835 -3.8938 0.71702
1 1 1 3 70.027 -28.505 8.3904 6.134 -10.225 4.6756 1.985 -4.6443 -0.052256 -2.8462 2.2632 1.5996 -1.8432 0.74353
1 1 1 3 72.295 -27.094 7.4794 9.8944 -13.806 3.299 2.9516 -3.8596 1.674 -0.36732 -0.98978 0.83074 -2.0174 -0.57328
1 1 1 3 72.315 -27.767 5.9545 10.643 -14.304 3.0409 4.5184 -4.2668 1.9562 1.4585 -1.3248 -0.41463 -2.7685 -1.9852
1 1 1 3 73.065 -26.475 6.1379 11.097 -13.88 3.4407 5.3874 -4.7324 1.4034 1.4332 -1.2291 0.41196 -1.2546 -1.458
1 1 1 3 72.299 -24.519 7.1628 4.1303 -9.706 3.6554 2.2739 -3.8561 -1.117 -3.9689 6.0791 -2.4405 -1.3242 1.4115
1 1 1 3 73.472 -23.064 8.1936 4.6242 -8.8146 4.3414 1.0584 -3.6199 -0.10644 -3.6774 3.9732 -2.3589 -1.799 0.44332
1 1 1 3 71.196 -27.431 8.2283 5.9283 -10.861 3.3979 0.29916 -3.0792 1.4925 -0.74973 3.2138 0.91035 -5.104 -0.1107
1 1 1 3 71.868 -26.561 8.5328 6.0332 -10.288 3.7662 1.7292 -3.5646 0.3137 -0.80917 2.4981 1.3012 -4.388 -0.16432
1 1 1 3 72.298 -26.958 7.3752 6.2317 -12.524 4.0238 3.9923 -4.2532 1.3862 -1.2541 -0.41196 0.71615 -2.0035 -0.61476
1 1 1 3 72.359 -27.923 5.1845 11.179 -12.249 3.9288 5.6075 -5.7185 0.2333 0.38232 -1.9298 -3.1017 -1.4195 0.71239
1 1 1 3 73.127 -25.987 4.8516 12.551 -12.852 3.4473 6.3363 -6.808 -0.29277 1.3655 -0.83731 -3.319 -0.84424 1.5984
1 1 1 3 72.633 -24.323 6.5618 4.6385 -8.9896 3.3562 -0.99447 -3.7211 -0.25856 -0.41384 3.8712 -2.8993 -1.037 -1.7455
1 1 1 3 71.669 -27.346 5.9226 5.1833 -9.7213 0.47827 -2.8167 -2.7111 -1.5194 -0.34362 5.1119 -0.41778 -1.1688 -1.9353
1 1 1 3 70.172 -29.14 7.6268 5.6176 -11.807 0.68144 -0.49835 -2.3939 2.2971 -3.5201 -0.45243 1.2647 -2.7386 -0.9917
1 1 1 3 70.611 -28.846 7.4392 7.4076 -11.899 1.1727 2.6468 -2.4409 1.7831 -3.021 -1.1849 1.0114 -1.7228 -0.36713
1 1 1 3 71.351 -29.176 5.4361 8.0931 -12.919 0.89016 1.8244 -3.8547 2.1524 -2.3086 0.17601 0.46027 -4.685 -1.7016
1 1 1 3 71.49 -29.096 5.2955 8.5487 -12.704 1.3667 2.5051 -4.1944 2.3181 -1.634 0.73248 0.9415 -4.155 -1.5184
1 1 1 3 73.539 -25.198 6.2464 5.2021 -9.1164 1.5103 1.8186 -2.7632 -1.0246 -1.5687 1.0143 -1.2116 1.5672 -2.3325
1 1 1 3 72.626 -25.7 7.9723 6.3106 -10.865 2.3953 0.79575 -2.5001 -0.022296 -3.7277 1.4196 -0.59967 -2.6621 -1.8868
1 1 1 3 70.285 -29.45 6.5963 5.3221 -10.809 2.1893 1.3548 -2.6713 -1.5185 -5.3591 2.6987 2.9894 -2.9514 -3.2382
1 1 1 3 72.324 -25.927 8.0135 6.2873 -11.274 3.976 3.0431 -2.3423 0.39179 -1.4999 1.1157 1.8521 -1.5778 -0.63606
1 1 1 3 73.797 -25.935 5.3286 12.869 -12.126 1.2288 6.34 -5.0522 -2.0994 -0.79134 2.8336 1.274 -3.5592 -3.3842
1 1 1 3 73.328 -24.572 6.0816 3.6301 -9.1725 -0.33339 -1.0199 -4.6123 0.48226 0.91842 -1.4066 -4.6036 2.0228 -0.54866
1 1 1 3 72.263 -26.562 8.0934 5.7378 -10.792 4.4896 2.8816 -4.1925 1.4028 -1.4221 3.5435 -0.43492 -2.581 1.0405
1 1 1 3 73.768 -24.008 8.4061 5.2332 -10.38 3.1745 2.0079 -3.6506 1.28 -0.5147 0.28288 0.9201 -1.5003 -0.039038
1 1 1 3 71.927 -28.243 5.3188 5.3378 -12.162 3.2084 3.6903 -3.8603 0.66824 -1.2567 0.56014 1.1412 -1.9618 -0.97702
1 1 1 3 74.429 -26.23 3.2891 7.9365 -10.678 1.981 1.6649 -8.3608 0.84361 -0.60108 0.34929 -1.9588 -3.6538 -0.71162
1 1 1 3 75.595 -24.069 6.9442 0.80801 -2.9141 0.82531 1.3114 -6.7801 2.789 1.0853 0.68807 -4.7891 1.7961 -0.28993
1 1 1 3 74.284 -27.069 6.4194 2.1095 -4.4937 1.4815 1.6104 -9.1671 1.5832 0.30802 4.6472 -3.014 -1.4616 -0.1011
1 1 1 3 72.188 -28.594 5.9902 3.0747 -7.0444 3.5067 0.45196 -7.3189 -0.33218 -0.79048 3.6815 -2.1704 -3.2295 0.68802
1 1 1 3 72.853 -30.154 4.2409 7.4656 -9.4361 1.215 4.1153 -8.051 3.6146 -0.26145 1.5195 -0.66755 -1.124 -0.15448
1 1 1 3 74.583 -24.767 8.6881 2.1384 -3.9062 -0.83279 4.4846 -7.4201 2.3943 -3.2615 0.56576 0.24387 0.098757 -3.2767
1 1 1 3 75.279 -24.885 8.3414 3.1824 -6.4608 -0.35541 3.4288 -7.4438 2.1889 -2.1473 1.8884 -0.71074 -0.085208 -0.14298
1 1 1 3 75.342 -24.077 8.6076 1.6984 -5.7982 1.6494 2.7487 -7.5296 1.4718 -2.2372 2.3305 -2.5423 1.2266 -1.1726
1 1 1 3 72.169 -27.742 7.7412 2.4416 -9.2788 1.6362 0.42102 -4.6545 -0.50267 -4.6437 4.4117 -0.18284 -2.1828 0.46575
1 1 1 3 71.718 -28.162 7.657 3.1791 -10.798 2.1355 1.7349 -4.3087 -1.3065 -4.4957 4.9833 1.7626 -2.6318 0.28937
1 1 1 3 75.239 -26.238 8.1074 8.0287 -10.562 -3.341 5.2886 -10.273 0.27173 -2.8404 0.65855 1.5155 -0.14903 0.24807
1 1 1 3 74.148 -25.416 7.9402 0.61303 -6.7465 0.85316 0.083016 -12.576 0.82258 -3.1347 4.1659 0.80289 1.743 -1.0851
1 1 1 3 72.698 -27.386 6.6331 1.3594 -6.364 1.4589 -0.53962 -2.1936 1.5899 -3.5018 2.2501 -2.6292 -2.7653 -1.3407
1 1 1 3 74.994 -26.379 5.7556 6.7181 -11.287 0.93439 4.2443 -11.586 -0.18105 -1.4223 3.6886 2.111 0.94567 -2.1686
1 1 1 3 74.737 -25.256 6.4747 -0.3899 -7.0661 0.2113 4.3848 -10.191 0.40066 2.0293 2.0798 -1.6786 3.0147 -2.7734
1 1 1 3 73.655 -25.67 7.3887 2.3021 -5.1523 1.5662 3.4009 -8.8236 1.1049 -2.6335 1.1936 -3.6833 0.78486 1.2192
1 1 1 3 72.033 -27.784 7.9402 5.7115 -7.1478 1.9992 0.96256 -8.4796 -3.1244 -4.4474 3.096 -2.1022 -1.0341 1.3941
1 1 1 3 71.18 -29.014 7.2804 4.9778 -9.0068 1.8552 -0.088286 -8.2025 -2.5746 -5.0271 2.7127 -1.6882 -2.539 0.9648
1 1 1 3 72.747 -28.862 5.2165 6.7944 -9.1182 2.4604 3.2304 -8.8098 4.3314 -1.9895 0.91821 0.15869 -0.91108 -2.8753
1 1 1 3 73.847 -27.61 4.9797 6.5616 -8.2395 1.8257 5.0192 -10.248 4.216 -1.1965 1.2358 0.23905 -0.59546 -2.4083
1 1 1 3 74.851 -24.731 6.7725 1.2232 -4.055 1.2014 3.0041 -6.6965 0.69719 1.4833 0.12927 -2.3565 1.6165 -3.9219
1 1 1 3 74.853 -25.187 5.6547 3.1319 -6.0125 -1.029 1.5077 -9.2713 1.5595 -1.1475 0.70598 -1.3524 2.1757 -1.4443
1 1 1 3 75.977 -23.57 7.0636 3.2369 -6.188 0.72543 4.9205 -7.9836 2.4385 -1.5497 -0.90897 0.4712 -0.54961 -1.8573
1 1 1 3 74.723 -25.64 6.0771 2.911 -6.2625 0.64698 2.9928 -10.053 1.2358 -0.72989 1.6633 0.25505 -2.3943 -1.1332
1 1 1 3 72.637 -27.393 6.1106 4.9501 -7.4412 3.1409 2.6187 -4.0949 0.80075 -4.1998 2.7875 -4.3547 -6.1457 -0.68673
1 1 1 3 73.523 -28.231 5.759 7.2435 -10.475 2.3889 4.3245 -8.7509 0.05412 -2.7576 -1.0183 -0.47008 0.35553 -0.58641
1 1 1 3 73.957 -27.899 5.8646 7.0797 -10.001 2.2739 5.1899 -9.6162 -0.06282 -2.3341 -0.41434 -1.4004 0.045976 -0.48831
1 1 1 3 74.483 -24.848 6.6897 1.9868 -5.9746 1.249 0.98439 -5.2189 2.3085 -2.5883 -0.64085 -3.5862 -0.31592 0.36723
1 1 1 3 72.487 -26.183 8.284 5.6922 -8.8007 3.5558 0.43944 -5.9858 2.2649 -3.2886 1.1333 -3.2479 -3.3231 -0.028192
1 1 1 3 72.285 -25.954 8.1184 5.7341 -9.9229 1.7512 1.1347 -4.1889 2.7008 -2.0224 -0.65515 1.5011 -1.9512 -0.42664
1 1 1 3 72.678 -27.263 6.5279 7.0622 -12.75 1.7346 0.023834 -4.0309 0.98783 -2.717 -1.6052 -1.3722 -2.0735 -1.6297
1 1 1 3 72.678 -27.263 6.5279 7.0622 -12.75 1.7346 0.023834 -4.0309 0.98783 -2.717 -1.6052 -1.3722 -2.0735 -1.6297
1 1 1 3 73.309 -27.151 5.9313 10.708 -10.622 3.4503 0.39309 -8.9811 -0.58365 -1.4916 -1.1529 -2.4437 -4.1043 -2.3891
1 1 1 3 74.308 -22.787 7.1282 4.2702 -3.0231 1.2177 0.66319 -6.2695 0.54903 -3.1841 -0.13206 -1.62 -3.2408 -2.4194
1 1 1 3 73.633 -24.148 6.0729 4.3279 -4.8873 0.51035 -1.9502 -6.9241 1.5871 -0.71318 0.20259 0.11417 1.3151 -2.4758
1 1 1 3 74.692 -25.137 5.9018 5.4404 -8.0432 0.82577 -1.8308 -4.0362 -0.15535 -1.8845 1.1501 -1.5848 -1.8617 -1.9832
1 1 1 3 72.765 -25.944 7.9723 6.4145 -10.449 2.8704 1.5264 -3.848 0.88199 -2.8463 0.79114 1.0679 -0.38288 1.2508
1 1 1 3 73.192 -25.112 8.0891 5.8095 -10.232 3.3352 1.4889 -3.3292 2.1991 -2.8138 0.49927 1.2666 -0.9486 0.55908
1 1 1 3 72.734 -27.619 4.5547 9.1837 -11.359 2.4985 -0.82914 -9.96 0.39514 2.5567 1.6993 0.77645 -2.8176 -2.2765
1 1 1 3 74.162 -25.781 3.7934 11.223 -10.608 2.3914 1.4153 -11.081 -0.95083 1.9187 0.21593 -0.26343 -1.9918 -1.3596
1 1 1 3 72.7 -21.215 3.0304 3.8022 -6.3816 3.979 -1.0964 -5.7586 1.589 -2.4196 1.1071 -1.9527 -4.6747 -0.65724
1 1 1 3 73.986 -24.948 5.7243 6.1108 -10.514 1.0692 -0.43087 -3.8376 1.795 -3.0022 1.4313 -7.1893 -1.8837 -3.7124
1 1 1 3 71.213 -28.548 5.4154 4.2531 -11.188 2.104 -1.8847 -5.4268 1.647 -3.2978 -1.3757 -0.93351 -3.5742 -0.29399
1 1 1 3 71.591 -28.691 5.6628 6.1509 -12.399 1.5441 -0.49133 -4.6773 1.2669 -0.89198 0.099985 0.052313 -3.0904 -1.6354
1 1 1 3 73.778 -26.252 4.2855 9.3766 -12.571 2.98 2.7906 -8.1257 0.36808 2.9546 0.14205 -1.6978 -0.85695 0.7926
1 1 1 3 73.764 -26.193 2.5374 9.6745 -12.766 1.9898 2.0171 -11.785 -1.0215 3.8631 -0.0088973 -3.9146 -2.3385 0.13545
1 1 1 3 73.016 -24.02 4.0829 4.1953 -7.1038 1.634 -1.6988 -3.212 1.5359 -2.5366 -0.041355 -1.8244 0.69483 -2.4124
1 1 1 3 73.346 -23.33 3.5373 4.5589 -10.353 4.1 0.48441 -5.6651 -0.58332 -1.0992 2.7262 -3.7929 -5.3781 -6.1696
1 1 1 3 73.564 -23.283 3.9404 2.9342 -8.9344 1.9486 -1.3163 -3.7246 0.88732 -1.6719 1.3127 -5.1481 -3.5284 -7.861
1 1 1 3 70.705 -27.394 6.2691 6.1884 -8.2103 2.343 -0.64678 -3.0995 -0.70055 -4.7679 2.4977 0.40069 -5.1566 -2.5524
1 1 1 3 71.506 -25.61 7.798 6.0785 -8.836 2.6038 0.4576 -1.6729 0.071935 -4.5053 3.0689 2.1288 -3.4981 -0.92685
1 1 1 3 69.742 -27.835 7.0823 8.1329 -11.179 3.4743 1.8558 -3.5678 2.1245 -1.5389 -0.75493 -0.95732 -3.8674 -2.7841
1 1 1 3 71.09 -26.595 5.338 10.137 -12.22 3.5136 2.9767 -4.9814 2.4096 0.03509 0.78832 -0.39054 -2.199 -2.3963
