1 0 3 1 75.896 -18.556 -1.0827 -0.34919 1.1809 19.187 -7.0146 0.47727 -12.625 -8.0931 7.5379 3.7742 -2.4836 -5.8294
1 0 3 1 77.194 -21.654 -6.5074 2.2158 4.8423 19.127 -6.294 1.5301 -11.26 -8.4048 -1.8447 -2.6138 -3.4649 -2.7496
1 0 3 1 75.029 -22.587 -5.5451 -2.2585 -0.97553 13.37 -9.5816 5.9972 -4.1918 -6.8702 -0.33845 -3.4249 -1.0123 -0.55732
1 0 3 1 74.151 -24.002 -4.4465 -4.1961 -1.4519 10.979 -9.0277 8.4783 -8.0329 -3.3265 -0.88408 -0.94541 0.018208 -1.5553
1 0 3 1 76.287 -24.768 -8.0811 -1.2621 2.6584 20.093 -7.373 0.35834 -14.973 -9.906 1.6815 0.17508 -7.377 -3.8155
1 0 3 1 74.011 -23.073 -3.9754 -2.3194 3.3075 15.595 -8.8064 -1.7301 -9.6827 -8.2582 2.3355 -1.0416 -2.0383 -2.5027
1 0 3 1 78.926 -23.623 -8.2824 2.0794 2.4513 13.172 -9.4896 -6.171 -10.695 0.71493 3.6854 -0.99554 -4.4746 -3.3223
1 0 3 1 74.307 -22.068 -4.8125 -2.6468 3.0008 17.778 -7.4594 -2.886 -7.6653 -3.9658 2.9948 2.1547 -2.7531 -4.4947
1 0 3 1 76.61 -24.073 -7.2537 -4.6943 7.2074 9.3488 -9.7044 -1.8539 -15.177 2.7994 2.4873 -3.5381 -4.2072 -2.7444
1 0 3 1 76.707 -24.035 -7.8564 -2.5585 3.4912 11.918 -11.249 -0.45835 -13.87 1.4272 6.7488 -5.238 -3.2335 -3.8065
1 0 3 1 77.394 -23.649 -8.7329 -4.1098 6.6773 15.111 -7.2677 -1.3416 -16.173 0.50383 5.3183 1.3266 -2.154 -5.5285
1 0 3 1 74.116 -22.641 -6.7187 -2.624 -0.65015 20.059 -7.9426 2.823 -10.342 -6.5196 6.1048 1.6965 -5.0084 -5.8189
1 0 3 1 74.677 -24.161 -5.4489 -4.4553 4.2773 10.046 -6.6727 -2.5981 -16.755 -0.57077 -2.7338 -0.65633 -6.8482 -0.5225
1 0 3 1 76.089 -24.144 -3.5755 -5.3397 4.4006 11.412 -4.8196 -2.5121 -12.343 2.7133 0.024217 -2.9234 -5.0506 -0.016027
1 0 3 1 74.405 -22.595 -2.8998 -6.2712 7.9101 14.307 -8.9095 -2.7609 -14.229 -4.2127 3.2197 0.81636 -3.9747 -3.5428
1 0 3 1 75.749 -23.767 -6.1008 0.23225 2.3617 14.067 -11.438 -3.3295 -11.14 -6.2875 2.2781 -5.9156 -2.6868 -5.3135
1 0 3 1 77.449 -24.667 -5.4311 -3.8639 6.0891 12.738 -7.0579 -3.9731 -17.856 -3.3505 0.40096 5.8672 -8.9418 -1.3276
1 0 3 1 75.795 -23.122 -2.1093 -6.7374 4.342 7.8816 -11.38 -3.4247 -13.045 1.7679 6.4976 -1.707 -8.6211 -4.6901
1 0 3 1 78.688 -26.246 -6.48 -3.1763 3.6886 12.755 -8.5187 -3.332 -18.096 4.4627 2.4655 1.8481 -7.5131 -2.5905
1 0 3 1 74.663 -20.499 -2.3545 -5.1021 0.97503 12.904 -11.609 -2.0325 -7.7007 -9.1441 5.0075 -1.0294 1.4921 -6.919
1 0 3 1 75.811 -23.982 -2.9305 -7.0564 6.1632 8.6796 -7.8221 -2.3834 -13.913 -6.9861 4.1039 -1.9703 -3.9582 -4.8848
1 0 3 1 78.151 -25.529 -5.2929 -4.7079 6.575 14.212 -5.4583 -5.37 -15.3 2.5107 -4.7271 -0.57585 -9.8471 -0.12179
1 0 3 1 76.268 -22.271 -4.8407 -4.4403 3.9993 10.376 -3.2998 -2.3157 -9.7553 -10.147 4.4921 -3.6683 0.70163 -0.1679
1 0 3 1 79.129 -25.167 -5.1957 -5.2826 5.7975 8.5794 -7.8312 -5.3403 -16.838 -0.84159 -0.22451 -4.5157 -13.44 -4.5124
1 0 3 1 78.812 -23.431 -5.7158 -5.8513 6.0733 10.788 -9.2978 -2.1719 -16.98 -1.4102 4.3256 -0.13851 -6.2468 2.7406
1 0 3 1 75.63 -20.312 -2.9148 -6.205 6.1255 6.6224 -10.939 -4.5713 -12.441 -6.5132 -1.6031 -4.3777 -5.0899 -3.1726
1 0 3 1 78.404 -23.106 -3.2743 -5.3996 6.7746 9.4373 -10.249 -6.6916 -13.891 -2.0656 1.1149 -5.2152 -6.4201 -3.8552
1 0 3 1 79.403 -22.224 -7.9082 1.3838 1.5742 12.66 -9.0874 -7.5904 -13.912 -9.1212 4.8279 1.3064 -3.5415 -2.2261
1 0 3 1 79.761 -23.544 -6.5295 -0.17397 5.5298 11.04 -11.045 -3.3077 -18.557 1.2966 1.939 -2.6256 -8.2469 -0.4524
1 0 3 1 76.173 -21.691 -1.6415 -2.509 2.6837 11.31 -10.834 -8.4838 -13.194 -10.863 5.0173 -2.6419 -5.0173 -1.6716
1 0 3 1 79.198 -24.362 -4.1494 -5.276 5.6334 9.5269 -6.5953 -6.5364 -18.432 -3.1174 -2.1121 -2.6237 -8.5894 -1.6032
1 0 3 1 75.381 -19.845 -1.2941 -4.9123 -0.61065 10.792 -12.472 -5.0633 -14.789 -5.9272 0.86364 -3.2133 -2.0132 -0.48421
1 0 3 1 75.639 -19.511 -1.7707 -4.8626 -0.11259 11.522 -12.133 -5.2238 -14.544 -4.6441 1.9387 -3.2149 -1.485 -0.73183
1 0 3 1 74.129 -20.958 -1.5178 -4.812 4.6749 10.822 -7.0716 -4.7853 -14.516 -3.9478 -0.33821 -3.461 -9.5173 -1.3951
1 0 3 1 76.754 -25.493 -2.8046 -5.8405 6.2805 9.3233 -11.788 -7.209 -17.291 -0.16882 -0.638 -7.7004 -15.195 -6.1288
1 0 3 1 76.18 -21.725 -3.9176 -5.1038 4.7529 10.513 -15.886 -6.9982 -15.114 -11.616 0.19515 -3.1609 -6.5695 -4.2259
1 0 3 1 75.871 -21.625 -5.4493 -5.269 3.1572 10.617 -12.44 -9.4226 -15.463 -7.7339 -1.9013 1.2979 -9.3019 -3.9204
1 0 3 1 78.028 -25.231 -5.7299 -4.8019 4.3488 11.405 -9.9035 -5.8527 -15.304 -3.974 0.083743 -5.3016 -5.6547 -5.1237
1 0 3 1 79.399 -23.898 -6.0467 -2.3176 2.6507 9.3677 -12.817 -8.7745 -17.468 -1.8417 0.12753 -1.3114 -6.1032 -0.38684
1 0 3 1 77.155 -21.827 -4.8229 -1.4859 1.0158 11.078 -11.497 -8.2283 -13.095 -8.1625 2.7695 -2.1659 -4.6237 -6.7306
1 0 3 1 78.146 -24.551 -4.251 -3.199 5.2607 10.966 -12.146 -8.6708 -16.646 -7.9553 -0.77054 -3.7901 -8.8007 -0.75358
1 0 3 1 76.072 -20.695 -1.6753 -3.1102 0.78561 10.48 -17.545 -7.9339 -12.347 -4.8427 4.3013 -3.1025 -3.3036 -4.1691
1 0 3 1 78.362 -25.315 -1.6844 -4.2852 5.0391 10.59 -12.178 -8.1206 -14.941 -4.2815 6.2822 1.275 -12.055 -5.4793
1 0 3 1 75.389 -21.162 -2.888 -5.0101 0.27145 8.3049 -17.934 -8.7934 -13.166 -7.9425 3.1459 -4.6328 -7.3199 -5.8369
1 0 3 1 79.642 -23.524 -5.1446 -2.3791 1.9323 9.1438 -12.746 -6.5934 -15.332 -3.5477 0.25405 -0.76391 -8.8176 -1.2381
1 0 3 1 78.497 -21.881 -4.7242 -4.4749 1.4103 7.9183 -9.0021 -2.8246 -15.37 -6.849 2.6721 -4.5957 -4.7286 1.0964
1 0 3 1 77.871 -20.286 -4.1529 -3.4657 -0.86844 7.3016 -10.383 -1.6674 -14.962 -8.0559 -1.7895 -5.2664 -0.16006 -0.56512
1 0 3 1 76.752 -20.486 -5.1135 -4.8932 -4.4841 7.9698 -13.638 -4.5327 -14.263 -11.424 -3.9435 -7.9305 -1.6647 -2.1876
1 0 3 1 78.709 -24.187 -3.8829 -4.6515 5.2279 7.2013 -13.006 -7.0324 -17.787 3.0722 -4.4556 -3.98 -7.8594 -3.5835
1 0 3 1 76.896 -22.97 -0.40818 -5.1334 2.5017 5.4633 -13.217 -6.3767 -11.127 -0.73201 4.3265 -7.3911 -10.192 -3.3544
1 0 3 1 74.823 -19.675 -1.4531 -7.2951 1.093 2.746 -11.941 -2.4602 -14.514 0.26518 0.79466 -5.1509 -5.857 -3.2618
1 0 3 1 78.407 -23.468 -3.44 -4.0109 2.9355 5.209 -12.652 -8.0105 -18.515 3.0291 0.6383 2.0978 -10.939 -3.4407
1 0 3 1 77.322 -21.753 -2.2664 -6.2033 0.17271 1.8057 -12.464 -7.1687 -13.604 2.127 2.0281 -4.4013 -6.6024 -3.1925
1 0 3 1 79.785 -20.399 -10.715 0.51486 -5.5494 4.107 -10.825 -11.131 -7.3503 -3.5515 2.1714 -1.902 -1.8076 -2.0006
1 0 3 1 78.149 -19.319 -0.62867 -3.7165 -1.9478 1.0516 -15.751 -7.1891 -15.905 5.5654 3.3317 0.71657 -13.342 -5.4937
1 0 3 1 75.621 -16.756 0.98962 -7.4923 -4.2288 0.50072 -17.478 -4.9385 -14.328 -1.0852 3.9369 -1.1674 -8.7243 -4.7622
1 0 3 1 77.102 -19.68 0.54129 -6.4581 -1.2095 1.7064 -15.411 -7.5175 -16.359 1.1341 5.8034 -6.6951 -12.673 -6.2979
1 0 3 1 77.672 -18.449 -1.5903 -6.346 -0.93539 -4.2181 -17.763 -5.513 -13.098 -3.8972 -0.032263 -6.3754 -4.4253 -4.9402
1 0 3 1 80.009 -20.004 -3.3966 -6.7371 -3.3542 1.6572 -16.18 -7.602 -17.991 -0.78637 -0.69992 3.042 -6.9415 -4.7015
1 0 3 1 78.954 -20.126 -0.72927 -7.2128 1.814 2.0318 -15.029 -7.7485 -11.944 -0.472 2.27 -5.0673 -5.0033 -2.7918
1 0 3 1 80.151 -20.603 -1.6487 -4.7575 3.2598 2.1392 -11.959 -3.7476 -10.158 3.6611 1.7468 1.659 -4.7946 -6.0977
1 0 3 1 77.287 -20.295 0.16087 -5.3492 0.73818 4.004 -13.57 -3.9243 -11.318 2.1422 1.025 -0.33694 -0.85382 -4.7295
1 0 3 1 78.329 -20.63 -1.3279 -7.9682 1.5837 4.472 -13.006 -3.2443 -11.849 -2.4641 2.9435 2.0933 -3.549 -4.9485
1 0 3 1 78.215 -22.946 -0.17836 -6.8281 1.6937 5.754 -14.055 -5.5198 -15.498 -2.8718 2.0807 -0.63602 -3.137 -4.4276
1 0 3 1 79.945 -23.251 -6.2665 -7.0838 0.096132 5.9838 -10.503 -6.189 -15.307 -2.6982 3.1633 0.90366 -7.1575 -2.8843
1 0 3 1 78.375 -23.061 -3.1122 -7.4609 0.77166 6.6772 -15.268 -5.3935 -14.562 -1.8882 1.0662 -4.3199 -9.2026 -2.8782
1 0 3 1 74.81 -19.816 0.48133 -3.8078 -0.34388 6.3487 -16.525 -5.723 -9.6586 -8.0912 3.473 -5.6761 -6.2989 -2.7925
1 0 3 1 75.872 -21.993 0.50702 -6.9188 3.5765 3.7051 -16.686 -7.3041 -18.557 -2.6819 4.8686 -2.9414 -10.032 -3.177
1 0 3 1 78.006 -22.059 -2.5214 -4.3767 6.8788 5.2026 -8.4447 -9.5591 -20.203 -3.2349 0.88842 1.1293 -10.849 -2.8256
1 0 3 1 76.893 -20.923 -7.4625 1.2815 1.1179 11.901 -7.1311 -10.946 -9.943 -9.8959 0.24128 -1.1464 -5.5759 -5.1872
1 0 3 1 76.774 -22.695 -4.309 0.10538 1.77 11.299 -9.6574 -11.067 -13.315 -7.0972 0.34516 -2.1678 -5.4997 -4.6361
1 0 3 1 76.849 -23.254 -1.7049 -3.6897 6.2607 7.3713 -13.322 -7.0382 -16.407 -4.6666 4.2951 -5.73 -11.084 -6.7531
1 0 3 1 77.633 -23.077 -3.2464 -3.5394 -0.42123 4.0322 -13.053 -6.8295 -21.145 4.579 1.2658 -4.6699 -11.284 2.6559
1 0 3 1 76.833 -23.854 -3.4399 -2.5278 2.8498 8.7702 -14.535 -6.7535 -11.926 -2.4673 6.5276 -4.1908 -8.1893 -6.966
1 0 3 1 77.88 -24.319 -4.6396 -2.1216 2.8711 11.91 -14.097 -7.6973 -20.038 -1.5833 1.6891 -1.5593 -10.491 -3.1798
1 0 3 1 77.058 -21.453 -10.558 1.8276 -0.28535 10.841 -3.6224 -15.961 -5.4849 -11.6 -1.0525 -3.2566 -8.9895 -1.3068
1 0 3 1 77.121 -24.68 -3.0648 -2.7575 4.8584 10.68 -12.812 -4.8684 -11.97 -2.5906 1.1231 -10.467 -6.8953 -2.8102
1 0 3 1 77.255 -23.728 -4.7551 -2.1547 4.5221 9.3211 -13.65 -4.9228 -16.658 2.0266 0.051954 -2.0586 -12.578 -5.398
1 0 3 1 74.887 -21.333 -2.8126 -3.1178 7.1289 11.294 -15.16 -5.8935 -13.954 -7.5557 -0.22323 -5.1798 -4.7994 -2.215
1 0 3 1 76.812 -23.102 -2.7048 -3.0807 5.9238 13.064 -12.373 -1.0868 -12.313 1.7657 3.5597 -8.2291 -4.4388 -2.2131
1 0 3 1 77.471 -23.813 -5.5854 -2.9888 6.0313 11.438 -10.638 -3.7465 -19.946 1.1109 0.72077 -2.2008 -10.623 -1.7864
1 0 3 1 74.752 -19.767 -5.4121 -1.9967 1.2243 12.306 -12.966 -4.8441 -13.147 -7.7933 1.5454 -3.9996 -5.0368 -6.9038
1 0 3 1 77.369 -22.571 -7.7731 0.32205 -0.038018 12.854 -6.5748 -7.7513 -9.3043 -8.8605 0.86072 1.583 -4.3519 -1.7158
1 0 3 1 78.17 -23.909 -3.5431 -0.72927 3.3394 11.117 -9.7744 -3.2336 -17.156 -1.4481 3.1921 -5.5118 -8.4759 -5.7582
1 0 3 1 74.617 -20.065 -3.5733 -4.7441 1.6947 8.5542 -11.769 -1.7333 -18.382 -5.0219 1.1429 -5.1529 0.3709 -4.3539
1 0 3 1 78.059 -24.701 -5.5762 -3.1462 6.2303 11.913 -10.635 -8.696 -16.69 0.43747 1.0671 -3.6005 -6.9343 -3.6444
1 0 3 1 74.495 -22.213 -0.6691 -1.872 3.6777 14.01 -15.196 -6.4209 -9.5654 -2.4258 0.045653 -12.032 -3.2012 -3.4912
1 0 3 1 75.61 -22.448 -5.2885 -1.2627 8.3137 8.3032 -10.249 -8.6179 -14.683 -3.3557 3.1203 -0.79886 -14.142 -5.9107
1 0 3 1 77.397 -24.098 -4.9536 -2.6597 7.8584 12.161 -7.5293 -5.114 -12.784 -0.25358 3.7182 -4.5899 -4.3905 -7.8369
1 0 3 1 73.601 -21.169 -2.69 -2.7246 6.2875 9.6088 -9.9567 -2.2905 -14.68 -3.2652 4.3189 -3.6726 -4.6287 -7.8803
1 0 3 1 73.83 -22.956 -3.2021 -2.3629 2.831 13.024 -15.598 -3.8408 -10.213 -2.3979 7.3611 -7.6621 -6.0595 -3.255
1 0 3 1 76.209 -24.285 -4.8797 -2.3279 6.6586 12.578 -8.7017 -3.5993 -14.887 0.097294 7.7645 -2.2757 -8.3339 -6.2396
1 0 3 1 77.286 -24.607 -6.0008 -2.052 2.7492 13.591 -10.337 -3.0777 -6.5251 -4.3344 -0.80258 -7.5976 0.81178 0.062215
1 0 3 1 76.911 -24.497 -6.3875 -2.58 2.0449 14.973 -7.6072 -3.5324 -9.5619 -9.0325 1.3581 -5.6836 1.6843 -1.0334
1 0 3 1 75.51 -21.003 -4.0839 -0.59785 -3.1905 13.18 -6.0867 -3.9535 -10.056 -14.43 1.1572 -0.64311 -3.0636 -1.4451
1 0 3 1 77.222 -23.98 -5.214 -3.2363 3.9422 13.31 -8.6088 -5.8741 -16.995 -8.3298 4.2503 -3.5113 -8.6484 -7.4835
1 0 3 1 76.064 -23.219 -4.7031 -3.2794 5.1607 6.9343 -12.778 -9.0552 -17.375 2.9476 3.0746 -1.3451 -10.757 -4.0851
1 0 3 1 75.414 -23.836 -2.3615 -4.7466 8.5488 10.921 -16.057 -7.3154 -9.05 1.6888 6.6502 -3.0103 -6.7477 -2.6013
1 0 3 1 76.407 -24.22 -5.0016 -3.8192 5.7444 14.87 -8.99 -4.2985 -13.725 -1.0021 7.4489 -3.1397 -5.9146 -5.2528
1 0 3 1 75.114 -24.513 -5.7405 -3.3059 8.6632 10.285 -9.0106 -7.7298 -17.906 -1.7075 1.9996 -3.8444 -14.191 -4.3687
1 0 3 1 76.845 -24.126 -4.277 -2.5113 5.1506 10.717 -9.4595 -7.4864 -10.053 -5.4321 1.5771 -1.3554 -6.1026 -3.1205
1 0 3 1 76.283 -23.103 -3.1834 -2.0743 2.3075 13.745 -11.25 -5.7532 -10.765 -6.8258 3.1552 -4.3289 -5.6767 -5.3391
1 0 3 1 76.08 -24.323 -4.5484 -2.4886 3.9425 11.885 -8.6673 -6.9022 -11.954 -1.1249 4.7376 -6.6376 -10.487 -4.0466
1 0 3 1 74.161 -21.605 -4.6935 -3.361 1.4863 13.645 -9.146 -5.8124 -11.984 -6.7161 5.4759 -1.0453 -5.6304 -7.2538
1 0 3 1 76.019 -22.772 -6.4031 -2.9638 6.4995 10.754 -9.68 -2.5546 -18.77 0.08662 3.9004 5.3054 -8.524 -2.1177
1 0 3 1 73.849 -21.165 -1.3584 -5.895 8.3265 4.735 -11.236 -3.5744 -14.504 -3.1168 1.4768 0.33509 -7.3716 -3.4782
1 0 3 1 75.97 -24.067 -3.4696 -1.6676 5.3151 12.805 -11.154 -4.8845 -15.847 -1.9071 6.2956 -9.3662 -6.3601 -2.6226
1 0 3 1 75.136 -21.775 -4.534 -2.1125 8.8198 13.795 -6.1184 -4.5955 -15.76 -4.0148 1.9009 -0.32763 -11.139 -4.1093
1 0 3 1 75.324 -22.434 -3.5958 -5.7149 6.9095 13.616 -2.5304 -2.0083 -11.542 -2.4335 -1.6449 -3.5017 -2.6111 -2.7206
1 0 3 1 74.892 -21.895 -1.851 -4.2038 4.7508 10.263 -11.214 -4.223 -10.99 -3.9022 5.1112 -0.69174 -5.4799 -1.4673
1 0 3 1 77.305 -25.279 -7.3644 -0.25368 3.9786 7.7012 -14.339 -7.1929 -12.659 -3.0913 4.7517 -2.8862 -7.7257 -4.3472
1 0 3 1 77.265 -25.145 -6.9796 -0.16378 4.0462 7.4676 -14.204 -7.0555 -12.342 -2.5636 4.1306 -2.8083 -7.6491 -3.8171
1 0 3 1 76.539 -23.231 -7.2303 -3.6804 6.6412 10.621 -6.6052 -7.4963 -15.62 -4.9573 0.21625 -0.080149 -10.601 -2.4809
1 0 3 1 75.798 -23.506 -4.591 -4.244 7.3594 12.042 -14.708 -7.7081 -15.515 -9.7373 1.9873 -1.3814 -5.942 -4.6346
1 0 3 1 76.542 -22.289 -3.1832 -1.6292 4.3073 13.911 -10.3 -2.7818 -10.446 1.0326 9.6791 -5.5 -7.0251 0.69616
1 0 3 1 76.398 -23.761 -5.7035 -3.4756 6.8569 14.092 -10.001 -3.0247 -14.801 2.4529 5.3241 -0.094781 -10.311 -3.4608
1 0 3 1 74.769 -22.043 -3.6163 -5.7692 8.3832 11.4 -10.491 1.029 -10.96 -5.9287 -1.0931 -2.2864 -1.9641 -1.1287
1 0 3 1 76.554 -24.464 -5.3558 -3.2499 6.7912 14.361 -7.0569 -4.9544 -16.805 -2.9815 1.8414 0.86587 -8.9077 -7.5231
1 0 3 1 76.836 -25.303 -7.7626 0.34188 1.7962 14.624 -8.6813 -5.9359 -12.316 -4.4549 3.6365 1.7915 -8.4172 -6.5405
1 0 3 1 75.148 -22.92 -4.9331 -2.5189 2.1331 7.6744 -4.4211 -10.83 -8.1098 -0.80971 1.7025 3.1277 -7.6278 -4.1275
1 0 3 1 73.226 -22.302 -3.0373 -3.0993 6.883 11.436 -10.381 -0.71404 -11.728 -2.2952 -0.158 -1.2593 -4.8859 -3.0964
1 0 3 1 77.249 -24.53 -6.7151 -3.5347 5.1933 12.863 -12.124 -6.3883 -13 -0.37321 11.467 -2.8483 -9.0656 -3.2779
1 0 3 1 78.328 -23.967 -9.908 1.5915 -0.6236 11.453 -2.701 -7.0346 -9.2936 -6.8195 -3.3726 1.4872 -6.1883 0.025917
1 0 3 1 78.966 -24.562 -11.728 3.4779 -1.0249 12.301 -0.40466 -4.6927 -4.8192 -9.7466 -0.58411 -1.8178 -6.4842 -2.1775
1 0 3 1 77.741 -24.126 -6.4584 -3.4403 6.9712 11.279 -5.2377 -6.0959 -14.922 -6.3641 2.6259 3.6638 -5.5136 -1.1302
1 0 3 1 75.522 -22.689 -2.6295 -3.0739 4.1462 8.2114 -10.94 -5.2802 -7.1045 -8.3493 3.3475 -1.9993 -2.9724 3.6656
1 0 3 1 74.234 -22.083 -3.1897 -6.6415 6.7701 7.342 -13.598 -2.6121 -13.606 1.4141 2.8945 -2.6112 -3.6506 -4.3285
1 0 3 1 76.939 -24.901 -5.8638 -3.8798 5.0397 11.474 -10.17 -4.8617 -11.361 3.2653 5.6624 -5.4729 -7.0567 2.2613
1 0 3 1 77.478 -24.455 -7.8433 0.53788 0.40577 15.061 -6.3385 -0.76096 -2.3453 -5.3332 3.3585 -6.0571 -3.253 -2.0184
1 0 3 1 77.021 -25.395 -8.2276 -0.15731 0.38234 15.443 -6.1047 -1.1442 -3.0885 -6.0709 0.98289 -7.961 -4.8693 -2.1092
1 0 3 1 75.601 -24.155 -5.0661 0.60877 -0.5412 9.4337 -7.3871 -8.3301 -0.74793 -9.5739 7.2383 -4.2857 -8.5512 -0.19729
1 0 3 1 77.025 -23.905 -8.1805 -0.67091 0.31121 14.978 -5.1733 -6.3892 -9.1616 -1.953 2.3295 3.3976 -6.9947 -1.2325
1 0 3 1 73.076 -24.979 -5.823 -4.9865 5.4964 12.715 -9.185 -3.0606 -12.335 -0.81279 4.9586 -6.0716 -8.2621 -0.15737
1 0 3 1 73.541 -24.968 -6.0829 -5.9001 8.0535 14.366 -7.9177 -4.0374 -15.021 -3.954 7.0665 1.9304 -8.3545 -4.7241
1 0 3 1 73.364 -22.888 -6.8515 -6.0482 1.2087 11.506 -9.1063 0.51421 -11.163 -2.0933 4.3013 -1.3064 -6.8891 -0.21705
1 0 3 1 73.2 -23.126 -4.6015 -7.2753 1.4233 10.906 -9.4161 -0.8315 -8.7062 -3.4335 4.0147 -1.4097 -3.6372 -2.1691
1 0 3 1 73.554 -24.809 -4.7732 -6.7448 3.1768 12.367 -10.088 -4.5439 -12.184 -2.846 5.4627 1.592 -3.5087 -5.8549
1 0 3 1 72.544 -22.93 -1.864 -4.9192 3.0103 17.039 -6.4335 -3.6459 -4.1623 -2.4022 10.322 -4.2897 -5.9688 -1.5715
1 0 3 1 75.625 -23.231 -6.9603 -8.6748 4.847 11.927 -3.8428 -2.7911 -12.259 -7.1916 2.8141 1.6543 -3.9352 -2.401
1 0 3 1 75.866 -23.16 -7.0016 -7.2331 5.4556 12.837 -3.6443 -2.6749 -13.283 -7.6852 3.4202 1.3801 -4.4399 -2.7495
1 0 3 1 73.581 -22.865 -4.0389 -6.3132 4.9131 11.625 -2.2288 3.0164 -11.285 -3.0758 -6.116 -2.9071 0.6592 -0.13208
1 0 3 1 75.153 -25.246 -5.4657 -7.8057 2.7085 15.521 -8.334 -2.2537 -10.466 -6.8197 5.8996 1.7354 -0.88152 -7.0376
1 0 3 1 76.792 -25.125 -9.9214 -0.9797 -1.3677 13.816 -0.85076 -9.6575 -3.2337 -8.3818 1.3312 5.0748 -3.4004 -0.67801
1 0 3 1 75.243 -24.054 -6.7539 -3.1686 0.016944 12.144 -7.2933 -7.6774 -7.2265 -3.8069 6.3503 -0.37732 -6.4581 -0.75749
1 0 3 1 73.603 -23.556 -3.5953 -6.9643 6.5498 12.845 -9.0717 -4.9062 -7.6288 0.54589 5.1218 -0.42313 -7.2155 0.15219
1 0 3 1 73.376 -23.782 -3.4388 -6.8343 6.7938 12.339 -10.092 -5.1772 -7.848 1.0475 5.7106 -0.36105 -7.3309 0.22423
1 0 3 1 74.027 -24.508 -2.4652 -6.3814 4.5707 15.986 -6.3729 0.24445 -13.428 -9.4054 7.4895 0.79457 -0.35766 -8.7319
1 0 3 1 75.381 -23.228 -9.8863 -8.427 4.43 14.965 -7.9213 -0.16392 -12.536 -4.1118 3.4314 0.25427 -1.0908 -4.7753
1 0 3 1 74.161 -23.403 -5.7363 -6.3695 3.7661 7.6831 -5.6549 0.1734 -9.6306 -0.78207 -0.39914 -0.12133 -1.4041 -1.0865
1 0 3 1 73.89 -22.615 -5.0545 -5.0568 2.0853 14.232 -7.149 -1.7133 -4.9909 -8.7003 2.0916 -3.604 -3.845 -0.6844
1 0 3 1 75.971 -26.285 -7.6219 -4.6638 0.5486 14.86 -6.6255 -6.5832 -7.1026 -3.2645 3.0329 -0.43781 -2.7683 -7.5672
1 0 3 1 75.362 -26.29 -7.187 -5.4817 3.417 17.322 -5.857 -2.5768 -13.43 -4.6108 4.9679 -1.7842 -4.2536 -4.6453
1 0 3 1 73.886 -23.841 -7.2512 -9.2944 5.5526 8.8881 -5.8885 -3.5489 -11.189 -7.9783 2.8406 1.3345 -6.9362 -3.2546
1 0 3 1 73.89 -22.342 -9.441 -4.9811 0.52209 12.454 -3.7302 0.067608 -8.6855 -10.2 7.8872 -4.4246 0.7861 -4.0869
1 0 3 1 74.781 -24.796 -6.1621 -8.7093 6.2833 13.922 -8.2122 -2.8255 -7.2096 -2.1952 4.43 0.27423 -3.3223 -0.92225
1 0 3 1 74.91 -25.331 -5.8275 -7.2078 5.0019 14.061 -10.489 1.1935 -8.3103 -6.2494 9.7257 0.26671 -4.4418 -5.0536
1 0 3 1 72.005 -23.374 -7.4521 -5.173 -0.36846 14.605 -8.3338 -0.83115 -6.2916 -9.3367 2.5317 1.689 2.1077 -3.4463
1 0 3 1 77.784 -25.823 -11.035 -3.0318 -2.2963 13.157 1.125 -2.0831 -2.3255 -8.4066 -2.5915 3.7824 -4.1711 0.85339
1 0 3 1 76.673 -25.93 -9.5072 -3.6911 0.086184 12.373 0.78955 -3.1957 -3.8221 -6.8919 -4.1053 5.1766 -5.5321 1.6819
1 0 3 1 74.948 -25.318 -8.3795 -4.619 0.93221 13.521 -7.2077 -2.2503 -9.4003 -6.4937 6.7526 -3.9657 -1.2395 -5.0081
1 0 3 1 74.617 -26.08 -4.1244 -6.5936 4.9833 14.756 -12.151 -2.6958 -9.4356 -2.1619 6.919 1.4024 -2.6982 -6.5169
1 0 3 1 74.243 -24.087 -4.1412 -3.1899 4.6067 14.351 -8.7425 -1.9049 -9.9519 -8.0641 8.1163 1.1005 -6.7332 -4.6809
1 0 3 1 77.339 -27.235 -11.054 -8.0398 0.44817 15.728 -5.9483 1.733 -10.105 -10.035 1.589 -0.86009 -1.3066 -0.36779
1 0 3 1 77.257 -27.394 -10.974 -7.7287 1.3076 17.047 -4.4394 2.7471 -9.1022 -8.6573 1.8108 -0.61781 -1.3086 0.34725
1 0 3 1 77.377 -26.642 -9.8104 -6.7309 2.0637 17.698 -3.649 3.3372 -7.8162 -6.8573 3.138 0.86412 -0.077692 1.7102
1 0 3 1 74.598 -24.912 -6.6771 -1.1267 -2.5078 12.683 -1.6827 -2.5942 -6.5123 -5.5098 0.41457 4.1361 -7.7338 0.45004
1 0 3 1 74.76 -24.643 -4.6358 -5.2894 0.48647 12.264 -6.112 -2.3246 -10.086 -3.6339 7.083 -1.3279 -1.3246 -0.70429
1 0 3 1 75.395 -24.806 -8.0244 -6.6845 5.6204 10.433 -13.078 0.25181 -15.093 -1.55 3.8987 -0.11514 0.24402 -1.9274
1 0 3 1 73.01 -22.958 -6.74 -4.6979 6.6472 8.5173 -14.715 -0.99689 -8.16 5.345 3.2969 0.14129 -2.2077 -1.7925
1 0 3 1 74.026 -23.981 -5.096 -5.7342 3.9136 7.9971 -9.8016 -4.9051 -12.466 2.9565 7.5177 -1.3225 -0.25661 -0.15591
1 0 3 1 74.341 -24.267 -6.5592 -6.3902 3.4761 16.046 -10.426 -1.4727 -13.694 -3.0112 1.8508 -2.8211 -1.0542 -4.2282
1 0 3 1 74.605 -23.629 -9.845 -7.1945 -1.2479 11.806 -5.4393 4.2687 -7.49 -0.20017 2.2979 -4.1281 -0.91371 0.30819
1 0 3 1 74.896 -23.081 -12.64 -6.6221 1.9419 11.499 -4.4845 3.9452 -10.819 -3.6212 4.099 -1.2569 1.2883 -6.7836
1 0 3 1 74.245 -25.059 -6.1189 -3.7869 4.5286 13.519 -9.0713 2.2254 -7.9298 -1.1825 8.5619 0.62814 -3.703 -8.0898
1 0 3 1 74.234 -24.26 -8.1965 -3.334 3.1203 16.592 -8.5653 1.2603 -7.9821 -6.0362 5.9159 -2.6981 -3.8708 -3.5227
1 0 3 1 75.938 -24.609 -9.0248 -6.6812 0.51637 12.111 -4.952 3.3199 -14.704 -1.9402 6.1954 -2.9874 -0.006214 -5.5377
1 0 3 1 72.852 -24.255 -6.2831 -4.0226 -1.0135 12.191 -9.5255 1.7688 -10.209 -6.3312 5.3985 -3.757 -2.1694 -0.87189
1 0 3 1 73.171 -24.669 -2.6619 -7.0339 6.1826 9.5385 -10.711 -3.4751 -9.2894 2.5502 2.5445 -0.61049 -1.3964 3.5756
1 0 3 1 74.081 -24.808 -8.5249 -6.1535 1.8294 12.851 -11.918 4.7056 -11.439 -2.2052 7.9697 -0.25644 0.73115 -5.2066
1 0 3 1 76.155 -26.549 -9.1837 -5.9974 3.1041 12.221 -6.1929 -3.4234 -14.686 0.46069 4.5194 -3.7802 -3.6657 -2.1709
1 0 3 1 73.986 -22.587 -9.6978 -5.0029 4.045 11.42 -6.6181 0.63965 -14.164 -2.1726 2.31 1.7507 4.2348 -1.9964
1 0 3 1 72.776 -23.719 -5.9932 -3.0549 1.4137 12.442 -12.51 0.14112 -9.0623 -2.3132 7.9664 -3.7862 -2.4697 0.18549
1 0 3 1 76.095 -26.257 -10.355 -4.2361 1.9789 9.0497 -7.3916 -5.8242 -11.16 -2.1074 6.7422 5.5633 -2.6138 -6.6807
1 0 3 1 75.803 -22.446 -10.169 -2.0377 -3.21 13.896 -5.4861 0.49409 -9.3168 -5.657 2.2345 -2.6752 0.96892 -4.7843
1 0 3 1 74.81 -25.409 -7.0294 -4.2683 2.3769 13.185 -15.904 0.046772 -9.2623 -6.4923 8.7255 0.82333 -1.5884 -3.4422
1 0 3 1 74.984 -24.354 -11.279 -0.34805 -3.5666 12.664 -3.442 -2.3819 -13.563 -0.45869 3.967 0.13107 2.8187 -3.5866
1 0 3 1 75.351 -25.753 -10.152 -4.9742 3.6633 12.511 -8.8785 -3.3172 -13.221 -2.0219 5.3331 3.7021 -2.3141 -6.7279
1 0 3 1 73.56 -23.969 -6.9443 -3.7551 0.22462 14.674 -13.509 2.0673 -12.178 -3.9591 11.109 1.3139 -1.7105 -6.9593
1 0 3 1 73.726 -23.917 -6.399 -2.5111 0.84145 15.72 -10.723 0.61884 -6.5814 0.15657 5.1196 -4.4999 -0.55243 -0.38447
1 0 3 1 77.183 -24.975 -10.29 -2.3988 4.5166 14.936 -3.7373 -5.4371 -10.439 -2.5065 6.6893 0.14794 -5.3626 -1.1933
1 0 3 1 77.069 -22.918 -13.431 -0.69145 3.0231 11.212 -1.7004 -3.8562 -16.957 0.62267 0.11111 0.52221 3.835 -2.0981
1 0 3 1 76.88 -22.924 -13.194 -0.23519 3.116 11.097 -1.7002 -2.8939 -16.565 1.526 0.81268 0.23068 4.5251 -1.7552
1 0 3 1 75.411 -22.538 -9.8375 1.3736 1.7641 8.3805 -5.9284 -2.3893 -12.958 3.7878 1.2077 -1.7658 2.8578 -2.8303
1 0 3 1 76.316 -25.435 -8.6543 -6.0703 2.5702 14.995 -9.0691 -0.092404 -11.244 -2.4874 5.652 3.4203 -0.64305 -6.8485
1 0 3 1 76.175 -26.634 -9.2554 -5.2133 4.2936 13.343 -6.8232 -2.3113 -15.076 -1.291 7.7263 5.9985 -1.7143 -5.9641
1 0 3 1 76.822 -25.845 -10.644 -4.7612 -1.2945 13.127 -8.9116 -3.5727 -10.486 -1.5986 6.494 -3.81 -2.1145 -1.5831
1 0 3 1 77.309 -25.995 -10.441 -4.6504 -0.82077 12.215 -8.3974 -3.213 -9.4583 -0.70555 6.1994 -3.7024 -4.0305 -0.78959
1 0 3 1 77.584 -26.891 -13.292 1.7587 -1.4047 13.223 0.05846 -9.7384 -7.9862 -3.7346 -0.5853 4.2363 -5.3178 -3.0213
1 0 3 1 77.058 -26.85 -9.4525 -0.056625 -1.0567 11.491 -6.0343 -10.791 -7.7969 -0.13745 4.6631 3.7566 -5.5378 -2.1754
1 0 3 1 74.833 -24.688 -6.7287 -4.1267 1.6044 15.338 -11.582 0.51853 -12.792 -5.1686 9.456 2.9593 -0.77626 -8.7901
1 0 3 1 73.582 -23.263 -6.074 -2.789 1.8184 14.776 -12.624 -2.5488 -8.7275 -0.60962 6.5698 -3.4954 1.6401 -3.3131
1 0 3 1 77.11 -26.67 -10.253 -2.7461 1.9187 12.593 -7.0763 -1.3545 -9.1783 -0.21668 8.4056 -0.75959 -5.1974 -2.7251
1 0 3 1 75.355 -24.547 -8.2537 -3.1179 1.7512 14.647 -8.6926 1.7921 -10.826 -4.6336 9.0416 -2.8365 -0.65668 -7.2098
1 0 3 1 74.358 -23.466 -5.5933 -1.8193 0.88309 13.155 -10.636 -0.45454 -15.111 -5.8872 9.6403 -2.578 2.1059 -3.0708
1 0 3 1 77.411 -26.21 -10.045 -4.24 0.74649 12.796 -10.495 -5.6803 -11.118 -1.7032 4.503 -7.1065 -2.2607 -0.037102
1 0 3 1 74.536 -23.928 -6.233 -3.1591 2.165 12.108 -13.872 1.6374 -12.645 0.9539 12.372 1.6386 -3.6182 -11.334
1 0 3 1 74.643 -24.427 -7.4492 -5.0141 2.9809 10.383 -10.479 -3.7739 -12.043 0.87124 4.8101 -0.49867 -5.4507 -3.1307
1 0 3 1 77.402 -27.297 -11.494 -5.7278 -1.0647 11.546 -6.7442 -2.4722 -11.077 -2.0511 11.394 -1.5569 -3.141 0.97985
1 0 3 1 77.402 -27.297 -11.494 -5.7278 -1.0647 11.546 -6.7442 -2.4722 -11.077 -2.0511 11.394 -1.5569 -3.141 0.97985
1 0 3 1 74.013 -22.793 -6.0075 -5.1588 0.9583 13.096 -15.934 1.193 -12.025 -3.511 12.428 2.7854 0.7915 -6.7334
1 0 3 1 75.165 -22.968 -5.2303 -5.2612 2.9461 11.296 -13.373 -2.7818 -15.846 -0.52692 9.3548 -2.2339 -0.7231 0.64451
1 0 3 1 76.505 -25.457 -8.9582 -2.3603 -1.4104 11.512 -7.057 -2.1058 -11.626 0.069774 9.932 -3.7473 -5.2511 1.1218
1 0 3 1 76.258 -23.438 -8.8121 -5.7125 0.36282 11.56 -10.379 -6.0323 -14.58 -2.0299 5.2329 2.0662 -1.266 -1.2044
1 0 3 1 73.54 -22.847 -4.5311 -6.3711 2.252 10.479 -14.323 -0.3898 -13.389 -2.8222 6.9372 0.83209 -3.3137 -3.5933
1 0 3 1 73.83 -23.572 -5.7492 -4.1052 2.0695 12.308 -13.584 1.2707 -12.282 -5.4197 7.05 -2.2578 -3.1102 -6.4552
1 0 3 1 76.143 -26.377 -7.3899 -1.9982 -4.3608 11.318 -7.4881 -1.6151 -10.294 -1.5516 7.9333 0.0030511 -7.0502 -0.21077
1 0 3 1 75.149 -23.827 -8.5091 -4.0042 5.2711 8.0803 -5.996 -1.9973 -14.48 -1.6187 1.86 4.4997 -2.5434 -6.0209
1 0 3 1 74.88 -23.887 -8.6901 -3.7768 1.0657 15.271 -11.145 1.642 -10.202 -1.5314 8.8408 0.62826 -0.71705 -6.2096
1 0 3 1 77.315 -25.008 -7.8278 -1.0474 2.0687 13.783 -6.3907 2.4272 -8.135 -2.5061 3.0551 1.362 -5.6343 2.0663
1 0 3 1 73.292 -21.922 -4.9826 -4.6357 3.8575 7.846 -12.105 1.0917 -12.48 4.9065 3.753 1.4827 -4.6731 -2.1898
1 0 3 1 74.592 -23.718 -5.7676 -1.9024 2.7051 9.3169 -11.308 -0.30634 -10.169 2.6442 4.9124 -0.79067 -3.1187 0.97798
1 0 3 1 75.244 -24.125 -8.3002 -3.0943 5.6318 10.665 -6.3683 -2.0842 -13.368 3.2454 7.5148 4.9336 -7.6796 -9.4504
1 0 3 1 73.844 -23.607 -7.7038 -2.5564 1.4426 13.543 -9.8043 1.2923 -11.129 -5.0289 10.386 2.5514 -0.32874 -5.4288
1 0 3 1 77.623 -25.521 -9.0399 -1.8751 0.74396 13.184 -9.1209 -1.1578 -8.7296 0.19655 4.4878 -2.5239 -6.2182 1.2109
1 0 3 1 74.613 -23.039 -9.9538 -3.6286 0.89337 11.142 -10.775 -3.2699 -13.767 -0.11847 8.7025 1.4314 -0.77425 -1.4496
1 0 3 1 75.58 -24.911 -10.32 -3.5085 -1.6169 14.811 -5.9875 -0.89312 -10.653 -5.3928 9.6713 -0.94171 -3.1884 -1.9904
1 0 3 1 73.874 -24.991 -4.0647 -4.185 5.6908 8.8159 -7.9977 -3.5897 -10.208 7.0396 -0.53043 -1.6879 -11.885 2.6827
1 0 3 1 72.434 -25.052 -7.1244 -6.0973 3.2346 12.734 -6.9749 -1.706 -12.692 -2.0708 5.5366 -2.2817 -5.8733 -7.9993
1 0 3 1 75.211 -26.922 -8.9481 -3.2914 1.2163 11.879 -10.835 -5.3902 -12.213 5.6946 10.118 1.8104 -9.4497 -3.7171
1 0 3 1 73.726 -24.708 -5.4038 -7.6595 9.8543 5.1354 -7.4377 -5.4522 -10.633 5.615 2.3069 0.30035 -6.2964 -1.4525
1 0 3 1 76.593 -25.857 -7.537 -4.6862 5.1096 9.7926 -6.0555 -6.8224 -12.508 3.5614 0.91089 2.6578 -8.6974 0.25372
1 0 3 1 74.234 -25.357 -4.0913 -8.0085 9.8916 5.7674 -6.1226 -1.8348 -10.534 8.9101 -1.031 -6.1991 -10.734 4.4284
1 0 3 1 74.34 -25.674 -2.4602 -7.3172 5.6716 12.528 -7.6726 -4.4249 -14.149 3.6982 1.6936 4.0115 -8.5243 -6.2433
1 0 3 1 76.798 -26.323 -4.645 -7.2334 1.983 5.931 -8.6882 -4.2212 -8.7788 12.382 4.1113 2.2141 -13.979 -0.96971
1 0 3 1 73.305 -24.664 -1.2072 -2.9292 1.1989 12.571 -9.0139 -8.0919 -1.5346 -0.22403 2.556 -1.2017 -3.9758 -1.5575
1 0 3 1 74.418 -25.593 -2.8955 -7.3396 5.3871 10.781 -8.2799 -3.0761 -10.824 0.7257 3.2711 0.44863 -8.8694 -2.3298
1 0 3 1 72.411 -25.051 -1.2467 -2.475 0.3666 17.032 -9.6546 -1.304 -4.7612 1.4568 4.3402 -1.5267 -5.1355 -5.2513
1 0 3 1 76.458 -28.58 -4.1174 -8.015 5.8918 13.019 -4.9925 0.73181 -9.9033 5.1539 3.6276 1.5431 -8.2656 -3.401
1 0 3 1 74.162 -24.452 -2.9438 -4.2461 -1.3779 17.425 -12.149 -7.3065 -4.8229 -5.0948 1.044 0.36195 -3.9924 -4.5276
1 0 3 1 74.632 -25.478 0.71891 -6.6109 8.2641 13.548 -10.942 -3.8975 -13.089 9.3775 4.5794 -2.3723 -10.525 1.3536
1 0 3 1 72.49 -23.298 0.22997 -3.812 1.2421 14.97 -12.802 -9.1481 -10.709 2.1995 -2.0795 -4.2262 -3.9652 -0.25355
1 0 3 1 76.287 -26.421 -2.7159 -6.9502 7.1911 13.465 -5.2561 -3.1176 -13.647 5.9949 -2.0335 0.15429 -9.0383 0.73637
1 0 3 1 74.546 -26.133 -2.3947 -8.867 5.4603 8.4169 -9.1685 0.39653 -13.812 2.4824 0.43772 -3.3487 -2.07 -4.8603
1 0 3 1 77.049 -23.671 -5.0793 -5.3698 -0.67737 8.3864 -11.142 1.1329 -7.6568 1.385 4.7737 0.28475 -9.293 0.27962
1 0 3 1 75.288 -24.114 -6.3744 -6.4569 4.6722 10.758 -3.7374 -7.2754 -13.906 2.2197 2.5633 -0.99552 -7.6309 -1.4715
1 0 3 1 73.409 -23.526 -5.5454 -3.7995 -3.1863 12.247 -8.6002 -3.6009 -9.0853 -6.26 -0.29819 -0.96078 -2.0751 -2.3408
1 0 3 1 75.996 -25.898 -6.6426 -0.87643 2.496 13.882 -9.6338 -9.0652 -16.265 -1.1163 2.5673 1.1541 -11.316 -2.1946
1 0 3 1 74.228 -23.561 -5.3881 -3.756 7.3944 11.236 -11.568 -6.288 -14.054 6.3363 5.4995 -3.0597 -7.3821 0.021448
1 0 3 1 74.997 -23.204 -3.9971 -4.8343 7.0921 10.014 -6.4451 -7.2154 -12.507 -2.5042 5.1851 -0.0020964 -9.0081 -0.2946
1 0 3 1 73.866 -24.059 -2.5747 -3.3928 4.3324 11.372 -12.265 -6.4681 -9.2639 1.5436 0.88325 -1.7811 -8.8964 -0.35778
1 0 3 1 73.843 -23.614 -2.1477 -2.5677 2.0317 12.943 -11.644 -7.1797 -9.2991 1.0207 3.0065 -0.66672 -6.9978 -3.105
1 0 3 1 75.6 -22.686 -5.85 -1.3791 3.3539 9.4245 -5.4948 -0.99504 -12.916 3.5902 1.7943 0.16666 -11.122 1.4719
1 0 3 1 75.771 -24.014 -7.6692 -2.1911 1.4674 14.957 -6.2124 -3.1309 -11.79 -1.1852 3.8441 -0.44918 -6.2708 -1.4612
1 0 3 1 75.704 -24.733 -3.0622 -3.2887 2.7321 10.374 -6.5248 -3.2661 -10.857 -1.3578 9.3789 1.3899 -2.7696 -5.1334
1 0 3 1 75.964 -23.271 -6.8116 -2.4267 5.0223 12.15 -5.1317 -8.1876 -16.156 -0.35733 -2.1476 3.7976 -5.1412 -3.008
1 0 3 1 74.264 -23.227 -4.1622 -4.7925 8.0141 8.6484 -12.758 -8.927 -11.274 0.81333 3.5239 -1.9282 -11.917 -1.0542
1 0 3 1 76.532 -25.387 -3.4011 -6.6582 5.2071 10.507 -1.3337 -5.3475 -15.495 1.6014 2.6165 1.2739 -4.6809 1.6233
1 0 3 1 75.912 -24.618 -4.5878 -7.7364 5.6904 9.2842 -6.1687 -4.0426 -15.821 4.8534 3.9885 1.3518 -8.2044 -0.28689
1 0 3 1 74.003 -25.388 -3.846 -0.17793 -2.0097 16.091 -7.9965 -8.3295 -7.4292 -7.7041 2.9152 -4.8088 -4.0888 -0.24563
1 0 3 1 77.151 -26.475 -4.3952 -5.4913 7.9684 12.583 -8.0496 -2.4944 -15.435 1.399 3.0457 1.6201 -5.4207 -2.0403
1 0 3 1 77.026 -23.51 -11.756 1.2283 -2.373 11.375 0.49672 -7.6533 -7.6499 -10.483 -0.63609 2.3041 0.41501 0.13648
1 0 3 1 76.304 -25.867 -6.134 -3.0175 4.4947 14.174 -7.1025 -8.8233 -12.689 -1.4319 2.6649 -0.24674 -6.1873 -1.6556
1 0 3 1 76.045 -25.877 -6.0861 -3.6308 3.611 14.823 -8.6158 -8.3826 -12.542 -2.9446 2.5496 -1.0483 -7.2244 -3.1141
1 0 3 1 72.762 -21.969 -2.945 -3.5779 2.2972 12.061 -14.244 -1.1733 -8.2371 -0.58967 -1.0811 -6.2801 -2.8689 -2.9867
1 0 3 1 76.801 -22.998 -5.6807 -1.6805 3.1985 13.439 -6.8417 -3.8991 -11.448 -0.24602 3.9059 4.4204 -3.8546 -2.8449
1 0 3 1 74.126 -23.38 -3.2824 -2.6247 4.816 15.786 -9.887 -5.6414 -12.112 1.1475 2.1069 -3.6442 -3.0062 -6.089
1 0 3 1 75.977 -25.373 -9.1165 -2.4111 -3.3281 13.481 -5.6476 2.45 -5.4389 -9.3314 1.1578 -1.6954 -0.7849 5.1517
1 0 3 1 75.974 -24.031 -6.9948 -0.99839 -4.0833 14.785 -7.9528 -2.811 -5.7818 -12.49 1.9727 -1.9782 -2.6791 9.1549
1 0 3 1 76.419 -25.195 -6.7681 -2.3183 5.0792 12.209 -6.5601 -5.1809 -12.69 4.1671 3.733 0.67775 -9.6882 -2.8559
1 0 3 1 73.925 -22.499 -3.5922 -0.85941 1.5241 15.741 -13.143 -4.1071 -12.039 -8.392 5.2509 -4.2947 -4.0629 -0.91477
1 0 3 1 72.661 -21.262 -3.602 1.6447 -0.4161 17.562 -14.725 -4.6969 -9.4437 -1.6339 1.4209 -9.2451 -2.7661 -1.556
1 0 3 1 76.048 -23.962 -7.8992 -2.2303 5.5601 10.904 -9.0065 -4.3991 -14.832 1.8857 -0.83648 -0.44132 -9.8537 -2.4588
1 0 3 1 72.953 -19.932 -3.9768 1.3639 0.12898 13.122 -9.9802 -2.3815 -8.6095 -5.0749 2.4215 -8.496 -4.0869 -5.2872
1 0 3 1 75.429 -24.36 -7.1261 0.80096 1.1433 10.857 -7.9028 -4.2991 -11.805 -4.4602 4.3659 -1.3966 -7.6198 -5.6325
1 0 3 1 76.045 -23.945 -8.5824 2.7914 0.61723 9.3247 -6.0669 -4.9782 -11.698 -4.1454 3.448 -1.7107 -7.7025 -3.6784
1 0 3 1 76.198 -25.346 -6.7039 -1.7501 3.4674 13.699 -9.1439 -6.2198 -17.038 -4.3683 3.2872 1.6762 -11.57 -6.5717
1 0 3 1 74.329 -22.744 -5.2914 -4.6082 7.1372 12.25 -5.913 -5.1359 -17.47 0.15173 1.4365 -4.0443 -11.537 -7.3188
1 0 3 1 74.329 -22.694 -4.1096 2.0244 -4.1825 16.36 -7.9364 -4.5876 -4.9491 -7.5695 5.1854 -6.026 -3.7787 -1.2465
1 0 3 1 74.501 -24.42 -3.7389 -1.9648 1.0216 12.502 -13.923 -6.7217 -10.824 -3.6775 5.0902 -5.8573 -7.0327 -4.4275
1 0 3 1 74.408 -24.491 -3.6543 -2.4178 0.74307 11.992 -14.089 -6.5666 -10.622 -3.2678 5.237 -5.5438 -7.0255 -4.5436
1 0 3 1 76.414 -24.245 -7.5694 -1.9465 4.003 11.705 -11.038 -6.9562 -17.301 1.3277 -2.6839 -7.2358 -8.2868 -3.6467
1 0 3 1 74.435 -23.184 -4.6819 -1.6438 1.7224 13.44 -10.009 -5.6445 -11.657 -2.9163 3.2411 -8.8076 -3.6826 -4.6939
1 0 3 1 73.195 -22.543 -5.1336 -3.9849 6.5426 9.5669 -8.1219 -3.7842 -19.829 -2.1427 3.6077 0.15034 -8.4813 -6.9419
1 0 3 1 74.264 -24.634 -0.15982 -5.4635 4.7117 9.1702 -9.0496 -8.462 -6.7103 -0.93064 3.0484 -7.3209 -8.1875 1.6553
1 0 3 1 73.341 -21.054 -2.2084 -0.52973 -1.5838 13.277 -11.656 -6.9613 -13.546 -5.2127 6.3928 -2.7443 -7.7795 -4.8041
1 0 3 1 75.204 -23.388 -2.9989 -3.1258 3.4556 9.7822 -8.5145 -10.37 -12.33 -0.59365 4.6125 1.8665 -10.107 -0.40419
1 0 3 1 75.636 -23.007 -7.6339 -0.51467 2.1621 10.287 -12.867 -10.064 -13.397 -2.4915 5.755 -2.9926 -9.1472 -4.9163
1 0 3 1 75.207 -24.065 -4.4842 -1.9335 -0.3208 16.4 -15.037 -6.3717 -9.239 -5.2653 4.645 -5.7297 -9.3834 -5.5379
1 0 3 1 74.576 -21.181 -4.9105 -1.6211 5.1183 9.3394 -11.209 -6.0349 -18.822 -1.6111 -1.8524 1.5902 -11.014 -9.044
1 0 3 1 74.459 -21.606 -5.632 -1.6081 -3.9004 9.7899 -11.772 -8.4967 -15.699 -5.7733 4.2571 -3.7818 -13.004 -6.478
1 0 3 1 76.424 -23.818 -5.8474 -3.6438 0.55332 11.503 -11.989 -3.7223 -13.149 -6.1741 5.9695 -2.0836 -8.0178 -3.3803
1 0 3 1 76.306 -23.436 -5.1863 -2.6534 2.3515 10.706 -14.332 -5.3092 -15.828 -1.294 4.9058 -1.2933 -9.8335 -5.3887
1 0 3 1 75.689 -22.835 -4.9053 -3.2268 1.0727 16.478 -6.9819 -7.4292 -18.177 -5.8983 5.5808 -0.42492 -5.9444 -0.58185
1 0 3 1 74.548 -23.614 -1.5806 -5.2813 5.3169 11.349 -10.015 -1.9719 -13.293 -0.41135 -4.2853 3.0621 -3.2433 3.9364
1 0 3 1 74.101 -22.569 -7.9303 -4.2339 1.6784 16.169 -7.238 -4.0956 -10.256 -3.4319 2.0808 -2.9538 -4.1555 -2.5548
1 0 3 1 74.169 -26.156 -3.8147 -6.6036 0.93381 12.505 -11.348 -2.7395 -5.966 -0.67851 1.5767 0.27654 -5.1836 1.3108
1 0 3 1 72.115 -22.331 -8.3947 -0.37313 0.6683 15.004 -11.532 -5.2473 -12.189 2.228 6.6169 -1.2605 -4.4315 -3.5239
1 0 3 1 73.93 -22.413 -6.2 -4.7117 1.8475 14.159 -13.201 -1.0473 -13.654 -0.59626 5.9079 -0.98863 -9.043 -6.1443
1 0 3 1 73.669 -24.378 -6.2641 -2.3188 0.67338 18.726 -13.339 -2.2471 -11.129 -5.7965 0.5926 -4.7251 -4.4652 -2.4109
1 0 3 1 74.517 -22.184 -6.3123 -3.2132 0.59895 10.172 -12.055 -1.7636 -13.811 -4.5229 6.607 2.1481 -6.7585 -3.0079
1 0 3 1 74.678 -22.834 -3.8452 -3.5079 -1.8411 12.674 -15.959 -2.916 -10.08 -4.8685 4.5411 -0.10535 -1.3476 -0.99054
1 0 3 1 72.817 -20.333 -3.2593 -1.3067 -4.5601 11.09 -14.326 -9.7178 -14.338 -5.2336 5.2835 -3.2632 -2.8245 -3.5415
1 0 3 1 74.85 -22.112 -2.8707 -0.2902 -1.6362 13.531 -19.618 -6.9073 -17.743 -10.269 2.6719 -2.5465 -6.2911 -6.2245
1 0 3 1 73.092 -17.243 -0.23822 1.8068 -3.5954 17.612 -10.534 -4.9214 -10.678 -6.527 6.1784 -4.3704 -6.9218 -6.8434
1 0 3 1 75.063 -21.848 -4.7447 -1.481 -1.2185 14.478 -12.426 -5.8861 -14.857 -10.368 -1.6866 -2.135 -2.0444 -3.6311
1 0 3 1 75.063 -21.848 -4.7447 -1.481 -1.2185 14.478 -12.426 -5.8861 -14.857 -10.368 -1.6866 -2.135 -2.0444 -3.6311
1 0 3 1 73.132 -17.985 -2.0119 -1.2853 -5.7762 14.096 -15.396 -6.663 -9.9432 -4.9062 3.0101 -3.4687 -5.3261 -10.167
1 0 3 1 75.93 -16.393 -2.3946 3.7121 -2.651 7.5738 -15 -5.6689 -14.288 -6.3237 2.3257 -2.9064 -9.2483 -5.8654
1 0 3 1 74.35 -17.532 0.7414 1.3001 -0.35186 7.7883 -18.8 -1.8851 -13.043 -1.2551 0.93848 -7.2323 -7.7019 -3.9255
1 0 3 1 75.946 -19.244 0.76487 3.5395 -0.71522 10.952 -15.722 -2.0266 -11.834 -5.8722 0.23687 -4.0199 -4.3324 -3.6311
1 0 3 1 75.54 -20.699 -4.332 1.4933 -1.3851 16.575 -14.899 -6.9699 -16.356 -10.063 3.9622 -5.0121 -3.1813 -5.513
1 0 3 1 72.636 -18.61 -1.836 2.2735 -4.9581 13.561 -12.946 -8.7859 -11.379 -9.6088 0.56343 -4.9583 -3.8196 -6.1571
1 0 3 1 76.073 -21.414 -2.6668 1.2541 -4.0008 15.059 -13.06 -8.0577 -16.839 -9.6159 -0.45455 -7.2885 -5.5474 -5.0085
1 0 3 1 73.031 -18.269 -0.68098 1.5052 -1.6115 11.072 -17.332 -9.3968 -10.948 -8.8613 3.7668 -2.0809 -6.5714 -10.796
1 0 3 1 75.819 -19.446 -2.0024 0.4122 -3.0079 13.854 -18.947 -8.5739 -15.573 -9.1838 6.1169 -1.1694 -4.8694 -5.5195
1 0 3 1 72.947 -17.423 -0.39465 1.4849 -5.3796 14.553 -16.703 -8.2402 -13.333 -7.6566 3.9604 -0.49036 -3.8851 -11.321
1 0 3 1 75.364 -19.747 -0.36457 1.8061 -4.325 14.373 -18.637 -6.4446 -11.233 -5.7477 4.9159 -2.4945 0.049493 -5.8353
1 0 3 1 75.102 -20.689 -1.7258 -1.5778 -3.8853 12.866 -16.504 -5.8543 -13.517 -6.1955 4.4355 0.2078 -1.547 -1.4337
1 0 3 1 73.873 -20.059 -5.8025 2.1799 -5.2731 14.288 -9.9168 -6.5666 -8.0716 -2.9798 4.3991 -5.5933 -3.4177 0.52074
1 0 3 1 74.016 -22.427 -4.1234 -3.7149 -1.9501 13.165 -14.786 -2.489 -14.386 -7.5077 4.1347 -1.7305 -2.8436 -3.4959
1 0 3 1 75.254 -19.591 -1.0321 2.0955 -1.8562 6.6921 -15.958 -9.6232 -9.9209 1.6399 4.799 -2.6601 -2.7798 2.0429
1 0 3 1 75.371 -19.97 -2.1529 -0.5284 -9.7459 5.7795 -18.106 -4.1193 -12.727 0.11494 10.099 4.7589 5.8012 -2.2458
1 0 3 1 74.949 -18.12 -3.4809 5.1694 -10.456 2.387 -17.936 -12.81 -6.4268 0.64139 5.4213 -2.0542 -4.9198 6.8081
1 0 3 1 75.697 -17.328 -0.6203 -1.3318 -9.4208 -1.3403 -23.781 -9.0509 -10.235 5.6064 6.5976 -1.6888 -1.2833 0.3644
1 0 3 1 75.828 -17.012 -0.078212 -0.85027 -8.8333 -0.94343 -23.586 -8.622 -9.5789 6.1096 6.9421 -1.5131 -1.4749 0.54127
1 0 3 1 75.016 -17.271 -0.17113 -4.2599 -9.5177 1.9369 -25.537 -7.1399 -11.539 0.50215 6.9548 -0.54109 -3.3304 -4.1481
1 0 3 1 76.03 -17.763 -2.0331 2.3497 -9.9927 8.3341 -20.23 -10.505 -7.4707 -0.22872 8.9486 -0.27332 -5.0903 -5.7366
1 0 3 1 76.297 -17.856 -0.7689 1.2766 -3.8615 14.17 -14.825 -9.188 -10.077 -3.3482 9.7781 -1.1916 1.5975 -1.1564
1 0 3 1 74.188 -18.649 -1.9075 0.48017 -0.7433 15.928 -15.265 -4.5408 -12.882 -2.4528 6.6678 2.5488 2.7773 -0.087989
1 0 3 1 76.181 -18.308 -3.0042 5.1156 -5.5867 14.139 -14.548 -10.203 -9.5996 -5.856 6.2951 0.98812 -1.0529 -3.3657
