1 1 3 1 84.479 -24.413 -12.097 -3.8277 -5.2533 14.633 -4.2894 -2.4862 1.5089 3.8245 14.419 0.053363 -3.751 2.2776
1 1 3 1 84.906 -24.721 -13.33 -4.8548 -7.9936 13.09 -2.3478 -1.4201 2.0177 4.0333 13.543 5.2067 0.38253 2.3949
1 1 3 1 84.681 -24.882 -12.475 -7.3009 -5.4681 11.471 -0.94181 1.6292 -0.98105 5.1822 14.551 5.3676 0.45711 -1.555
1 1 3 1 82.468 -26.11 -16.877 -7.275 -3.0676 15.176 4.7978 1.2629 -3.0503 -1.8895 8.5184 6.7269 3.1548 -3.5403
1 1 3 1 83.51 -27.243 -14.502 -3.5608 -6.7099 14.652 -2.8215 -0.078298 7.0469 6.0494 6.6296 -10.175 0.45788 -2.212
1 1 3 1 83.51 -27.243 -14.502 -3.5608 -6.7099 14.652 -2.8215 -0.078298 7.0469 6.0494 6.6296 -10.175 0.45788 -2.212
1 1 3 1 85.737 -24.033 -11.005 -4.173 -6.9038 13.601 -3.3931 -0.63297 3.3631 4.5607 10.845 -0.26807 -6.2598 0.34554
1 1 3 1 85.329 -24.029 -11.76 -4.1226 -6.1279 11.698 -5.1948 -1.8475 -1.4084 2.8534 9.7908 1.6862 -1.8038 -0.081168
1 1 3 1 82.125 -26.404 -18.803 -6.5378 -5.2883 15.895 4.6642 1.6216 -2.381 -3.9654 5.6834 3.6998 0.3045 -0.72643
1 1 3 1 83.696 -26.174 -11.994 -4.3788 -6.2559 12.433 -4.3368 -0.45853 10.222 8.7836 4.5664 -6.8674 11.842 -5.7459
1 1 3 1 84.04 -27.224 -13.242 -4.8289 -4.3932 14.666 -1.5385 3.5801 8.5343 4.6871 3.6889 -7.9915 1.3171 -7.984
1 1 3 1 84.611 -25.317 -11.779 -8.6685 -5.8693 12.108 -1.4358 1.635 -1.3653 3.7151 7.6219 2.0022 1.1495 4.4361
1 1 3 1 84.611 -25.317 -11.779 -8.6685 -5.8693 12.108 -1.4358 1.635 -1.3653 3.7151 7.6219 2.0022 1.1495 4.4361
1 1 3 1 83.097 -25.756 -12.189 -5.7658 -2.004 12.373 -2.1181 -0.59905 -7.2098 0.32467 7.0359 1.2408 -3.5423 -1.2538
1 1 3 1 80.932 -26.603 -16.785 -6.998 -3.0726 13.972 1.8072 0.59194 -4.4576 -0.78105 8.476 4.1264 -0.45783 -5.4377
