1 0 3 1 79.567 -23.548 -0.58301 4.1126 11.032 -6.2137 3.2354 4.8368 6.4497 5.5459 6.0908 -2.2137 -6.8006 -1.261
1 0 3 1 79.552 -23.334 -0.016564 4.4089 11.042 -6.3876 2.9469 4.4001 5.9414 5.2082 5.2908 -2.9097 -7.0094 -0.93977
1 0 3 1 79.541 -24.024 -1.2256 4.6039 12.802 -2.2167 3.1517 6.4919 8.2197 4.4788 4.8272 -4.0275 -8.9095 -4.0742
1 0 3 1 79.404 -23.932 -0.81781 4.7413 12.677 -2.2951 3.1415 6.5051 8.1653 4.4382 4.6739 -4.5721 -9.2451 -3.8558
1 0 3 1 78.459 -23.77 -2.4259 9.6228 17.2 0.79337 3.1214 -1.076 -0.52646 -2.5251 3.5641 -0.23794 -6.6142 -2.7061
1 0 3 1 79.433 -22.63 0.14157 7.0422 12.798 -7.4412 5.3136 5.4499 7.4451 3.4805 6.4029 -2.6028 -8.097 1.4845
1 0 3 1 79.325 -22.59 0.51965 7.1832 12.58 -7.5504 5.1423 5.3374 7.4024 3.6818 6.429 -2.9666 -8.194 1.6813
1 0 3 1 79.784 -22.392 1.6684 6.8065 12.058 -3.2343 2.6069 2.1279 6.5834 1.5044 4.3399 -4.5384 -4.5925 -0.32996
1 0 3 1 79.76 -22.29 2.0682 6.9845 11.989 -3.2937 2.651 2.1375 6.6562 1.6166 4.1848 -5.1009 -4.7958 -0.16083
1 0 3 1 78.385 -23.33 0.56595 8.8515 14.544 -3.666 1.1432 -1.8149 5.0894 2.2273 9.683 0.74287 -6.9461 -4.7148
1 0 3 1 76.733 -22.134 -1.4623 10.535 15.615 -0.83766 -0.7856 -2.0755 -0.87633 -2.2824 3.7604 3.3495 -8.6718 -6.2544
1 0 3 1 77.948 -26.021 -0.70128 7.215 15.218 -5.1768 -1.972 -1.0545 0.063473 0.982 1.3096 -4.637 -5.4542 -1.7888
1 0 3 1 77.711 -26.178 -0.51965 7.1262 15.077 -5.476 -2.5192 -1.4699 0.04776 1.3411 1.4544 -4.5677 -4.5669 -0.98206
1 0 3 1 79.626 -23.521 -0.59696 7.0751 12.609 -2.8062 0.27595 0.66642 5.611 1.6775 4.211 -3.4841 -7.1091 -3.4684
1 0 3 1 79.626 -23.521 -0.59696 7.0751 12.609 -2.8062 0.27595 0.66642 5.611 1.6775 4.211 -3.4841 -7.1091 -3.4684
1 0 3 1 78.601 -23.717 -1.0952 6.2358 13.428 -4.3286 3.4878 2.6195 5.3379 4.3599 7.6757 -2.1928 -6.6205 -1.3032
1 0 3 1 78.429 -23.666 -0.71434 6.3185 13.219 -4.5762 3.1781 2.4993 5.3816 4.6679 7.6534 -2.4353 -6.5128 -0.62551
1 0 3 1 78.866 -24.84 -2.272 4.7312 12.674 -4.3116 3.7076 5.885 4.7953 5.4119 6.652 -1.7962 -5.5559 -0.93426
1 0 3 1 78.902 -24.802 -1.4913 4.9266 12.36 -7.3904 1.8256 7.7225 5.0198 4.3593 5.4908 -3.2251 -7.3562 0.16052
1 0 3 1 78.902 -24.802 -1.4913 4.9266 12.36 -7.3904 1.8256 7.7225 5.0198 4.3593 5.4908 -3.2251 -7.3562 0.16052
1 0 3 1 78.486 -24.414 -2.9856 8.8207 16.363 -5.2641 -1.1919 2.3543 3.5165 4.0226 8.478 3.2397 -8.2657 -7.9396
1 0 3 1 78.486 -24.414 -2.9856 8.8207 16.363 -5.2641 -1.1919 2.3543 3.5165 4.0226 8.478 3.2397 -8.2657 -7.9396
1 0 3 1 78.486 -24.414 -2.9856 8.8207 16.363 -5.2641 -1.1919 2.3543 3.5165 4.0226 8.478 3.2397 -8.2657 -7.9396
1 0 3 1 76.635 -25.03 -3.012 10.373 16.486 -5.5938 -1.504 -0.75326 -0.10306 0.48994 5.4433 1.0995 -8.7046 -2.9054
1 0 3 1 76.642 -25.074 -2.8495 10.251 16.157 -5.8877 -1.8012 -0.88007 -0.12339 0.64934 5.5509 1.2763 -8.9424 -2.89
1 0 3 1 77.734 -25.11 -3.1057 7.6805 14.459 -7.3067 2.3536 4.7269 6.5841 5.6481 10.899 0.47356 -8.2836 -3.7873
1 0 3 1 77.69 -25.071 -2.5834 7.8541 14.397 -7.4932 2.146 4.5998 6.7259 6.057 10.98 -0.040753 -8.8599 -3.7257
1 0 3 1 77.725 -24.815 -2.5856 7.2907 13.387 -7.6834 0.39475 2.6833 3.7272 0.035261 8.3776 -2.7525 -10.251 -6.1093
