1 0 3 1 75.246 -18.932 -17.362 1.1489 2.1477 10.438 2.0427 -9.0123 0.39206 -11.467 -1.2788 -6.1868 -0.76902 7.012
1 0 3 1 75.246 -18.932 -17.362 1.1489 2.1477 10.438 2.0427 -9.0123 0.39206 -11.467 -1.2788 -6.1868 -0.76902 7.012
1 0 3 1 75.246 -18.932 -17.362 1.1489 2.1477 10.438 2.0427 -9.0123 0.39206 -11.467 -1.2788 -6.1868 -0.76902 7.012
1 0 3 1 75.755 -18.632 -16.934 -0.48037 0.27576 12.135 1.062 -12.309 -3.1332 -7.5682 3.7178 -2.8361 -4.0374 0.18356
1 0 3 1 75.79 -18.627 -16.82 -0.52815 0.35209 12.09 1.1104 -12.047 -2.8817 -7.1912 4.2057 -2.4066 -4.077 -0.15831
1 0 3 1 75.79 -18.627 -16.82 -0.52815 0.35209 12.09 1.1104 -12.047 -2.8817 -7.1912 4.2057 -2.4066 -4.077 -0.15831
1 0 3 1 74.41 -18.956 -15.857 1.845 1.2118 10.817 1.3027 -9.6853 -5.7619 -9.4425 5.8956 0.29228 -3.9553 -4.5597
1 0 3 1 74.41 -18.956 -15.857 1.845 1.2118 10.817 1.3027 -9.6853 -5.7619 -9.4425 5.8956 0.29228 -3.9553 -4.5597
1 0 3 1 74.41 -18.956 -15.857 1.845 1.2118 10.817 1.3027 -9.6853 -5.7619 -9.4425 5.8956 0.29228 -3.9553 -4.5597
1 0 3 1 72.917 -18.834 -12.783 2.2927 3.3496 10.417 0.58884 -10.247 -6.4652 -10.889 6.4405 0.37529 -2.162 -5.1722
1 0 3 1 71.667 -15.883 -9.673 1.2235 1.8645 9.126 -0.32523 -10.737 -5.0107 -7.6142 2.7431 0.0012936 -3.2083 -6.2791
1 0 3 1 71.667 -15.883 -9.673 1.2235 1.8645 9.126 -0.32523 -10.737 -5.0107 -7.6142 2.7431 0.0012936 -3.2083 -6.2791
1 0 3 1 76.656 -21.144 -19.318 0.4878 2.8011 12.027 2.1317 -10.582 -5.1457 -3.4374 4.5953 4.2788 0.86488 -6.8649
1 0 3 1 76.656 -21.144 -19.318 0.4878 2.8011 12.027 2.1317 -10.582 -5.1457 -3.4374 4.5953 4.2788 0.86488 -6.8649
1 0 3 1 76.596 -21.216 -19.384 0.36651 2.7513 11.875 2.289 -10.362 -4.8217 -2.9999 5.0333 4.6214 0.96552 -6.7291
1 0 3 1 75.544 -18.416 -19.232 1.718 4.0894 11.157 2.004 -15.066 -7.9461 -1.9555 6.7746 5.2627 -5.7233 -9.1484
1 0 3 1 75.482 -18.685 -19.23 1.722 4.2161 11.116 1.7475 -15.4 -8.495 -2.3225 6.4829 5.1082 -5.95 -9.1904
1 0 3 1 75.482 -18.685 -19.23 1.722 4.2161 11.116 1.7475 -15.4 -8.495 -2.3225 6.4829 5.1082 -5.95 -9.1904
1 0 3 1 73.807 -18.998 -14.686 0.41889 1.5461 9.4816 0.64421 -11.943 -7.8516 -1.2122 5.7173 3.9832 -5.5969 -8.8191
1 0 3 1 73.807 -18.998 -14.686 0.41889 1.5461 9.4816 0.64421 -11.943 -7.8516 -1.2122 5.7173 3.9832 -5.5969 -8.8191
1 0 3 1 73.807 -18.998 -14.686 0.41889 1.5461 9.4816 0.64421 -11.943 -7.8516 -1.2122 5.7173 3.9832 -5.5969 -8.8191
1 0 3 1 72.397 -16.306 -12.833 0.44613 2.3811 5.2192 0.26563 -11.8 -7.3244 -1.909 1.7688 3.2777 -3.1393 -11.047
1 0 3 1 72.397 -16.306 -12.833 0.44613 2.3811 5.2192 0.26563 -11.8 -7.3244 -1.909 1.7688 3.2777 -3.1393 -11.047
1 0 3 1 75.128 -18.638 -16.562 -2.7245 5.5951 7.8286 1.785 -6.5025 0.53418 -4.2993 1.6773 -5.2144 -4.7923 3.9565
1 0 3 1 75.128 -18.638 -16.562 -2.7245 5.5951 7.8286 1.785 -6.5025 0.53418 -4.2993 1.6773 -5.2144 -4.7923 3.9565
1 0 3 1 75.128 -18.638 -16.562 -2.7245 5.5951 7.8286 1.785 -6.5025 0.53418 -4.2993 1.6773 -5.2144 -4.7923 3.9565
1 0 3 1 74.675 -18.755 -18.411 0.46963 5.7817 4.4162 1.7391 -12.411 -3.9077 -1.7995 7.7202 -0.70891 -13.069 1.8667
1 0 3 1 74.671 -18.862 -18.337 0.56585 5.8632 4.4927 1.7573 -12.269 -3.699 -1.692 7.7263 -1.1653 -13.502 1.6702
1 0 3 1 74.671 -18.862 -18.337 0.56585 5.8632 4.4927 1.7573 -12.269 -3.699 -1.692 7.7263 -1.1653 -13.502 1.6702
1 0 3 1 72.287 -17.422 -13.268 1.1718 6.0373 7.5304 0.43711 -10.479 -4.1429 -5.2186 9.896 1.784 -1.8381 -4.2112
1 0 3 1 72.287 -17.422 -13.268 1.1718 6.0373 7.5304 0.43711 -10.479 -4.1429 -5.2186 9.896 1.784 -1.8381 -4.2112
1 0 3 1 70.575 -16.487 -11.373 0.42683 3.096 4.382 -2.1133 -8.3445 -0.62037 -1.5812 4.8162 2.3416 -4.5479 -1.4379
