0 0 3 1 80.474 -24.144 -8.83 -8.6927 11.613 16.145 -0.37895 -5.1367 -16.06 -1.771 14.152 0.16105 -6.9727 -2.183
0 0 3 1 80.474 -24.144 -8.83 -8.6927 11.613 16.145 -0.37895 -5.1367 -16.06 -1.771 14.152 0.16105 -6.9727 -2.183
0 0 3 1 80.956 -21.067 -12.005 -3.7854 4.7729 11.654 -1.878 -4.4225 -6.2757 -0.51879 10.412 -2.4191 -11.328 -0.80746
0 0 3 1 80.956 -21.067 -12.005 -3.7854 4.7729 11.654 -1.878 -4.4225 -6.2757 -0.51879 10.412 -2.4191 -11.328 -0.80746
0 0 3 1 80.956 -21.067 -12.005 -3.7854 4.7729 11.654 -1.878 -4.4225 -6.2757 -0.51879 10.412 -2.4191 -11.328 -0.80746
0 0 3 1 81.315 -24.419 -8.9795 -2.9268 3.2293 10.433 -5.0236 -4.2829 0.018285 2.4272 4.4127 -13.735 -3.8248 11.812
0 0 3 1 81.377 -24.326 -8.4438 -2.619 3.1391 9.9158 -5.7473 -4.9884 0.0092052 2.7918 4.4437 -14.129 -4.5938 11.473
0 0 3 1 81.377 -24.326 -8.4438 -2.619 3.1391 9.9158 -5.7473 -4.9884 0.0092052 2.7918 4.4437 -14.129 -4.5938 11.473
0 0 3 1 81.377 -24.326 -8.4438 -2.619 3.1391 9.9158 -5.7473 -4.9884 0.0092052 2.7918 4.4437 -14.129 -4.5938 11.473
0 0 3 1 78.876 -20.325 -8.2371 -8.1869 8.161 10.887 -3.0907 -6.0268 -12.47 2.0053 15.604 8.3188 -12.159 -6.8263
0 0 3 1 79.008 -20.426 -7.9855 -8.0247 7.9853 10.605 -3.0905 -6.0524 -12.191 2.4984 16.149 8.3826 -12.174 -6.8241
0 0 3 1 79.008 -20.426 -7.9855 -8.0247 7.9853 10.605 -3.0905 -6.0524 -12.191 2.4984 16.149 8.3826 -12.174 -6.8241
0 0 3 1 79.973 -19.145 -10.815 -7.4131 7.0116 12.847 0.2036 -2.8475 -11.068 -3.4073 9.2184 6.7619 -3.3774 -4.6722
0 0 3 1 79.973 -19.145 -10.815 -7.4131 7.0116 12.847 0.2036 -2.8475 -11.068 -3.4073 9.2184 6.7619 -3.3774 -4.6722
0 0 3 1 78.683 -18.028 -12.294 -4.3979 2.7011 11.135 -0.72415 -4.8219 -8.1374 -5.0444 9.9633 2.743 -5.44 -5.7974
0 0 3 1 77.027 -16.823 -7.6823 0.27072 -2.8939 15.396 -2.4368 0.78262 -6.165 -0.74939 2.1656 2.2453 0.044146 -4.6645
0 0 3 1 81.042 -24.473 -9.7986 -0.43835 5.0975 12.169 -4.2944 -5.4502 4.2424 1.6078 2.5091 -15.847 -9.1573 7.5485
0 0 3 1 81.042 -24.473 -9.7986 -0.43835 5.0975 12.169 -4.2944 -5.4502 4.2424 1.6078 2.5091 -15.847 -9.1573 7.5485
0 0 3 1 81.042 -24.473 -9.7986 -0.43835 5.0975 12.169 -4.2944 -5.4502 4.2424 1.6078 2.5091 -15.847 -9.1573 7.5485
0 0 3 1 81.043 -24.278 -9.0885 0.037776 5.2502 11.948 -4.8425 -6.108 3.881 1.9479 2.9868 -15.946 -9.6351 7.5635
0 0 3 1 80.139 -22.365 -8.2047 -6.36 6.4559 12.576 -3.5815 -8.4971 -10.011 -1.114 15.52 -3.5213 -13.59 2.8599
0 0 3 1 80.139 -22.365 -8.2047 -6.36 6.4559 12.576 -3.5815 -8.4971 -10.011 -1.114 15.52 -3.5213 -13.59 2.8599
0 0 3 1 80.139 -22.365 -8.2047 -6.36 6.4559 12.576 -3.5815 -8.4971 -10.011 -1.114 15.52 -3.5213 -13.59 2.8599
0 0 3 1 79.88 -20.354 -10.502 -1.7873 4.2208 11.046 -2.2344 -5.337 1.9036 3.3155 12.737 -7.7458 -14.051 6.8526
0 0 3 1 79.88 -20.354 -10.502 -1.7873 4.2208 11.046 -2.2344 -5.337 1.9036 3.3155 12.737 -7.7458 -14.051 6.8526
0 0 3 1 79.88 -20.354 -10.502 -1.7873 4.2208 11.046 -2.2344 -5.337 1.9036 3.3155 12.737 -7.7458 -14.051 6.8526
0 0 3 1 80.862 -23.85 -9.9018 -3.9251 7.2441 16.952 -2.8333 -5.3631 -5.0168 -1.963 11.967 -3.8862 -7.9575 5.3691
0 0 3 1 80.977 -23.706 -9.4309 -3.6491 7.1144 16.492 -3.1507 -5.3418 -4.7709 -1.1784 12.497 -3.6909 -8.0666 5.4957
0 0 3 1 80.977 -23.706 -9.4309 -3.6491 7.1144 16.492 -3.1507 -5.3418 -4.7709 -1.1784 12.497 -3.6909 -8.0666 5.4957
0 0 3 1 79.134 -19.244 -7.9385 -6.1622 8.474 13.357 0.025946 -1.6714 -7.4848 2.4718 13.724 3.9654 -13.302 -6.3521
0 0 3 1 79.134 -19.244 -7.9385 -6.1622 8.474 13.357 0.025946 -1.6714 -7.4848 2.4718 13.724 3.9654 -13.302 -6.3521
0 0 3 1 80.734 -19.239 -10.688 -6.0522 4.4857 16.233 0.66823 -2.5633 -7.0067 -7.1325 8.8094 -1.5823 -1.9336 -2.3406
0 0 3 1 80.494 -20.568 -10.6 -2.849 5.0927 13.549 -1.8002 -7.8721 -5.3035 -4.9695 10.309 -1.5267 -10.051 0.94054
0 0 3 1 80.494 -20.568 -10.6 -2.849 5.0927 13.549 -1.8002 -7.8721 -5.3035 -4.9695 10.309 -1.5267 -10.051 0.94054
0 0 3 1 80.027 -18.688 -10.418 -1.7929 3.9729 13.453 -0.23306 -5.1776 -8.0864 -6.727 8.6224 1.5305 -6.6305 -3.4627
0 0 3 1 80.102 -19.01 -9.9891 -2.6432 2.8992 11.957 -0.389 -4.1583 -2.871 -3.2735 12.051 -0.91637 -7.4513 -2.3952
0 0 3 1 80.102 -19.01 -9.9891 -2.6432 2.8992 11.957 -0.389 -4.1583 -2.871 -3.2735 12.051 -0.91637 -7.4513 -2.3952
0 0 3 1 77.899 -18.055 -16.074 0.99909 -1.9592 17.493 6.5709 -4.6259 -1.8422 -6.3124 -0.30276 -0.93762 -3.2376 -2.3097
0 0 3 1 80.235 -25.417 -9.8096 -2.2479 4.3366 14.346 -3.7542 -8.4771 0.23752 4.9998 4.8402 -15.186 -10.658 6.6432
0 0 3 1 80.235 -25.417 -9.8096 -2.2479 4.3366 14.346 -3.7542 -8.4771 0.23752 4.9998 4.8402 -15.186 -10.658 6.6432
0 0 3 1 80.235 -25.417 -9.8096 -2.2479 4.3366 14.346 -3.7542 -8.4771 0.23752 4.9998 4.8402 -15.186 -10.658 6.6432
0 0 3 1 78.486 -21.926 -7.2246 2.5456 -0.18346 13.984 -3.0136 -2.3519 1.827 -3.1271 -6.1668 -11.065 -1.6341 -2.4828
0 0 3 1 80.177 -26.355 -11.235 -5.0955 6.8238 15.209 1.0646 -6.6098 -6.2336 2.4926 5.0978 -7.7388 -4.4623 4.5159
0 0 3 1 80.177 -26.355 -11.235 -5.0955 6.8238 15.209 1.0646 -6.6098 -6.2336 2.4926 5.0978 -7.7388 -4.4623 4.5159
0 0 3 1 80.177 -26.355 -11.235 -5.0955 6.8238 15.209 1.0646 -6.6098 -6.2336 2.4926 5.0978 -7.7388 -4.4623 4.5159
0 0 3 1 80.251 -23.386 -11.545 -4.6886 4.1117 11.459 -1.5938 -1.7491 2.9279 4.8527 3.8779 -11.926 -6.2575 8.4872
0 0 3 1 80.251 -23.386 -11.545 -4.6886 4.1117 11.459 -1.5938 -1.7491 2.9279 4.8527 3.8779 -11.926 -6.2575 8.4872
0 0 3 1 80.251 -23.386 -11.545 -4.6886 4.1117 11.459 -1.5938 -1.7491 2.9279 4.8527 3.8779 -11.926 -6.2575 8.4872
0 0 3 1 78.187 -16.352 -16.132 -0.08768 3.3283 12.947 2.3458 -6.5859 2.9155 2.6223 9.4009 -12.98 -5.939 2.1909
0 0 3 1 80.863 -26.947 -13.466 -5.313 1.02 13.435 -4.2361 -3.2814 1.7978 -1.0153 -0.70346 -9.8467 3.2906 5.5153
0 0 3 1 80.863 -26.947 -13.466 -5.313 1.02 13.435 -4.2361 -3.2814 1.7978 -1.0153 -0.70346 -9.8467 3.2906 5.5153
0 0 3 1 80.863 -26.947 -13.466 -5.313 1.02 13.435 -4.2361 -3.2814 1.7978 -1.0153 -0.70346 -9.8467 3.2906 5.5153
0 0 3 1 79.44 -25.325 -9.1594 -6.3052 9.123 13.398 -1.7132 -8.2089 -12.7 -0.20649 10.804 -5.0027 -17.245 0.87239
0 0 3 1 79.44 -25.325 -9.1594 -6.3052 9.123 13.398 -1.7132 -8.2089 -12.7 -0.20649 10.804 -5.0027 -17.245 0.87239
0 0 3 1 79.44 -25.325 -9.1594 -6.3052 9.123 13.398 -1.7132 -8.2089 -12.7 -0.20649 10.804 -5.0027 -17.245 0.87239
0 0 3 1 78.728 -23.207 -11.192 -8.1753 4.5636 12.443 -0.40246 -7.5959 -12.335 -4.5434 13.938 -0.25838 -13.83 -3.3353
0 0 3 1 78.728 -23.207 -11.192 -8.1753 4.5636 12.443 -0.40246 -7.5959 -12.335 -4.5434 13.938 -0.25838 -13.83 -3.3353
0 0 3 1 80.58 -27.473 -12.748 -3.9729 3.3391 12.058 -7.6305 -5.6607 -0.75661 -0.7779 0.70336 -11.606 -0.19451 5.4649
0 0 3 1 80.732 -27.216 -12.013 -3.3134 3.7678 11.892 -7.8928 -6.0925 -0.84024 -0.37789 1.1421 -11.558 -0.65373 5.7049
0 0 3 1 80.732 -27.216 -12.013 -3.3134 3.7678 11.892 -7.8928 -6.0925 -0.84024 -0.37789 1.1421 -11.558 -0.65373 5.7049
0 0 3 1 78.807 -24.926 -10.523 -7.8845 6.0504 11.236 -3.6352 -7.7339 -8.8475 3.5972 18.043 -0.028454 -13.788 0.7457
0 0 3 1 78.937 -24.948 -10.167 -7.7019 6.0133 10.95 -3.9689 -7.8935 -8.9121 3.9398 18.44 0.53129 -13.3 0.96133
0 0 3 1 78.937 -24.948 -10.167 -7.7019 6.0133 10.95 -3.9689 -7.8935 -8.9121 3.9398 18.44 0.53129 -13.3 0.96133
0 0 3 1 78.937 -24.948 -10.167 -7.7019 6.0133 10.95 -3.9689 -7.8935 -8.9121 3.9398 18.44 0.53129 -13.3 0.96133
0 0 3 1 78.691 -20.716 -10.703 -7.1684 7.7047 13.033 -0.34971 -3.1765 -12.164 -4.181 9.9601 4.8068 -11.234 -10.149
0 0 3 1 78.691 -20.716 -10.703 -7.1684 7.7047 13.033 -0.34971 -3.1765 -12.164 -4.181 9.9601 4.8068 -11.234 -10.149
0 0 3 1 78.244 -19.274 -12.258 -7.6655 3.883 12.883 -1.4289 -5.7074 -9.1241 -8.976 12.332 4.1163 -3.8867 -11.125
0 0 3 1 79.477 -23.873 -11.757 -1.0558 3.6344 14.646 -2.5903 -10.162 -1.4157 -1.1658 13.864 -9.0877 -14.462 7.5236
0 0 3 1 79.477 -23.873 -11.757 -1.0558 3.6344 14.646 -2.5903 -10.162 -1.4157 -1.1658 13.864 -9.0877 -14.462 7.5236
0 0 3 1 79.517 -23.857 -11.361 -0.75378 3.5851 14.38 -2.9151 -10.306 -1.5568 -0.9841 13.731 -9.4576 -14.631 7.4901
0 0 3 1 79.097 -24.378 -10.597 -2.927 2.8999 15.497 0.72942 -0.77767 -7.1526 -9.4287 0.68503 1.0723 2.7035 -2.5638
0 0 3 1 79.094 -21.636 -10.411 -2.7441 2.8632 14.276 -1.8517 -3.9077 -4.3369 -6.2358 3.7611 -0.049212 -3.254 -7.8542
0 0 3 1 77.564 -20.838 -14.973 -2.9474 0.6093 15.012 0.27115 -5.7421 -7.9623 -8.3 5.2001 1.6427 -5.1013 -2.7346
0 0 3 1 77.906 -20.226 -12.871 -2.2923 4.3618 14.51 0.55623 -5.8179 -6.8058 -9.0981 4.6173 -1.7047 -4.3881 -2.2346
0 0 3 1 77.906 -20.226 -12.871 -2.2923 4.3618 14.51 0.55623 -5.8179 -6.8058 -9.0981 4.6173 -1.7047 -4.3881 -2.2346
0 0 3 1 79.907 -22.488 -12.198 -5.8408 4.6874 14.575 -0.64949 -5.3482 -2.3888 -2.586 12.869 -3.3561 -5.6512 0.80876
0 0 3 1 79.829 -22.463 -11.9 -5.454 4.6917 14.461 -0.90522 -5.5328 -2.556 -2.0846 13.673 -3.0561 -5.9085 0.54397
0 0 3 1 79.429 -25.178 -12.378 -3.138 4.29 15.281 -4.0446 -7.702 -3.4095 -0.17416 15.61 -6.7132 -12.017 4.624
0 0 3 1 79.429 -25.178 -12.378 -3.138 4.29 15.281 -4.0446 -7.702 -3.4095 -0.17416 15.61 -6.7132 -12.017 4.624
0 0 3 1 78.74 -21.685 -11.006 -7.5675 5.6743 16.205 1.0548 -1.6057 -8.7887 -6.4945 10.045 4.2183 -0.48968 -8.114
0 0 3 1 78.74 -21.685 -11.006 -7.5675 5.6743 16.205 1.0548 -1.6057 -8.7887 -6.4945 10.045 4.2183 -0.48968 -8.114
0 0 3 1 77.782 -19.886 -13.832 -5.4453 2.9995 12.188 -0.51594 -8.2175 -8.9887 -9.7254 9.7665 1.748 -5.408 -8.5694
0 0 3 1 77.369 -18.351 -15.696 -4.6371 -0.10082 15.036 1.1169 -4.7241 -3.2053 -7.8238 5.7836 -1.4771 -3.7258 -0.8705
0 0 3 1 78.636 -22.84 -13.828 0.19702 0.23614 11.223 -4.3594 -7.7925 7.1907 0.43061 4.9341 -15.312 -8.1027 8.0776
0 0 3 1 78.697 -22.723 -13.311 0.56528 0.48501 10.936 -4.616 -8.2973 6.8104 0.44452 5.1978 -14.913 -8.5224 8.3268
0 0 3 1 78.167 -19.889 -16.47 0.15621 3.2192 15.241 4.3328 -8.4264 -3.8718 -11.176 8.8069 0.66416 -4.0617 -3.3088
0 0 3 1 78.131 -20.086 -15.095 -1.7607 3.1422 15.092 0.61895 -5.7256 -3.9171 -8.0385 6.7858 0.1485 -2.8023 2.1119
0 0 3 1 78.131 -20.086 -15.095 -1.7607 3.1422 15.092 0.61895 -5.7256 -3.9171 -8.0385 6.7858 0.1485 -2.8023 2.1119
0 0 3 1 77.142 -19.703 -14.681 -0.99897 -0.022446 12.546 1.0548 -7.1405 -0.75738 -9.8429 8.857 -3.9827 -4.3561 5.5529
0 0 3 1 80.391 -27.354 -13.868 -3.9524 3.8122 13.323 -5.7178 -5.4758 0.87736 -0.37162 3.0024 -10.145 -1.3235 7.3028
0 0 3 1 80.391 -27.354 -13.868 -3.9524 3.8122 13.323 -5.7178 -5.4758 0.87736 -0.37162 3.0024 -10.145 -1.3235 7.3028
0 0 3 1 80.391 -27.354 -13.868 -3.9524 3.8122 13.323 -5.7178 -5.4758 0.87736 -0.37162 3.0024 -10.145 -1.3235 7.3028
0 0 3 1 80.348 -27.257 -13.349 -3.5116 4.1821 13.272 -5.8574 -5.8525 0.58296 -0.39408 2.8264 -10.676 -2.2244 7.1933
0 0 3 1 80.681 -23.824 -14.645 -5.4788 6.1389 17.135 -0.39316 -1.8682 -5.1989 -3.4412 5.176 -8.3344 -7.2888 5.924
0 0 3 1 80.681 -23.824 -14.645 -5.4788 6.1389 17.135 -0.39316 -1.8682 -5.1989 -3.4412 5.176 -8.3344 -7.2888 5.924
0 0 3 1 80.538 -23.862 -14.401 -5.2913 6.176 16.86 -0.69898 -2.1775 -5.5009 -3.4407 5.1447 -8.5087 -7.7385 5.8537
0 0 3 1 79.138 -22.159 -16.573 -4.647 2.1438 16.129 0.5759 -0.54021 -4.7566 -10.623 1.0721 -4.6801 -2.3907 1.2862
0 0 3 1 79.006 -21.898 -14.709 -4.0299 -3.1873 17.381 1.4808 -3.3581 -4.5495 -2.4934 7.3669 -8.7037 -2.3563 -5.479
0 0 3 1 80.288 -27.468 -11.464 1.2464 4.8813 11.861 -6.7575 -1.5633 12.374 4.7984 -0.031335 -15.81 -3.8549 5.4912
0 0 3 1 80.288 -27.468 -11.464 1.2464 4.8813 11.861 -6.7575 -1.5633 12.374 4.7984 -0.031335 -15.81 -3.8549 5.4912
0 0 3 1 80.288 -27.468 -11.464 1.2464 4.8813 11.861 -6.7575 -1.5633 12.374 4.7984 -0.031335 -15.81 -3.8549 5.4912
0 0 3 1 78.681 -25.386 -12.613 -5.4542 7.996 17.705 -0.95847 -2.0339 -7.1366 0.87653 12.995 -1.1108 -12.02 0.28516
0 0 3 1 78.69 -25.386 -12.371 -5.3467 7.8891 17.364 -1.1994 -2.2096 -6.9512 1.2381 13.522 -0.88972 -11.726 0.59084
0 0 3 1 78.69 -25.386 -12.371 -5.3467 7.8891 17.364 -1.1994 -2.2096 -6.9512 1.2381 13.522 -0.88972 -11.726 0.59084
0 0 3 1 78.412 -25.209 -13.243 -8.2101 7.5626 14.536 -1.6228 -6.5744 -10.105 -3.9862 12.017 -1.3593 -14.067 1.3546
0 0 3 1 78.412 -25.209 -13.243 -8.2101 7.5626 14.536 -1.6228 -6.5744 -10.105 -3.9862 12.017 -1.3593 -14.067 1.3546
0 0 3 1 78.412 -25.209 -13.243 -8.2101 7.5626 14.536 -1.6228 -6.5744 -10.105 -3.9862 12.017 -1.3593 -14.067 1.3546
0 0 3 1 78.482 -20.426 -13.444 -6.0547 4.5751 15.138 2.1322 -4.3813 -8.0008 -7.3808 9.299 2.2156 -8.9132 -7.395
0 0 3 1 78.776 -24.832 -10.022 -0.912 2.8625 14.136 -5.3721 -6.112 5.5312 7.33 4.6078 -21.794 -2.0069 8.7375
0 0 3 1 78.776 -24.832 -10.022 -0.912 2.8625 14.136 -5.3721 -6.112 5.5312 7.33 4.6078 -21.794 -2.0069 8.7375
0 0 3 1 78.776 -24.832 -10.022 -0.912 2.8625 14.136 -5.3721 -6.112 5.5312 7.33 4.6078 -21.794 -2.0069 8.7375
0 0 3 1 78.52 -22.856 -13.092 -2.079 7.273 16.67 2.2044 -4.2854 -5.6954 -4.1638 9.2651 1.1141 -8.8048 -3.1488
0 0 3 1 78.52 -22.856 -13.092 -2.079 7.273 16.67 2.2044 -4.2854 -5.6954 -4.1638 9.2651 1.1141 -8.8048 -3.1488
0 0 3 1 78.843 -22.963 -13.474 -5.0717 5.8605 17.244 2.4793 -1.6119 -0.64972 -3.111 6.4264 -5.1503 -7.3663 -0.47198
0 0 3 1 78.796 -22.854 -13.153 -5.0519 5.5647 16.578 1.7315 -2.1991 -0.71986 -2.9224 6.9338 -4.8344 -7.0607 0.30587
0 0 3 1 77.192 -22.792 -12.402 -1.4593 4.294 15.643 -0.12007 -3.4082 -1.7275 -4.5402 7.8364 -7.8149 -8.9277 2.0058
0 0 3 1 76.936 -17.002 -17.198 0.95873 -4.5387 14.741 1.0104 -9.2621 -1.6888 -4.5108 2.6527 0.50356 -2.8337 -4.7918
0 0 3 1 80.963 -26.129 -12.727 -0.29824 3.7587 11.68 -10.062 -4.6043 4.1869 -3.2142 -0.94056 -9.8069 3.7433 8.8372
0 0 3 1 80.963 -26.129 -12.727 -0.29824 3.7587 11.68 -10.062 -4.6043 4.1869 -3.2142 -0.94056 -9.8069 3.7433 8.8372
0 0 3 1 80.004 -25.192 -10.794 -2.8966 8.9399 15.141 -5.0011 -8.9668 -4.1485 1.3803 9.0792 -9.1078 -4.86 10.827
0 0 3 1 80.004 -25.192 -10.794 -2.8966 8.9399 15.141 -5.0011 -8.9668 -4.1485 1.3803 9.0792 -9.1078 -4.86 10.827
0 0 3 1 80.037 -25.049 -10.308 -2.5238 9.0848 14.995 -5.0728 -9.2844 -4.2693 1.315 8.6944 -9.4057 -4.8676 11.051
0 0 3 1 80.681 -23.808 -13.737 -6.4504 2.752 12.274 -4.1632 -8.6227 -6.3653 0.51633 4.2775 -8.6857 -3.9869 12.031
0 0 3 1 80.681 -23.808 -13.737 -6.4504 2.752 12.274 -4.1632 -8.6227 -6.3653 0.51633 4.2775 -8.6857 -3.9869 12.031
0 0 3 1 80.681 -23.808 -13.737 -6.4504 2.752 12.274 -4.1632 -8.6227 -6.3653 0.51633 4.2775 -8.6857 -3.9869 12.031
0 0 3 1 80.681 -23.808 -13.737 -6.4504 2.752 12.274 -4.1632 -8.6227 -6.3653 0.51633 4.2775 -8.6857 -3.9869 12.031
0 0 3 1 78.421 -16.969 -16.762 -3.0373 2.7625 9.5106 0.27231 -10.4 -0.7877 0.92849 10.111 -11.381 -2.9759 6.911
0 0 3 1 81.39 -25.963 -14.065 -1.6702 4.0028 15.135 -4.0666 -2.8254 4.7154 -1.9085 2.6202 -6.1883 0.35724 3.8554
0 0 3 1 81.661 -25.684 -14.042 -1.8263 3.6652 15.133 -3.4063 -2.7427 4.2835 -2.1524 2.6946 -6.0541 -0.012778 3.6285
0 0 3 1 81.661 -25.684 -14.042 -1.8263 3.6652 15.133 -3.4063 -2.7427 4.2835 -2.1524 2.6946 -6.0541 -0.012778 3.6285
0 0 3 1 80.4 -25.487 -12.34 -5.2966 5.4029 12.716 -4.1041 -5.2788 -5.422 2.4188 11.125 -5.0555 -6.9626 5.9743
0 0 3 1 80.587 -25.126 -11.802 -5.1551 5.0753 12.053 -4.619 -5.428 -5.4598 2.3919 11.032 -5.1056 -7.0971 5.8287
0 0 3 1 80.07 -23.96 -13.279 -5.5544 5.1742 13.678 -2.0773 -9.2449 -8.1512 0.57602 9.1936 -5.6206 -10.959 7.6775
0 0 3 1 80.19 -23.783 -12.673 -5.1367 5.4362 13.641 -2.0725 -9.2673 -8.0551 0.68621 8.8361 -6.1902 -10.998 7.8526
0 0 3 1 80.19 -23.783 -12.673 -5.1367 5.4362 13.641 -2.0725 -9.2673 -8.0551 0.68621 8.8361 -6.1902 -10.998 7.8526
0 0 3 1 80.19 -23.783 -12.673 -5.1367 5.4362 13.641 -2.0725 -9.2673 -8.0551 0.68621 8.8361 -6.1902 -10.998 7.8526
0 0 3 1 79.132 -19.166 -15.886 -3.1485 1.8801 8.966 -0.96543 -10.335 -1.5566 -0.30723 8.041 -11.81 -11.195 8.8614
0 0 3 1 79.103 -19.059 -15.456 -2.7086 2.0566 9.0133 -1.2756 -10.377 -1.5925 -0.076929 7.8784 -12.285 -11.104 8.9729
0 0 3 1 80.657 -25.761 -11.444 -1.4248 8.1272 14.69 -7.0524 -5.0545 -2.5326 0.88291 8.6984 -9.2751 -10.206 4.7155
0 0 3 1 80.779 -25.514 -10.878 -0.96608 8.2257 14.531 -7.1186 -5.0926 -2.5457 1.0366 8.6737 -9.6037 -10.605 4.4952
0 0 3 1 79.579 -24.143 -9.5919 -6.7612 8.2021 13.498 -3.4201 -6.0271 -7.5746 2.3066 14.594 -1.1266 -13.799 5.7843
0 0 3 1 79.579 -24.143 -9.5919 -6.7612 8.2021 13.498 -3.4201 -6.0271 -7.5746 2.3066 14.594 -1.1266 -13.799 5.7843
0 0 3 1 79.579 -24.143 -9.5919 -6.7612 8.2021 13.498 -3.4201 -6.0271 -7.5746 2.3066 14.594 -1.1266 -13.799 5.7843
0 0 3 1 80.412 -22.334 -12.555 -3.6675 4.051 15.608 -1.4228 -4.5296 -8.0667 -5.8683 6.5848 0.034025 -4.5266 -3.2435
0 0 3 1 80.438 -25.592 -12.303 -3.3713 2.4344 12.813 -8.1273 -3.8234 5.0497 2.3892 0.27545 -11.476 8.2205 6.2564
0 0 3 1 80.399 -25.478 -11.792 -3.048 2.4322 12.445 -8.4695 -4.1265 5.2843 3.1121 0.64587 -11.476 8.3065 6.8207
0 0 3 1 80.399 -25.478 -11.792 -3.048 2.4322 12.445 -8.4695 -4.1265 5.2843 3.1121 0.64587 -11.476 8.3065 6.8207
0 0 3 1 79.299 -24.553 -11.983 -3.8603 7.8284 11.657 -3.9393 -10.675 -4.6176 -1.1365 9.3405 -5.8728 -11.002 7.2703
0 0 3 1 79.299 -24.553 -11.983 -3.8603 7.8284 11.657 -3.9393 -10.675 -4.6176 -1.1365 9.3405 -5.8728 -11.002 7.2703
0 0 3 1 79.299 -24.553 -11.983 -3.8603 7.8284 11.657 -3.9393 -10.675 -4.6176 -1.1365 9.3405 -5.8728 -11.002 7.2703
0 0 3 1 78.891 -23.81 -11.553 -6.237 6.2809 11.58 -3.354 -5.7385 -6.6742 -2.5538 9.3833 -2.885 -8.4687 0.28747
0 0 3 1 78.31 -21.937 -13.191 -3.5344 4.9668 13.153 -1.5376 -7.8532 -8.5146 -7.8416 7.5931 -2.8208 -9.2219 -3.9308
0 0 3 1 76.389 -19.524 -14.152 1.3641 4.8496 8.2331 -0.0076517 -0.84909 -6.5519 -11.651 8.9921 2.0927 -4.4192 -3.9955
0 0 3 1 80.324 -27.456 -16.074 -3.0436 4.4697 10.948 -8.2169 -7.467 1.4823 1.3282 9.4448 -3.7527 -5.8771 2.8517
0 0 3 1 80.324 -27.456 -16.074 -3.0436 4.4697 10.948 -8.2169 -7.467 1.4823 1.3282 9.4448 -3.7527 -5.8771 2.8517
0 0 3 1 80.324 -27.456 -16.074 -3.0436 4.4697 10.948 -8.2169 -7.467 1.4823 1.3282 9.4448 -3.7527 -5.8771 2.8517
0 0 3 1 79.178 -26.48 -11.864 -5.2117 4.3653 10.727 -8.5188 -9.8854 -4.1033 2.6241 11.089 -11.186 -13.591 8.2174
0 0 3 1 79.178 -26.48 -11.864 -5.2117 4.3653 10.727 -8.5188 -9.8854 -4.1033 2.6241 11.089 -11.186 -13.591 8.2174
0 0 3 1 79.178 -26.48 -11.864 -5.2117 4.3653 10.727 -8.5188 -9.8854 -4.1033 2.6241 11.089 -11.186 -13.591 8.2174
0 0 3 1 79.133 -24.509 -13.671 -5.5167 3.3908 13.252 -3.4563 -3.889 -7.4572 -2.9993 6.8053 -5.6885 -5.7188 -4.1698
0 0 3 1 77.886 -22.952 -12.442 -3.0511 -2.0137 13.981 -2.4863 -1.729 -3.0916 -2.2006 -3.2166 -4.0745 -1.8542 -1.8582
0 0 3 1 79.603 -21.252 -16.407 -4.253 0.86772 13.785 0.47077 -3.8127 -1.1581 0.5824 3.3284 -3.5457 -3.8775 1.7887
0 0 3 1 80.495 -27.28 -14.16 -4.6252 4.2577 11.64 -8.3999 -5.2695 1.3941 0.35134 7.0536 -10.708 -7.7472 5.0574
0 0 3 1 80.495 -27.28 -14.16 -4.6252 4.2577 11.64 -8.3999 -5.2695 1.3941 0.35134 7.0536 -10.708 -7.7472 5.0574
0 0 3 1 80.495 -27.28 -14.16 -4.6252 4.2577 11.64 -8.3999 -5.2695 1.3941 0.35134 7.0536 -10.708 -7.7472 5.0574
0 0 3 1 79.33 -26.361 -13.675 -7.4784 8.8152 9.6526 -3.0324 -7.0748 -8.722 -0.48032 7.13 0.13921 -7.5423 -2.8231
0 0 3 1 79.292 -26.248 -13.354 -7.3732 8.8001 9.5307 -3.1192 -6.9216 -8.6288 -0.26532 7.0682 -0.19782 -8.1497 -3.0275
0 0 3 1 79.292 -26.248 -13.354 -7.3732 8.8001 9.5307 -3.1192 -6.9216 -8.6288 -0.26532 7.0682 -0.19782 -8.1497 -3.0275
0 0 3 1 79.845 -23.464 -15.203 -9.8567 3.2515 11.258 -6.1041 -7.1282 -9.8685 -5.2113 6.191 -0.17609 -2.9589 -1.983
0 0 3 1 79.506 -26.313 -15.634 -4.8143 4.7637 12.988 -6.9875 -6.1907 -4.8289 -2.6721 7.5185 -4.1845 -7.5466 0.31055
0 0 3 1 78.425 -24.313 -13.226 -6.3333 4.6775 10.009 -3.9326 -6.847 -7.4412 -2.0205 11.811 4.2211 -6.9614 -4.5525
0 0 3 1 78.425 -24.313 -13.226 -6.3333 4.6775 10.009 -3.9326 -6.847 -7.4412 -2.0205 11.811 4.2211 -6.9614 -4.5525
0 0 3 1 78.738 -23.329 -11.855 -4.0456 6.3438 12.263 -4.6242 -8.5684 -9.9536 -6.741 7.0554 -0.6695 -7.9315 1.1739
0 0 3 1 77.379 -20.781 -14.111 -2.5209 2.883 12.751 0.020434 -5.5063 -3.7832 -4.1512 10.651 0.92642 -6.5096 -0.65334
