0 1 3 2 77.277 -16.577 2.7603 20.756 14.7 -3.0562 5.4622 -0.54734 0.50465 1.2564 2.436 -3.3146 -4.5404 1.2819
0 1 3 2 77.167 -16.618 3.0966 20.791 14.617 -3.3587 5.061 -0.90263 0.42211 1.8097 2.7743 -3.4153 -4.9789 1.1191
0 1 3 2 79.421 -17.531 4.0361 17.594 10.618 -6.2106 2.0071 -3.5251 0.32877 6.7335 1.9326 -6.1486 -0.48069 1.5855
0 1 3 2 79.421 -17.531 4.0361 17.594 10.618 -6.2106 2.0071 -3.5251 0.32877 6.7335 1.9326 -6.1486 -0.48069 1.5855
0 1 3 2 79.238 -17.718 4.2857 17.577 10.59 -6.2443 1.8469 -3.5888 0.27188 6.78 1.7122 -6.6295 -0.41503 1.6096
0 1 3 2 79.134 -17.946 3.4183 20.885 10.601 -6.8435 2.6012 1.4505 0.69315 -0.30889 6.4038 -1.8479 -6.4596 -5.2736
0 1 3 2 79.132 -18.123 3.3918 20.587 10.818 -6.4624 3.1653 1.8372 0.86585 -0.30614 6.4163 -1.9114 -6.1469 -4.5004
0 1 3 2 79.132 -18.123 3.3918 20.587 10.818 -6.4624 3.1653 1.8372 0.86585 -0.30614 6.4163 -1.9114 -6.1469 -4.5004
0 1 3 2 77.132 -16.385 3.2224 22.51 16.735 -2.1693 2.2639 1.9708 1.4678 2.6257 3.8864 -2.68 -3.5886 -2.3036
0 1 3 2 79.225 -15.707 3.5746 19.823 13.238 -5.1108 4.4751 -2.7393 0.28703 5.1092 1.7017 -3.1243 -0.66343 1.6962
0 1 3 2 79.225 -15.707 3.5746 19.823 13.238 -5.1108 4.4751 -2.7393 0.28703 5.1092 1.7017 -3.1243 -0.66343 1.6962
0 1 3 2 79.848 -17.556 4.9283 20.889 12.527 -4.9299 5.5032 1.2894 0.28568 0.15104 1.0085 -4.6568 -2.0649 4.6992
0 1 3 2 79.848 -17.556 4.9283 20.889 12.527 -4.9299 5.5032 1.2894 0.28568 0.15104 1.0085 -4.6568 -2.0649 4.6992
0 1 3 2 79.487 -17.554 3.225 22.08 11.96 -1.7157 2.6546 3.7424 0.20763 -0.63318 1.4148 2.8944 -3.9242 -4.2763
0 1 3 2 79.487 -17.554 3.225 22.08 11.96 -1.7157 2.6546 3.7424 0.20763 -0.63318 1.4148 2.8944 -3.9242 -4.2763
0 1 3 2 79.487 -17.554 3.225 22.08 11.96 -1.7157 2.6546 3.7424 0.20763 -0.63318 1.4148 2.8944 -3.9242 -4.2763
0 1 3 2 79.487 -17.554 3.225 22.08 11.96 -1.7157 2.6546 3.7424 0.20763 -0.63318 1.4148 2.8944 -3.9242 -4.2763
0 1 3 2 77.854 -14.57 5.1428 22.155 11.658 -5.6988 -0.47885 -0.46442 -0.14645 -2.1321 1.4933 -3.681 -6.5693 -4.4047
0 1 3 2 77.854 -14.57 5.1428 22.155 11.658 -5.6988 -0.47885 -0.46442 -0.14645 -2.1321 1.4933 -3.681 -6.5693 -4.4047
0 1 3 2 77.811 -14.743 5.0155 21.909 11.529 -5.8214 -0.86686 -0.99833 -0.58548 -2.0167 1.6017 -3.8406 -6.7328 -4.1267
0 1 3 2 78.118 -18.113 1.0776 19.554 13.465 -3.2064 5.5136 0.95019 -1.3517 5.1334 1.2949 -5.6513 -1.7565 8.1914
0 1 3 2 78.118 -18.113 1.0776 19.554 13.465 -3.2064 5.5136 0.95019 -1.3517 5.1334 1.2949 -5.6513 -1.7565 8.1914
0 1 3 2 78.118 -18.113 1.0776 19.554 13.465 -3.2064 5.5136 0.95019 -1.3517 5.1334 1.2949 -5.6513 -1.7565 8.1914
0 1 3 2 79.203 -17.667 2.4787 19.338 14.77 -2.6914 4.4978 2.4468 2.7862 3.182 2.5167 -4.2532 -1.8414 4.8343
0 1 3 2 79.107 -17.787 2.7253 19.369 15.014 -2.5218 4.625 2.4786 2.9995 3.3476 2.5388 -4.897 -2.0596 5.0701
0 1 3 2 79.107 -17.787 2.7253 19.369 15.014 -2.5218 4.625 2.4786 2.9995 3.3476 2.5388 -4.897 -2.0596 5.0701
0 1 3 2 78.426 -18.423 4.641 20.801 16.12 -2.6154 1.6179 0.40247 0.6163 0.51284 1.6194 -0.37538 -2.1608 -2.6632
0 1 3 2 78.492 -18.197 4.909 20.556 15.697 -2.7033 1.5607 0.63332 1.0194 0.95845 2.1232 0.17649 -2.062 -2.8949
0 1 3 2 76.685 -17.906 2.006 21.573 15.232 -0.62136 2.8432 0.99533 2.6643 0.12557 -0.0042607 1.3962 2.6389 3.1939
0 1 3 2 76.685 -17.906 2.006 21.573 15.232 -0.62136 2.8432 0.99533 2.6643 0.12557 -0.0042607 1.3962 2.6389 3.1939
0 1 3 2 73.996 -18.34 1.0462 22.21 16.338 4.1494 7.8787 6.3345 3.0676 -3.3512 -4.9866 -1.3514 0.20647 2.8991
0 1 3 2 73.996 -18.34 1.0462 22.21 16.338 4.1494 7.8787 6.3345 3.0676 -3.3512 -4.9866 -1.3514 0.20647 2.8991
0 1 3 2 74.597 -25.392 -7.5713 12.268 10.69 -5.1118 3.8045 -2.2714 -2.0631 2.1944 0.9059 -7.1454 0.34079 5.2167
0 1 3 2 74.597 -25.392 -7.5713 12.268 10.69 -5.1118 3.8045 -2.2714 -2.0631 2.1944 0.9059 -7.1454 0.34079 5.2167
0 1 3 2 74.533 -25.372 -7.3365 12.267 10.478 -5.0555 3.8191 -2.0346 -1.7505 2.5714 0.89329 -7.3454 0.58523 5.4744
0 1 3 2 76.383 -25.407 -8.528 12.721 9.8499 -3.7745 3.7698 2.9706 3.1853 8.274 4.9252 -1.6073 -5.7763 2.6985
0 1 3 2 76.336 -25.372 -8.2138 12.729 9.7725 -4.0134 3.5429 2.6246 2.9753 7.9577 4.5662 -2.271 -5.7246 3.0968
0 1 3 2 76.336 -25.372 -8.2138 12.729 9.7725 -4.0134 3.5429 2.6246 2.9753 7.9577 4.5662 -2.271 -5.7246 3.0968
0 1 3 2 76.042 -24.511 -7.4484 12.747 10.348 -4.1189 1.6076 1.676 -0.13496 -3.23 -1.332 -0.57195 1.1475 -0.017665
0 1 3 2 76.042 -24.511 -7.4484 12.747 10.348 -4.1189 1.6076 1.676 -0.13496 -3.23 -1.332 -0.57195 1.1475 -0.017665
0 1 3 2 76.042 -24.511 -7.4484 12.747 10.348 -4.1189 1.6076 1.676 -0.13496 -3.23 -1.332 -0.57195 1.1475 -0.017665
0 1 3 2 72.912 -22.989 -6.6673 15.235 7.8625 -4.57 0.5701 3.3845 0.58517 -1.0617 -1.1803 -3.4064 -3.0545 -2.6934
0 1 3 2 72.912 -22.989 -6.6673 15.235 7.8625 -4.57 0.5701 3.3845 0.58517 -1.0617 -1.1803 -3.4064 -3.0545 -2.6934
0 1 3 2 72.912 -22.989 -6.6673 15.235 7.8625 -4.57 0.5701 3.3845 0.58517 -1.0617 -1.1803 -3.4064 -3.0545 -2.6934
0 1 3 2 75.799 -25.833 -7.7422 9.9221 6.2153 -3.8188 6.8583 0.11893 1.5597 5.0769 -1.4145 -4.2486 -0.76354 3.3363
0 1 3 2 75.736 -25.764 -7.2759 10.17 6.3568 -3.5006 6.571 0.22202 1.3067 5.1332 -1.7108 -4.7997 -0.67701 3.2551
0 1 3 2 75.736 -25.764 -7.2759 10.17 6.3568 -3.5006 6.571 0.22202 1.3067 5.1332 -1.7108 -4.7997 -0.67701 3.2551
0 1 3 2 77.326 -25.4 -3.7533 13.644 6.3722 -10.329 0.32885 3.7426 3.8357 5.5043 4.1551 -5.6979 -2.8329 4.3986
0 1 3 2 77.326 -25.4 -3.7533 13.644 6.3722 -10.329 0.32885 3.7426 3.8357 5.5043 4.1551 -5.6979 -2.8329 4.3986
0 1 3 2 77.326 -25.4 -3.7533 13.644 6.3722 -10.329 0.32885 3.7426 3.8357 5.5043 4.1551 -5.6979 -2.8329 4.3986
0 1 3 2 75.595 -25.748 -6.9281 13.27 9.8642 -3.168 1.5699 -0.17446 -3.2539 0.13093 2.9335 2.7472 -1.4885 -4.0892
0 1 3 2 73.252 -23.465 -6.8954 12.776 8.2117 -4.0306 -0.30834 -0.23101 -0.99886 -0.56942 1.9166 -0.73344 0.44994 -1.4798
0 1 3 2 73.252 -23.465 -6.8954 12.776 8.2117 -4.0306 -0.30834 -0.23101 -0.99886 -0.56942 1.9166 -0.73344 0.44994 -1.4798
0 1 3 2 73.252 -23.465 -6.8954 12.776 8.2117 -4.0306 -0.30834 -0.23101 -0.99886 -0.56942 1.9166 -0.73344 0.44994 -1.4798
0 1 3 2 76.393 -24.697 -5.6574 11.62 7.4216 -7.0723 0.34685 -0.090911 2.9072 6.0965 5.7113 1.3901 4.1696 1.6236
0 1 3 2 76.391 -24.496 -5.1782 11.311 7.1959 -7.3072 0.37353 -0.21494 2.7539 5.3393 4.7538 0.48295 4.4536 1.655
0 1 3 2 76.391 -24.496 -5.1782 11.311 7.1959 -7.3072 0.37353 -0.21494 2.7539 5.3393 4.7538 0.48295 4.4536 1.655
0 1 3 2 76.464 -25.56 -5.3908 13.249 4.7003 -11.321 -2.7824 0.88718 1.2904 4.8453 -0.53829 -4.3116 -0.29534 8.5648
0 1 3 2 76.464 -25.56 -5.3908 13.249 4.7003 -11.321 -2.7824 0.88718 1.2904 4.8453 -0.53829 -4.3116 -0.29534 8.5648
0 1 3 2 76.338 -25.577 -5.3134 13.061 4.5334 -11.469 -2.7672 0.84716 1.4139 5.0171 -0.91466 -4.7928 -0.31357 8.7856
0 1 3 2 75.066 -24.585 -6.0764 13.235 8.8135 -4.4738 -0.0088282 1.7058 0.48654 2.8618 4.4383 2.4261 -1.4372 -1.8158
0 1 3 2 75.027 -24.684 -6.0782 13.083 8.7944 -4.5009 0.029441 1.6963 0.39113 2.7081 4.3071 2.1214 -1.9657 -2.1582
0 1 3 2 69.919 -23.387 5.7139 9.6239 0.23657 -2.6222 5.3338 -2.9648 2.2838 -0.34895 -7.3874 3.6403 4.5689 -6.8037
0 1 3 2 69.306 -22.846 7.3177 9.8406 -0.19139 -2.3851 4.0171 -2.9927 3.7915 1.1553 -9.7954 3.5869 4.172 -7.4134
