0 0 3 2 79.529 -18.103 -14.892 -3.5842 -14.684 16.551 0.13853 -23.451 -17.406 -15.803 -12.148 1.5673 -5.5396 -0.099167
0 0 3 2 80.25 -24.477 -13.555 -1.7531 -9.917 13.545 7.1256 -19.546 -16.233 -13.457 -9.243 1.6187 -0.76505 -3.9166
0 0 3 2 80.366 -24.171 -13.008 -1.6144 -10.419 12.579 5.8347 -20.466 -16.694 -13.642 -9.4135 1.2872 -1.1321 -3.9927
0 0 3 2 78.677 -22.679 -20.392 -4.7981 -13.104 14.217 11.366 -3.0599 -7.0658 -3.9584 -7.5542 1.2836 -5.4792 -8.1615
0 0 3 2 75.946 -19.505 -22.324 -8.0441 -9.0538 13.4 15.377 -3.6667 -8.6798 -8.5962 -10.66 1.4858 2.9627 -5.2378
0 0 3 2 76.069 -21.751 -20.366 -4.9811 -9.2301 20.092 6.6723 -15.21 -7.5126 -6.0157 -4.3079 8.7204 -4.2486 -11.864
0 0 3 2 76.069 -21.751 -20.366 -4.9811 -9.2301 20.092 6.6723 -15.21 -7.5126 -6.0157 -4.3079 8.7204 -4.2486 -11.864
0 0 3 2 75.93 -21.425 -24.066 -6.4174 -9.9614 14.209 9.9527 -3.9002 -5.5248 -8.4831 -2.1767 2.1634 -0.10247 -2.4982
0 0 3 2 75.93 -21.425 -24.066 -6.4174 -9.9614 14.209 9.9527 -3.9002 -5.5248 -8.4831 -2.1767 2.1634 -0.10247 -2.4982
0 0 3 2 74.376 -19.936 -19.456 -5.0496 -10.272 22.606 10.311 -9.8835 -3.4314 -13.014 -3.5701 4.308 1.0423 -6.2973
0 0 3 2 74.743 -18.018 -22.11 -6.7238 -13.139 17.273 8.4748 -7.2982 -5.2729 -6.0717 -11.094 1.7343 -1.9222 -2.7937
0 0 3 2 71.612 -16.694 -22.078 1.0897 -11.438 7.7719 12.151 -4.8037 -10.955 -0.88827 -6.4211 -4.723 1.4239 -1.8503
0 0 3 2 74.823 -19.403 -22.68 -2.2906 -14.41 12.677 16.063 -0.95737 -9.2186 -1.7549 -7.1286 -2.8747 -1.7319 -2.8044
0 0 3 2 74.686 -19.488 -20.144 -7.55 -14.078 18.896 13.071 -4.9131 -6.3418 -9.8848 -7.5688 -1.1706 -2.3383 2.2873
