0 1 3 2 78.243 -24.554 -4.1593 10.143 13.761 -2.7009 -0.50008 -1.0387 8.6129 -0.17522 -3.2983 -1.767 4.9749 -5.0865
0 1 3 2 78.243 -24.554 -4.1593 10.143 13.761 -2.7009 -0.50008 -1.0387 8.6129 -0.17522 -3.2983 -1.767 4.9749 -5.0865
0 1 3 2 79.832 -24.297 -5.1151 5.3817 10.055 -2.9712 -2.3444 5.4474 6.8706 -6.5996 -3.2716 10.834 -5.611 -3.5474
0 1 3 2 79.832 -24.297 -5.1151 5.3817 10.055 -2.9712 -2.3444 5.4474 6.8706 -6.5996 -3.2716 10.834 -5.611 -3.5474
0 1 3 2 79.711 -24.383 -4.7996 5.2868 10.108 -3.1607 -2.2186 5.2855 6.6215 -6.9221 -2.4142 11.427 -5.0048 -2.6467
0 1 3 2 77.16 -23.84 -2.576 8.9776 7.3167 -8.9948 -8.7431 5.6188 13.622 -3.7911 -3.6476 11.258 -10.783 -0.34004
0 1 3 2 77.16 -23.84 -2.576 8.9776 7.3167 -8.9948 -8.7431 5.6188 13.622 -3.7911 -3.6476 11.258 -10.783 -0.34004
0 1 3 2 77.132 -23.754 -2.3709 8.8395 7.0909 -8.9822 -8.7222 5.7331 13.233 -4.5248 -4.0384 11.004 -11.282 -0.28227
0 1 3 2 75.95 -24.269 -5.0104 9.7866 8.8193 -10.879 -10.934 -1.4042 13.875 1.8824 -8.1884 -0.98824 3.1135 -9.9432
0 1 3 2 75.95 -24.269 -5.0104 9.7866 8.8193 -10.879 -10.934 -1.4042 13.875 1.8824 -8.1884 -0.98824 3.1135 -9.9432
0 1 3 2 75.95 -24.269 -5.0104 9.7866 8.8193 -10.879 -10.934 -1.4042 13.875 1.8824 -8.1884 -0.98824 3.1135 -9.9432
0 1 3 2 76.145 -25.548 -4.9661 9.0137 9.3837 -12.358 -10.219 0.3873 13.234 2.5013 -5.5396 9.8108 -4.2699 -4.6205
0 1 3 2 76.145 -25.548 -4.9661 9.0137 9.3837 -12.358 -10.219 0.3873 13.234 2.5013 -5.5396 9.8108 -4.2699 -4.6205
0 1 3 2 78.147 -23.693 -2.9252 3.1761 4.6996 -8.5265 2.553 11.935 10.39 -10.046 4.0049 11.279 -11.034 2.1405
0 1 3 2 78.147 -23.693 -2.9252 3.1761 4.6996 -8.5265 2.553 11.935 10.39 -10.046 4.0049 11.279 -11.034 2.1405
0 1 3 2 78.147 -23.693 -2.9252 3.1761 4.6996 -8.5265 2.553 11.935 10.39 -10.046 4.0049 11.279 -11.034 2.1405
0 1 3 2 79.397 -22.941 -4.553 3.8172 6.2088 -6.9548 0.21978 9.6115 8.5932 -7.4067 0.25963 1.2247 -6.0099 9.6909
0 1 3 2 79.397 -22.941 -4.553 3.8172 6.2088 -6.9548 0.21978 9.6115 8.5932 -7.4067 0.25963 1.2247 -6.0099 9.6909
0 1 3 2 79.397 -22.941 -4.553 3.8172 6.2088 -6.9548 0.21978 9.6115 8.5932 -7.4067 0.25963 1.2247 -6.0099 9.6909
0 1 3 2 76.375 -24.732 -4.7972 11.641 10.258 -7.5721 -8.4693 4.6498 14.762 1.4383 -7.6959 5.5082 -4.6841 -1.5589
0 1 3 2 76.375 -24.732 -4.7972 11.641 10.258 -7.5721 -8.4693 4.6498 14.762 1.4383 -7.6959 5.5082 -4.6841 -1.5589
0 1 3 2 76.375 -24.732 -4.7972 11.641 10.258 -7.5721 -8.4693 4.6498 14.762 1.4383 -7.6959 5.5082 -4.6841 -1.5589
0 1 3 2 78.338 -24.838 -5.5609 7.4585 9.6364 -6.4277 -3.2129 -2.1749 9.5875 1.3279 -0.046873 0.18488 6.9391 -4.9571
0 1 3 2 78.338 -24.838 -5.5609 7.4585 9.6364 -6.4277 -3.2129 -2.1749 9.5875 1.3279 -0.046873 0.18488 6.9391 -4.9571
0 1 3 2 79.827 -24.393 -5.6489 5.2818 9.5045 -1.8625 -0.72387 6.2529 7.8873 -5.9675 -3.3834 10.36 -4.5831 -1.9977
0 1 3 2 80.03 -24.008 -4.895 5.3038 9.2849 -2.6986 -1.2269 5.6542 7.4673 -6.3448 -2.6723 10.586 -4.5666 -1.7107
0 1 3 2 80.03 -24.008 -4.895 5.3038 9.2849 -2.6986 -1.2269 5.6542 7.4673 -6.3448 -2.6723 10.586 -4.5666 -1.7107
0 1 3 2 77.622 -22.494 -1.0925 9.557 7.2406 -8.5971 -7.8819 5.5738 13.54 -4.6919 -4.526 10.456 -11.125 -0.14812
0 1 3 2 77.622 -22.494 -1.0925 9.557 7.2406 -8.5971 -7.8819 5.5738 13.54 -4.6919 -4.526 10.456 -11.125 -0.14812
0 1 3 2 77.344 -22.972 -1.2195 9.912 7.5875 -8.2103 -8.1679 5.3469 12.861 -5.092 -4.8827 10.499 -11.955 -0.053657
0 1 3 2 76.525 -22.506 -2.5156 13.384 12.376 -8.2958 -8.2404 -0.43055 16.554 3.1699 -7.1703 1.1017 5.7308 -8.1434
0 1 3 2 76.525 -22.506 -2.5156 13.384 12.376 -8.2958 -8.2404 -0.43055 16.554 3.1699 -7.1703 1.1017 5.7308 -8.1434
0 1 3 2 76.525 -22.506 -2.5156 13.384 12.376 -8.2958 -8.2404 -0.43055 16.554 3.1699 -7.1703 1.1017 5.7308 -8.1434
0 1 3 2 77.281 -23.252 -2.5361 9.7513 9.1034 -10.78 -3.9108 5.5562 14.801 -0.40968 -7.2608 7.2972 -4.8507 -4.8366
0 1 3 2 78.822 -22.134 -1.0289 4.609 5.481 -9.4007 0.81135 10.135 8.3149 -13.4 2.9774 8.7296 -11.433 1.4276
0 1 3 2 78.822 -22.134 -1.0289 4.609 5.481 -9.4007 0.81135 10.135 8.3149 -13.4 2.9774 8.7296 -11.433 1.4276
0 1 3 2 78.822 -22.134 -1.0289 4.609 5.481 -9.4007 0.81135 10.135 8.3149 -13.4 2.9774 8.7296 -11.433 1.4276
0 1 3 2 78.926 -24.056 -6.143 2.3198 6.3932 -5.8476 2.141 10.537 10.552 -6.0112 2.047 2.5494 -5.9339 9.5876
0 1 3 2 78.926 -24.056 -6.143 2.3198 6.3932 -5.8476 2.141 10.537 10.552 -6.0112 2.047 2.5494 -5.9339 9.5876
0 1 3 2 78.865 -23.979 -5.8654 2.3441 6.3908 -5.7521 2.2726 11.157 11.185 -5.6393 2.7543 2.506 -6.3417 9.2837
0 1 3 2 77.101 -22.67 -3.7389 10.67 8.7471 -8.495 -7.6479 5.7659 14.57 -0.40613 -8.4515 6.8921 -3.5917 -0.57277
0 1 3 2 77.101 -22.67 -3.7389 10.67 8.7471 -8.495 -7.6479 5.7659 14.57 -0.40613 -8.4515 6.8921 -3.5917 -0.57277
0 1 3 2 77.101 -22.67 -3.7389 10.67 8.7471 -8.495 -7.6479 5.7659 14.57 -0.40613 -8.4515 6.8921 -3.5917 -0.57277
0 1 3 2 77.187 -22.266 -1.4475 9.8327 7.6198 -10.537 -4.0298 6.9852 12.842 -9.2308 3.0765 9.4274 -12.485 4.3247
0 1 3 2 77.187 -22.266 -1.4475 9.8327 7.6198 -10.537 -4.0298 6.9852 12.842 -9.2308 3.0765 9.4274 -12.485 4.3247
0 1 3 2 77.187 -22.266 -1.4475 9.8327 7.6198 -10.537 -4.0298 6.9852 12.842 -9.2308 3.0765 9.4274 -12.485 4.3247
0 1 3 2 78.299 -24.46 -0.42435 9.5745 9.3014 -9.8931 -2.9879 5.13 12.144 -5.6859 5.6461 4.1209 -10.117 2.3536
0 1 3 2 77.63 -25.547 -0.28986 10.699 10.478 -10.099 -3.4236 5.2026 13.286 -4.5478 6.7139 2.2726 -11.779 1.7708
0 1 3 2 77.63 -25.547 -0.28986 10.699 10.478 -10.099 -3.4236 5.2026 13.286 -4.5478 6.7139 2.2726 -11.779 1.7708
0 1 3 2 75.755 -22.244 1.1904 12.552 6.5751 -12.37 -5.7004 7.9849 10.384 -10.273 4.0688 5.566 -8.8286 8.0269
0 1 3 2 75.755 -22.244 1.1904 12.552 6.5751 -12.37 -5.7004 7.9849 10.384 -10.273 4.0688 5.566 -8.8286 8.0269
0 1 3 2 75.755 -22.244 1.1904 12.552 6.5751 -12.37 -5.7004 7.9849 10.384 -10.273 4.0688 5.566 -8.8286 8.0269
0 1 3 2 75.773 -23.011 -1.3093 14.3 10.499 -3.9156 -5.1839 4.2426 13.632 3.3515 -2.7516 3.0553 -0.40264 0.11109
0 1 3 2 75.773 -23.011 -1.3093 14.3 10.499 -3.9156 -5.1839 4.2426 13.632 3.3515 -2.7516 3.0553 -0.40264 0.11109
