0 1 3 2 76.19 -15.574 -0.28829 6.3288 5.5786 -0.37658 -0.88879 3.084 7.0845 2.645 -0.29991 -1.4021 4.8012 -0.4537
0 1 3 2 76.308 -15.391 0.18996 5.8065 6.0094 0.17987 -1.7601 2.8255 7.5741 2.8512 -0.15169 -0.76637 5.9672 -0.50091
0 1 3 2 77.055 -17.459 -0.7863 7.6469 6.5536 -0.011072 -4.9608 9.9591 5.3256 3.8664 -8.3548 12.033 -4.6781 5.2841
0 1 3 2 77.055 -17.459 -0.7863 7.6469 6.5536 -0.011072 -4.9608 9.9591 5.3256 3.8664 -8.3548 12.033 -4.6781 5.2841
0 1 3 2 77.01 -17.377 -0.77901 7.5434 6.5964 0.44342 -4.8682 9.7658 4.6153 3.6888 -8.4058 12.007 -5.4846 5.007
0 1 3 2 76.437 -14.454 -1.4203 6.7049 5.5392 1.8899 -5.1105 3.1332 2.9576 0.0048066 -10.333 2.3267 8.1471 -5.5092
0 1 3 2 76.407 -14.419 -1.2808 6.6089 5.0814 1.6024 -5.127 3.2036 3.1208 -0.65432 -10.834 2.316 9.1279 -5.8643
0 1 3 2 76.407 -14.419 -1.2808 6.6089 5.0814 1.6024 -5.127 3.2036 3.1208 -0.65432 -10.834 2.316 9.1279 -5.8643
0 1 3 2 74.948 -11.649 1.1766 2.921 11.275 1.4845 -5.7824 0.027357 8.0404 0.91279 -3.5873 -3.5193 4.4587 7.3603
0 1 3 2 73.513 -10.449 0.77167 7.0098 3.7324 2.7172 -7.6974 13.505 -1.7861 3.1596 -3.1566 6.9722 -2.8162 0.011977
0 1 3 2 77.107 -16.122 -0.020477 6.7763 7.9119 -3.084 -0.44983 2.7816 1.5833 2.7409 -7.4802 3.5079 -0.24331 -6.0068
0 1 3 2 77.196 -16.717 -0.48077 7.1669 4.6493 -3.6118 0.26742 2.4316 1.2781 2.5029 -4.7476 1.5853 0.43943 -5.6657
0 1 3 2 77.608 -17.993 -0.83706 4.8233 4.715 -4.6946 -1.7998 0.51722 1.0836 1.1183 -4.4957 1.8715 4.2978 -5.7945
0 1 3 2 77.531 -17.985 -0.50179 4.9521 4.9981 -4.6377 -1.5056 0.64354 1.1694 0.75146 -4.4651 2.7085 4.8349 -5.6663
0 1 3 2 77.531 -17.985 -0.50179 4.9521 4.9981 -4.6377 -1.5056 0.64354 1.1694 0.75146 -4.4651 2.7085 4.8349 -5.6663
0 1 3 2 76.119 -15.779 -0.32772 4.3841 8.3912 -1.0726 -0.83959 0.872 5.8432 4.5373 -4.8191 -1.8424 6.3664 5.1759
0 1 3 2 76.095 -15.857 -0.35741 4.6399 8.4124 -0.86759 -0.1667 1.2608 5.5111 5.0558 -4.3385 -1.2439 6.7035 5.3225
0 1 3 2 75.987 -15.745 -0.19133 4.9545 8.2407 -0.90075 0.65033 1.6121 4.8791 5.5572 -4.003 -0.83166 6.7305 5.1612
0 1 3 2 74.937 -14.118 0.95611 0.92125 8.7183 -5.7919 -6.2184 1.7888 6.098 -1.431 -17.619 15.998 -3.2216 -7.7752
0 1 3 2 74.937 -14.118 0.95611 0.92125 8.7183 -5.7919 -6.2184 1.7888 6.098 -1.431 -17.619 15.998 -3.2216 -7.7752
0 1 3 2 74.937 -14.118 0.95611 0.92125 8.7183 -5.7919 -6.2184 1.7888 6.098 -1.431 -17.619 15.998 -3.2216 -7.7752
0 1 3 2 76.554 -14.459 0.2822 3.4025 6.8467 -2.59 -6.8769 1.2749 2.6453 -3.0704 -9.9408 6.0148 7.5925 -5.4953
0 1 3 2 76.681 -14.624 0.5976 3.7952 6.934 -2.6732 -6.7897 1.1286 2.4379 -3.5047 -10.228 5.4722 7.0096 -4.9965
0 1 3 2 76.681 -14.624 0.5976 3.7952 6.934 -2.6732 -6.7897 1.1286 2.4379 -3.5047 -10.228 5.4722 7.0096 -4.9965
0 1 3 2 76.123 -17.106 0.84324 8.5077 3.6648 -3.4233 2.9246 -0.90806 -1.2157 4.1496 -2.4977 -2.5425 2.2503 3.3709
0 1 3 2 75.976 -17.262 1.1285 8.2264 3.2644 -3.8858 3.2701 0.051729 -0.99889 4.3179 -2.0438 -1.7269 2.5329 3.1719
0 1 3 2 73.45 -15.328 0.52635 4.2752 5.8546 2.2262 -1.9858 2.4546 4.5915 2.1148 -0.73814 -0.32093 4.8652 3.6597
0 1 3 2 73.45 -15.328 0.52635 4.2752 5.8546 2.2262 -1.9858 2.4546 4.5915 2.1148 -0.73814 -0.32093 4.8652 3.6597
0 1 3 2 74.718 -15.256 1.8605 6.7882 6.4532 -0.94721 -2.427 10.479 3.3185 -3.983 -7.2214 12.515 -7.1307 1.5963
0 1 3 2 74.718 -15.256 1.8605 6.7882 6.4532 -0.94721 -2.427 10.479 3.3185 -3.983 -7.2214 12.515 -7.1307 1.5963
0 1 3 2 73.181 -12.929 0.55677 4.4731 4.3125 1.3591 -10.323 3.6749 1.2687 1.2581 -11.985 11.464 -1.7192 -5.3269
0 1 3 2 74.283 -13.051 -2.1995 5.1437 6.2733 2.439 -9.0222 5.305 2.8063 2.1492 -10.24 1.4157 -3.7617 -0.04236
0 1 3 2 73.953 -14.086 5.4909 5.4778 0.24617 2.3592 1.4201 -0.23669 1.7141 -0.77559 -4.3506 2.0074 -1.3406 -2.2658
0 1 3 2 74.35 -13.875 3.4725 5.5434 0.45389 1.7607 -0.78163 -0.14847 3.5 0.099414 -3.6485 2.1887 -1.2666 -2.3368
