0 1 3 1 83.182 -24.332 -12.562 -9.8475 -5.2944 8.6652 -10.181 4.4936 -1.1673 9.9926 6.9046 -1.4106 -3.826 3.3346
0 1 3 1 83.182 -24.332 -12.562 -9.8475 -5.2944 8.6652 -10.181 4.4936 -1.1673 9.9926 6.9046 -1.4106 -3.826 3.3346
0 1 3 1 83.091 -23.872 -13.337 -10.727 -8.5267 10.888 -9.3871 -0.30603 -2.24 7.1087 12.764 1.0336 -7.8364 1.3959
0 1 3 1 83.124 -23.222 -13.451 -11.152 -5.503 10.765 -6.6897 3.4786 -3.8619 9.2031 12.321 5.7578 -4.1656 0.89001
0 1 3 1 83.124 -23.222 -13.451 -11.152 -5.503 10.765 -6.6897 3.4786 -3.8619 9.2031 12.321 5.7578 -4.1656 0.89001
0 1 3 1 81.355 -22.88 -14.809 -7.3075 -3.8056 10.751 -4.091 -2.6977 -8.2781 0.99365 12.106 7.3746 -1.6979 -4.5519
0 1 3 1 82.181 -24.808 -11.377 -9.7337 -5.842 12.941 -8.9459 0.81686 3.2013 5.0882 -1.5323 -4.215 3.9324 -12.308
0 1 3 1 83.513 -22.255 -12.121 -7.7124 -6.9771 9.5529 -10.094 -2.6287 -3.2025 3.9747 8.7792 -0.6416 -2.279 2.1507
0 1 3 1 82.24 -23.079 -10.304 -9.3924 -5.4169 7.5626 -9.4456 -0.067961 -8.2928 10.658 7.6389 2.2017 -5.3643 4.8379
0 1 3 1 80.548 -23.17 -12.782 -7.3821 -2.7166 10.359 -4.544 -0.40853 -8.3254 3.9353 11.663 5.0908 -3.1972 -2.7981
