1 1 3 1 79.589 -27.259 -9.8984 2.284 -0.97395 16.361 -8.0293 -9.1523 0.49468 8.433 4.9586 -9.5229 3.3696 -3.1668
1 1 3 1 79.589 -27.259 -9.8984 2.284 -0.97395 16.361 -8.0293 -9.1523 0.49468 8.433 4.9586 -9.5229 3.3696 -3.1668
1 1 3 1 82.81 -22.997 -10.511 0.40294 -4.7738 16.756 1.3975 1.7646 3.73 1.1064 9.7931 0.53364 -6.0937 0.73387
1 1 3 1 83.806 -21.791 -7.802 -4.2263 -4.7367 10.66 -2.2556 0.88235 -0.46312 6.4023 9.853 -1.0738 -4.4741 0.35677
1 1 3 1 83.806 -21.791 -7.802 -4.2263 -4.7367 10.66 -2.2556 0.88235 -0.46312 6.4023 9.853 -1.0738 -4.4741 0.35677
1 1 3 1 84.387 -20.647 -9.9966 -1.7441 -5.282 11.568 0.9655 -2.0445 -1.9882 -4.0741 5.3742 1.881 -0.43636 -0.31571
1 1 3 1 80.767 -21.06 -15.305 -3.2167 -3.6417 11.583 3.7509 -3.6525 -2.6497 -2.5777 4.4794 2.2695 0.85407 -5.4274
1 1 3 1 80.767 -21.06 -15.305 -3.2167 -3.6417 11.583 3.7509 -3.6525 -2.6497 -2.5777 4.4794 2.2695 0.85407 -5.4274
1 1 3 1 82.542 -22.253 -8.3028 -0.40208 -2.8434 13.455 -5.7176 -1.6417 -3.4084 1.8022 8.2364 -3.1408 -1.1319 -1.9361
1 1 3 1 83.981 -19.499 -7.1946 0.85329 -2.0947 13.238 -3.2082 -2.5135 -8.085 -0.22053 5.2248 -0.91091 0.23029 -1.6891
