1 0 3 2 84.372 -26.827 -14.484 -0.70177 -0.30575 10.381 -3.886 -7.6446 4.1521 7.4078 -0.56704 -8.0761 4.3611 1.9043
1 0 3 2 84.372 -26.827 -14.484 -0.70177 -0.30575 10.381 -3.886 -7.6446 4.1521 7.4078 -0.56704 -8.0761 4.3611 1.9043
1 0 3 2 84.372 -26.827 -14.484 -0.70177 -0.30575 10.381 -3.886 -7.6446 4.1521 7.4078 -0.56704 -8.0761 4.3611 1.9043
1 0 3 2 84.372 -26.827 -14.484 -0.70177 -0.30575 10.381 -3.886 -7.6446 4.1521 7.4078 -0.56704 -8.0761 4.3611 1.9043
1 0 3 2 84.286 -24.876 -15.539 -3.8189 -2.3364 11.811 -3.288 -8.9452 -5.1434 2.1243 9.3349 5.1876 -3.7096 -4.7709
1 0 3 2 84.286 -24.876 -15.539 -3.8189 -2.3364 11.811 -3.288 -8.9452 -5.1434 2.1243 9.3349 5.1876 -3.7096 -4.7709
1 0 3 2 84.286 -24.876 -15.539 -3.8189 -2.3364 11.811 -3.288 -8.9452 -5.1434 2.1243 9.3349 5.1876 -3.7096 -4.7709
1 0 3 2 85.749 -21.938 -9.8005 -3.1349 -4.334 14.807 -3.5096 -6.4614 -5.1424 -3.6839 -2.3121 -1.7279 -3.3399 -0.55216
1 0 3 2 84.55 -24.374 -11.925 -6.047 -0.12817 14.78 -2.7341 -3.0304 -8.2933 0.37351 10.019 6.3654 4.247 -3.3765
1 0 3 2 80.627 -27.222 -13.31 -5.8003 2.9455 21.17 4.9406 2.3174 -10.133 -6.155 -0.89733 1.3125 2.7708 0.99229
1 0 3 2 79.356 -27.052 -15.658 -4.2907 0.95198 21.844 5.817 2.216 -7.5454 -5.5359 -0.38781 -0.69625 -0.47621 -0.20865
