0 1 2 0 66.73 -17.8 8.7829 -3.6023 1.2561 -4.8311 0.16061 5.0236 -2.0183 0.707 -0.97088 0.57523 -2.7432 0.3856
0 1 2 0 66.847 -17.584 5.7887 -3.2764 -0.084599 -5.6181 0.98288 3.9536 -5.9199 -0.32189 2.1418 -0.27948 0.0042642 1.5391
0 1 2 0 66.893 -16.534 8.1697 -4.0791 -1.1045 -4.2886 -1.7556 4.5417 -1.3435 0.78674 0.58743 1.1901 -4.9609 0.86262
0 1 2 0 68.795 -17.371 8.6794 -2.9956 0.097754 -2.5617 -2.4325 6.867 -4.5901 -0.45848 3.2287 -2.2042 1.38 -0.4159
0 1 2 0 65.537 -18.667 8.1911 -0.40142 -4.2175 -1.9632 -1.8278 6.2972 -2.8652 -2.6956 -1.4748 1.6678 -1.9555 0.60044
0 1 2 0 67.339 -17.61 5.7592 -3.4134 -1.5418 -3.0674 1.879 4.4865 -5.5675 -0.47158 -0.59224 2.4355 -0.29675 -1.1018
0 1 2 0 68.021 -15.409 8.0741 -3.6611 -1.1531 -2.5316 -0.84096 5.3068 -1.3861 3.4955 -3.2075 -0.67556 -0.94367 -2.3816
0 1 2 0 67.824 -17.402 8.1966 -5.2172 1.7412 -6.9417 -2.6504 1.6062 -7.7401 2.4932 -4.9432 1.6519 -2.5515 -2.0531
0 1 2 0 66.915 -17.211 8.3772 -2.9461 -1.4971 -5.3502 -1.4481 7.0285 -4.4847 1.8528 3.0583 0.18139 0.27821 -4.8836
0 1 2 0 67.85 -15.642 8.2075 -1.4682 -1.4348 -1.8343 -3.747 3.5921 -7.6073 1.2739 -1.3375 -0.75088 0.36419 -0.76495
0 1 2 0 68.418 -13.361 6.85 -3.8738 -1.7608 3.0016 -5.7593 7.3878 -4.2858 -2.331 5.0011 -3.9125 4.0619 -1.6296
0 1 2 0 66.513 -18.264 8.4788 -5.8295 -2.0084 -3.7935 -3.235 7.3821 -3.4575 6.3171 -0.10777 1.1253 -2.9326 -1.2905
0 1 2 0 66.717 -19.171 6.1729 -1.8661 -2.034 -3.3187 -4.1741 8.4728 -1.6369 1.0499 2.456 -2.0353 0.38661 -0.31194
0 1 2 0 67.28 -17.602 7.9494 -3.7825 1.199 -6.5969 -0.57292 6.2415 0.26958 5.7696 1.3299 4.7813 -0.94471 -3.4836
0 1 2 0 66.361 -16.681 7.0713 -2.3381 1.7698 -3.5548 -3.854 6.9843 -2.5325 -0.27076 1.2076 2.511 -1.348 2.2641
0 1 2 0 66.969 -15.473 7.1698 -4.8958 0.34723 -0.45034 -4.3432 6.9166 -4.6838 1.8971 -0.28209 1.009 -1.531 -2.4363
0 1 2 0 69.183 -15.438 5.663 -2.6541 0.61167 -4.0044 -2.5867 5.5805 -3.2986 -2.2494 1.7154 -1.7522 -1.5263 -0.056821
0 1 2 0 67.1 -16.702 7.8423 -3.2033 -0.12822 -4.8443 0.29447 4.6655 -6.1993 1.8646 -3.0512 1.709 2.759 0.43901
0 1 2 0 66.907 -17.379 7.4061 -3.2848 0.013768 -4.5641 -0.12572 4.6424 -4.9717 1.6184 -2.3177 2.1878 2.4017 -0.98325
0 1 2 0 68.886 -16.009 8.8433 -3.5024 -0.79036 -1.2674 -3.3358 5.5261 -2.7293 -1.7642 2.3333 -4.2841 -0.31412 -1.9073
0 1 2 0 68.886 -16.009 8.8433 -3.5024 -0.79036 -1.2674 -3.3358 5.5261 -2.7293 -1.7642 2.3333 -4.2841 -0.31412 -1.9073
0 1 2 0 64.972 -16.463 8.2409 -4.7667 0.72782 -6.0323 1.2551 5.4986 -4.2438 3.0471 -1.4985 2.0473 -3.8598 1.2676
0 1 2 0 68.371 -14.995 6.433 -4.1655 -0.1656 -3.5385 1.1931 5.0447 -13.119 4.9227 0.059467 -1.4947 2.8152 -2.2289
0 1 2 0 67.756 -17.182 7.3718 -3.3088 -1.2247 -4.7126 -0.62563 3.5067 -3.1476 0.48302 -0.33337 -1.3223 4.9843 -0.43212
0 1 2 0 67.843 -18.699 7.1408 -1.3156 -0.86525 -4.1471 -0.0143 3.8978 -4.3167 -2.0123 -2.4172 0.60505 0.19001 -3.0358
0 1 2 0 67.301 -15.989 7.3415 -4.0697 0.70541 -0.67548 -4.0207 4.9548 -1.7005 0.85271 -0.68847 -0.07013 -0.26145 -1.0879
0 1 2 0 67.416 -15.15 7.2729 -4.7426 2.6173 -2.4683 -3.3942 1.6957 -3.5714 3.0256 -1.8435 2.3481 0.047024 -0.35082
0 1 2 0 69.108 -16.481 5.5417 -1.6696 0.35728 -5.3403 -1.172 8.587 -3.6508 -0.66831 1.889 2.0747 -1.6287 -0.64372
0 1 2 0 66.194 -16.42 8.7148 -5.4909 0.88008 -4.0401 1.2919 5.7195 -2.2966 -0.32425 -4.0659 2.3731 -2.1721 1.5334
0 1 2 0 66.78 -16.283 8.5219 -3.1996 -1.5354 -6.7225 -1.8808 7.3473 -3.6888 1.7461 -0.38043 4.2144 0.94949 -2.845
0 1 2 0 68.02 -17.281 7.3049 -3.3206 -0.21924 -6.3301 -4.06 11.523 -4.6759 -2.7983 8.9677 -0.89586 -0.72608 0.66744
0 1 2 0 67.715 -14.876 5.892 -9.3014 -1.3182 0.46733 -3.5001 3.1419 -3.4082 -0.82275 -2.4787 0.51138 -0.8955 0.79717
0 1 2 0 67.741 -16.499 6.2299 -4.063 -0.059421 -5.4013 -0.84383 4.2353 -2.292 3.5044 -1.1951 1.3534 0.04307 1.0501
0 1 2 0 69.189 -15.539 8.8584 -4.8403 -2.338 -5.6098 -7.0937 7.0826 -2.8388 2.3066 0.88107 1.2454 -0.61842 0.33915
0 1 2 0 69.257 -16.893 6.5912 -1.8638 -6.0549 -3.3959 -5.3031 6.0515 1.2774 -2.2457 1.3952 -3.7018 1.4984 0.27243
0 1 2 0 66.511 -13.932 7.7695 -6.2466 -1.2082 -7.7936 -3.0093 2.4185 -1.3947 4.952 -0.32734 4.334 -1.9691 3.2798
0 1 2 0 69.129 -15.13 7.8606 -3.6216 -4.0435 -3.7785 -5.5036 4.7659 -2.0491 -0.75365 1.7565 -2.3911 -0.254 0.85737
0 1 2 0 68.959 -14.457 7.0044 -4.5467 -4.7234 -0.43849 -6.0067 7.4948 -2.6469 -0.25782 3.2772 -4.3333 1.8359 1.0143
0 1 2 0 67.736 -14.513 8.3862 -3.6889 -1.3872 -8.1574 -3.1471 4.4213 -8.8349 -1.1143 0.45176 0.85374 -3.3468 -0.38332
0 1 2 0 68.522 -15.885 8.5875 -4.2823 -5.1451 -3.7533 -8.9699 2.8672 -2.6928 3.4646 3.5868 -1.8179 -0.94035 0.16823
0 1 2 0 68.522 -15.885 8.5875 -4.2823 -5.1451 -3.7533 -8.9699 2.8672 -2.6928 3.4646 3.5868 -1.8179 -0.94035 0.16823
0 1 2 0 67.024 -16.061 7.3434 -4.6484 -2.1458 -7.605 0.74536 6.7336 -1.5733 3.8526 -0.13634 1.519 -0.0014312 -4.8069
0 1 2 0 66.012 -17.3 8.9932 -2.2612 -5.5251 -1.0095 -5.4499 4.2654 -7.2341 3.1477 0.74192 -1.0653 1.9803 0.75655
0 1 2 0 68.38 -14.776 7.5553 -4.8617 1.955 -3.964 -1.4451 1.6853 -3.2619 2.8617 -1.9973 3.1874 -0.4263 -1.1465
0 1 2 0 68.683 -15.849 8.0881 -5.908 -0.30112 -3.7814 -6.0011 6.6329 -6.0303 2.2685 2.2926 1.6567 0.77277 3.441
0 1 2 0 69.827 -13.099 7.8079 -5.1341 -0.738 -0.10273 -5.9624 7.0497 -5.7518 2.0346 1.9958 0.50154 0.50912 0.51951
0 1 2 0 65.001 -14.781 9.1559 -6.5529 0.63631 -5.0197 -4.7337 4.3643 -4.2287 1.5378 -2.4201 3.8351 -0.64011 0.98579
0 1 2 0 67.244 -17.899 7.3065 -3.6512 -3.8105 -7.7328 -1.9514 4.3213 -3.8797 1.6292 6.2784 -1.069 -2.354 -1.6369
0 1 2 0 67.011 -17.02 9.0917 -4.4132 0.26753 -2.5861 -5.6666 6.7774 -4.1572 0.51184 1.7741 -0.98991 2.4206 0.3051
0 1 2 0 65.456 -17.597 9.2462 -4.6212 -1.8208 -2.6412 -11.102 9.6023 -5.6611 1.2542 0.72054 -0.72045 3.068 0.63947
0 1 2 0 70.466 -15.402 6.8613 -3.0561 1.4255 -5.3817 -0.68023 1.6233 -8.1949 -0.39597 -1.8113 1.982 2.0595 -0.29449
0 1 2 0 68.214 -14.155 8.4288 -4.3417 -0.91806 -0.76075 -1.4521 2.3597 -3.982 -0.69371 -0.12471 -1.9639 0.79335 2.7581
0 1 2 0 67.641 -16.279 8.317 -2.2852 -3.9073 -1.6296 -2.4074 5.293 -5.194 -1.6665 -0.4804 -4.0271 -0.097076 -1.0549
0 1 2 0 68.211 -15.906 7.3454 -3.9544 -5.2431 -6.4836 -1.2266 1.6771 -5.1091 0.032728 -1.9051 -2.4773 -2.7219 -3.0902
0 1 2 0 69.488 -15.324 7.447 -4.1875 -1.45 -1.7194 -3.811 5.3987 -3.5868 3.2855 0.90986 -1.2993 -0.38386 -2.4141
0 1 2 0 67.624 -15.587 9.0372 -4.1063 -3.8465 -2.4345 -4.6263 5.2484 -1.6729 0.6157 -0.83541 -2.4644 -1.3581 -4.2915
0 1 2 0 68.168 -14.746 7.3378 -3.1421 -1.2418 -8.3466 -5.1576 3.3925 -6.4647 -0.20666 1.0738 3.3604 -2.5047 -0.72579
0 1 2 0 68.804 -14.213 6.2812 -3.3692 -0.10384 -8.7388 -5.6543 4.6089 -7.8475 0.77026 0.44302 1.7964 0.39461 -0.74893
0 1 2 0 70.079 -13.857 9.2312 -1.1937 -4.4278 -8.7954 -1.4558 -0.89362 -5.7557 0.53991 -0.2924 1.5724 -1.2492 -0.28829
0 1 2 0 69.486 -13.233 9.6539 -2.6064 -4.008 -7.1105 -6.871 0.28219 -8.0024 3.8325 -1.4818 2.3731 -1.0215 2.3334
0 1 2 0 68.81 -13.886 9.1927 -6.2239 -3.2523 -3.6358 -5.0945 0.32295 -6.054 1.387 -3.3737 -0.48051 -2.9257 -0.22107
0 1 2 0 69.871 -12.782 8.5705 -6.187 -4.7353 -6.8438 -0.97149 -0.016212 -10.763 5.787 4.1631 -3.5824 -1.9932 -2.3165
0 1 2 0 69.281 -15.404 7.3604 -4.237 -0.91028 -6.7444 -5.6701 1.5611 -5.8163 1.0629 -0.74373 -1.8039 0.041118 -1.4844
0 1 2 0 69.147 -13.172 9.2854 -6.8077 -3.4117 -5.2615 -6.7075 3.5389 -6.9998 2.1115 2.0561 1.8073 -0.71524 1.993
0 1 2 0 69.588 -15.169 8.2886 -5.7571 -6.73 -8.7504 -8.6346 1.5829 -7.301 0.33387 5.9842 2.3403 0.97723 -1.9218
0 1 2 0 69.903 -15.265 7.5048 -3.3736 -4.0193 -8.1732 -8.9399 2.3158 -7.8636 -3.8772 5.5795 -0.37209 4.5039 -1.6715
0 1 2 0 69.167 -14.279 7.5471 -3.8724 -0.62872 -7.7517 -6.9294 -2.4824 -3.9957 -1.4609 2.6031 3.4567 -2.3651 0.48683
0 1 2 0 69.727 -12.558 7.2065 -3.2522 0.36494 -6.0824 -1.8684 0.60632 -6.0974 -1.7385 -0.47137 3.692 0.28199 2.9001
0 1 2 0 68.626 -13.902 8.7579 -3.3116 -2.9709 -6.8947 -2.3499 -0.24704 -8.9027 -5.3716 -1.8263 3.3614 -0.55936 -0.4012
0 1 2 0 67.325 -13.616 11.231 -3.3927 -3.8111 -7.5033 -8.2727 -1.8655 -9.3949 3.2381 1.8 -1.2059 -3.2948 -3.3257
0 1 2 0 70.504 -13.122 9.1271 -2.9352 -4.3339 -3.6984 -7.5107 0.078481 -7.5706 -6.0267 -0.4561 -5.0169 -3.2251 -4.4722
0 1 2 0 70.658 -12.704 9.1678 -2.9693 -4.3559 -3.191 -7.1786 0.40321 -7.2322 -6.2513 -0.15952 -3.9034 -2.3086 -3.3388
0 1 2 0 68.82 -12.39 8.9199 -5.5049 -3.1055 -9.8413 -5.1458 1.7572 -7.5793 0.7567 1.0393 -0.4114 -1.2062 1.4302
0 1 2 0 67.605 -13.677 10.943 -8.1514 -3.4271 -10.744 -8.2194 2.2938 -7.3042 -2.8529 0.14139 2.6536 2.6213 0.93285
0 1 2 0 68.766 -12.755 7.1244 -3.9906 1.3036 -7.8957 -5.338 -0.78469 -7.9698 -2.9349 1.9482 2.3018 -0.63575 1.85
0 1 2 0 70.25 -14.399 6.9101 -3.5164 -3.9401 -5.6535 -2.929 0.22607 -6.1272 0.1258 1.3009 1.8455 5.1318 -0.67323
0 1 2 0 68.747 -13.951 8.3025 -4.9694 -2.4808 -4.9828 -2.0874 3.342 -8.7253 -0.3368 0.17009 -1.3293 1.2123 -2.8373
0 1 2 0 68.95 -13.541 8.7807 -6.5688 -4.8414 -7.8856 -6.3411 1.6873 -5.5562 -2.2016 2.0251 -0.86577 2.5625 3.0964
0 1 2 0 70.01 -14.048 11.49 -9.8121 -2.3856 -14.395 -0.97063 1.4415 -6.8645 1.8963 -4.3202 0.61283 0.17044 -1.7264
0 1 2 0 67.614 -13.955 9.6416 -5.4374 -1.3896 -5.1786 -5.801 -0.73107 -9.7997 -0.22645 -1.2733 0.090013 2.4648 -1.7123
0 1 2 0 68.043 -16.218 9.214 -5.7055 -0.26109 -10.716 -2.4097 3.0523 -10.282 0.017244 -2.2061 1.6524 1.3843 1.3004
0 1 2 0 66.828 -15.881 7.5941 -5.7321 -1.5677 -5.2071 -3.2203 5.8249 -4.2205 -0.7155 -1.3044 4.1292 -2.2135 -1.4313
0 1 2 0 68.489 -15.438 6.2255 -3.132 -0.87451 -6.1372 -4.4343 4.7961 -3.8869 -1.3064 -0.6972 1.5581 1.0424 -2.693
0 1 2 0 69.193 -15.198 7.709 -5.997 0.89642 -7.7225 -0.30075 -0.31702 -2.4785 -0.21063 -3.2481 0.3235 0.6155 -0.6638
0 1 2 0 68.209 -14.567 10.339 -7.7271 0.37853 -8.3167 -5.4583 -0.88628 -5.8271 1.8721 -1.0878 0.061994 0.094712 -1.524
0 1 2 0 68.618 -12.552 7.7919 -5.9932 0.45861 -6.9534 -8.2595 -1.3736 -5.7637 -1.7593 -1.6262 3.1603 -0.82201 2.5687
0 1 2 0 70.582 -14.944 4.6162 -6.4171 -5.1594 -12.258 -6.6839 3.974 -5.5013 -0.7569 0.29075 3.1185 -2.1087 -1.6856
0 1 2 0 69.592 -12.692 6.7418 -6.3065 -0.64442 -5.8666 -4.0997 1.5481 -5.5701 -0.6013 -2.3528 1.4943 2.5113 -1.5424
0 1 2 0 69.414 -13.959 7.533 -6.6796 -2.5583 -8.317 -4.6192 2.1987 -9.1346 -0.57183 -4.6003 1.1562 2.6503 -0.14131
0 1 2 0 69.807 -13.552 7.9345 -5.4469 -1.2097 -10.421 -2.3693 -1.2092 -4.4255 -2.8828 -2.6752 3.5561 -1.9646 1.1015
0 1 2 0 69.191 -13.267 6.0246 -7.5525 -4.4379 -6.8329 -4.1295 -3.9266 -11.596 2.7167 -2.2518 4.1453 2.4812 3.3373
0 1 2 0 70.368 -14.519 8.8742 -7.7628 -0.30571 -4.3447 -0.14316 -2.5508 -6.8456 -5.4101 -0.76503 3.1633 -0.99415 2.0928
0 1 2 0 69.812 -14.233 8.8705 -7.773 0.20837 -8.6008 -1.2702 0.65303 -5.2228 1.6873 -2.9207 1.9857 -0.12625 4.9909
0 1 2 0 68.798 -15.914 9.4503 -6.5408 -1.5167 -5.4981 -2.2463 1.5104 -6.798 -2.3772 -0.74975 2.3248 -2.1756 1.9897
0 1 2 0 68.759 -12.932 6.7665 -6.7253 -3.2697 -8.2776 -5.5679 2.3926 -8.6179 0.44959 -2.1043 1.4546 1.5283 2.9545
0 1 2 0 68.946 -12.549 6.3968 -7.6622 -4.5525 -7.4874 -6.5023 1.7761 -9.5737 0.8419 0.41529 0.19224 2.7418 3.9482
0 1 2 0 68.989 -12.443 6.1218 -7.9084 -3.2689 -4.5726 -2.2668 4.743 -11.091 1.4678 -7.7523 -0.67927 1.8084 1.578
0 1 2 0 69.67 -12.622 6.6248 -6.3582 -1.7701 -7.5021 -1.806 0.3153 -4.0901 -0.49366 0.057011 3.4225 1.1268 2.9537
0 1 2 0 70.006 -14.425 7.7153 -6.295 -6.7458 -4.7132 -2.3786 5.6792 -4.7887 -2.7261 -4.0144 0.54193 -0.056121 3.2779
0 1 2 0 69.011 -12.68 8.3576 -5.5055 -2.261 -6.0706 -3.6916 4.3914 -10.65 -1.5328 -3.3037 -2.6132 2.7736 1.1
0 1 2 0 69.253 -13.385 7.8286 -6.4702 -1.6647 -5.004 -3.3054 2.3127 -6.2168 0.66976 -1.6835 1.7938 1.9539 1.2543
0 1 2 0 68.327 -12.831 7.8247 -5.9437 -2.985 -3.797 -4.6063 2.9447 -4.5375 0.62362 -6.1102 4.6762 1.5665 1.8478
0 1 2 0 66.282 -15.171 9.7328 -7.687 0.14917 -6.4742 -0.94882 -0.17889 -3.9729 -1.5351 -4.3498 4.6371 0.82506 1.1341
0 1 2 0 66.255 -14.642 9.5809 -8.0774 0.70827 -6.2881 -2.9115 3.4124 -3.2157 -4.8294 -6.1644 1.9679 -0.96215 1.6637
0 1 2 0 67.029 -16.266 7.0134 -2.217 -0.1683 -7.3401 -3.7834 1.3153 -4.0246 -1.8389 -7.1526 2.0865 -1.499 -2.8605
0 1 2 0 69.038 -14.712 8.6378 -5.5821 -0.88025 -5.038 -0.23603 5.0834 -8.6049 2.6925 -4.2985 0.41594 0.049824 -1.2592
0 1 2 0 69.904 -16.474 8.4686 0.23939 -4.1458 -8.5336 -3.542 -0.7797 -5.6739 -6.6274 -0.3023 1.2355 3.101 1.0938
0 1 2 0 68.334 -16.181 6.2083 -2.9421 -2.4833 -4.5697 -4.7934 1.3736 -5.1601 -2.7567 0.47051 -0.37047 -0.8964 2.5022
0 1 2 0 68.577 -15.5 8.3231 -3.6791 -2.7652 -2.4094 -2.9326 5.032 -6.608 -3.8714 -6.0658 0.97127 -1.3548 2.477
0 1 2 0 68.752 -15.285 7.9758 -3.3397 -2.1961 -2.6371 -3.4873 5.2702 -7.1608 -3.8832 -5.4208 1.3359 -1.4618 2.7779
0 1 2 0 69.391 -15.585 7.6068 -2.3534 -3.387 -4.4461 -2.1498 2.2712 -6.175 0.06874 -1.8824 -1.3924 3.1358 0.1534
0 1 2 0 68.424 -15.204 5.8679 -6.6376 -4.3651 -6.4711 -6.2435 1.6379 -3.8283 0.90691 -0.49695 2 1.0441 -1.5426
0 1 2 0 67.554 -13.813 8.1728 -7.4153 -4.4796 -9.6869 -4.7855 -0.70557 -3.7209 -4.1917 -6.2305 0.97221 -0.22759 3.5187
0 1 2 0 67.922 -11.964 8.3446 -6.1863 0.93639 -6.865 -1.0142 -0.65363 -5.8987 3.2702 -4.9717 0.70642 0.39607 2.2447
0 1 2 0 68.309 -12.511 8.1892 -7.7444 0.29999 -4.1363 -1.8334 4.2077 -4.016 -0.40056 -2.1054 -1.6162 -0.57719 2.1259
0 1 2 0 68.836 -13.76 6.9789 -8.2086 -5.313 -6.209 -3.0578 4.7391 -5.2663 -4.5401 -4.8425 2.2901 1.6884 0.99988
0 1 2 0 70.535 -12.569 6.9801 -4.6537 -2.6021 -4.5166 -1.1942 0.79575 -5.7027 -4.5784 -2.9333 3.8099 1.0331 2.459
0 1 2 0 69.556 -11.87 9.4098 -11.148 -3.7178 -7.2009 -2.092 2.0759 -11.599 -2.4449 -4.6627 -2.1076 0.61906 2.2336
0 1 2 0 69.948 -12.349 7.4176 -9.5485 -7.29 -4.1001 -1.245 1.9834 -2.5147 -5.9663 -4.8826 3.6594 -5.7225 3.2948
0 1 2 0 70.656 -12.64 6.2887 -6.5696 -4.1438 -9.5572 -1.541 3.2037 -5.2864 -1.1768 -2.4842 2.7618 -4.9857 -0.48853
0 1 2 0 70.176 -11.246 8.4489 -8.3479 -4.3385 -4.2155 -4.3462 4.1316 -9.0116 -4.6748 -1.746 0.57765 -2.41 6.6523
0 1 2 0 69.598 -10.469 8.6635 -7.7938 -4.0805 -4.2612 -6.5747 5.0543 -8.9393 -3.3114 -4.9238 -1.2112 0.69823 0.68701
0 1 2 0 71.253 -10.243 5.0222 -14.238 -6.4697 -6.4449 -5.1193 2.7323 -7.7637 0.53713 -3.9833 -2.5639 -2.4058 0.21557
0 1 2 0 72.837 -9.4135 3.3763 -12.076 -8.1051 -0.79194 -2.1511 -1.7448 -6.7329 0.46304 -5.8376 -3.2074 0.86893 -2.2198
0 1 2 0 70.961 -8.4266 4.8038 -14.159 -3.5674 -5.8051 -3.0153 1.5725 -7.9761 0.60191 -4.4555 -4.6593 -4.8531 2.145
0 1 2 0 70.113 -10.154 5.9492 -10.859 -7.4078 -5.964 -6.4403 2.3536 -11.505 0.43226 -5.0226 -2.8587 -0.73564 -2.8353
0 1 2 0 69.407 -11.636 6.8356 -7.5059 -4.6785 -5.6325 -2.7882 4.1761 -8.0994 -1.347 -6.912 -3.7947 -0.018658 -4.3374
0 1 2 0 70.345 -11.702 6.9215 -8.4696 -1.4487 -4.462 1.7476 4.1288 -3.3252 -0.66727 -5.3479 -0.55416 0.29757 -3.609
0 1 2 0 68.827 -12.129 6.3271 -8.6204 -3.2544 -4.0669 -2.4739 6.1222 -4.5687 -1.9447 -6.956 -1.5785 -3.8965 -2.7857
0 1 2 0 68.219 -12.96 8.3366 -8.5403 -4.1808 -6.2294 -3.7322 2.061 -5.6946 -1.7217 -8.2128 1.3241 -4.768 0.76137
0 1 2 0 69.281 -11.646 7.0259 -6.4015 -2.3381 -2.2316 -1.3607 3.7718 -3.177 2.2383 -6.0041 3.4421 -3.8371 -0.5926
0 1 2 0 69.566 -11.96 8.1002 -3.2297 -3.8046 -5.3162 -0.159 -0.042088 -5.5988 1.1648 -5.3189 2.0852 -4.2895 2.2944
0 1 2 0 69.261 -12.241 6.7216 -7.9892 -5.6887 -4.1304 -1.4749 5.4945 -6.4391 0.62402 -3.2234 -0.3526 -0.30336 -3.5814
0 1 2 0 70.052 -13.474 6.1143 -6.6306 -3.2522 -7.6549 -3.7298 6.7249 -5.6323 -6.7218 0.087374 -0.99878 -1.2822 -1.9455
0 1 2 0 68.071 -12.778 7.7754 -9.0292 -7.5157 -6.2172 -2.0985 3.0671 -5.0573 2.3727 -0.92653 -3.1602 -2.9258 0.56995
0 1 2 0 69.762 -12.917 6.6289 -5.4889 -3.4877 -6.8851 2.7937 2.6382 -3.6786 -0.37628 -3.2232 -0.1794 -3.08 -1.4372
0 1 2 0 69.78 -13.54 6.6634 -9.809 -3.4936 -5.5584 1.8896 5.0465 0.4275 -2.9486 -2.8692 0.29147 -5.4928 -0.39578
0 1 2 0 70.306 -12.456 4.9925 -10.526 -5.6267 -2.7265 -2.5456 1.4801 -7.0023 -0.83345 -0.91363 -3.3399 -2.051 -4.7051
0 1 2 0 71.15 -13.738 7.1034 -9.8546 -4.4003 -8.2406 -2.1378 -2.1213 -5.4482 -0.091908 -5.5164 -5.0424 -3.928 -1.5305
0 1 2 0 68.778 -11.262 7.5128 -7.7793 -4.4765 -8.4477 0.37664 3.4508 -5.1783 -1.2122 -4.6994 -0.61447 -8.0102 -0.39166
0 1 2 0 70.168 -10.984 6.4227 -12.185 -3.8568 -4.6737 -0.95892 -0.78832 -5.2808 -2.954 -4.9531 0.76866 -5.2637 -0.381
