0 0 2 0 65.617 -13.554 10.041 -4.7154 -0.94872 8.2633 -8.7536 6.5991 0.04904 -8.9345 10.4 -11.554 4.8804 -2.1843
0 0 2 0 64.402 -14.072 8.6301 2.1193 -6.3824 8.9461 -5.2728 -2.7028 8.939 -16.15 12.332 -9.8798 -0.23295 5.1424
0 0 2 0 66.314 -14.147 11.336 -0.91657 -0.75695 9.0284 -9.1456 6.4586 -0.57058 -7.9567 9.8657 -11.085 6.8119 -3.6841
0 0 2 0 66.609 -14.331 9.6106 3.985 -2.5175 10.425 -5.1623 -2.4756 11.311 -16.942 10.226 -7.8425 -2.3437 3.5757
0 0 2 0 68.689 -12.711 7.7665 -1.3022 -3.3018 10.004 -10.694 7.589 -0.085808 -7.0544 9.8409 -11.437 4.5647 -2.317
0 0 2 0 69.407 -12.731 7.1922 0.1577 -5.4521 9.5631 -9.0313 -0.69695 7.47 -14.38 11.376 -7.5235 1.7306 4.2379
0 0 2 0 68.889 -12.844 9.4128 -2.6589 -2.2376 8.5459 -9.7239 6.5251 -3.923 -6.5949 7.7041 -11.054 6.0679 -3.1723
0 0 2 0 69.631 -13.573 8.3983 0.55312 -2.91 8.1515 -4.6561 -1.6775 7.5815 -12.147 10.182 -9.0991 0.51312 2.5942
0 0 2 0 69.821 -12.114 7.4322 -3.0886 -3.5595 9.0443 -10.747 6.5001 -1.8658 -5.7858 9.0562 -9.632 6.6674 -3.0183
0 0 2 0 69.729 -14.308 7.8234 0.2021 -3.8842 7.615 -2.8153 -2.4871 7.6479 -15.764 11.963 -6.3303 1.0717 5.1477
0 0 2 0 70.154 -13.667 11.146 -4.5489 0.73509 6.3016 -6.9693 4.5212 -2.8255 -7.7625 10.923 -12.801 6.0934 -1.0323
0 0 2 0 68.105 -13.753 8.9171 3.3451 -2.5395 13.697 -4.8634 2.0592 6.6394 -14.456 10.825 -7.7747 -2.2305 4.4917
0 0 2 0 70.087 -14.417 9.7074 -3.9232 -0.97691 6.4447 -6.0738 2.3956 3.8645 -9.4527 11.839 -9.5794 5.2081 -1.8931
0 0 2 0 69.369 -13.566 9.4167 0.39576 -3.6265 10.495 -7.2365 -3.4756 7.1175 -15.861 7.7148 -6.601 -0.58053 2.939
0 0 2 0 70.52 -14.021 10.514 -6.1438 1.8463 4.4876 -5.8272 4.4174 0.50986 -6.9418 11.468 -10.91 5.4474 -2.2133
0 0 2 0 68.831 -14.247 9.2256 2.7289 -3.466 8.8828 -6.5053 0.21417 8.1918 -13.89 10.761 -8.4137 -2.7205 4.8992
0 0 2 0 69.274 -15.649 12.01 -4.8581 1.5641 6.577 -7.9318 4.8642 -0.80269 -7.0555 6.4018 -10.459 2.3784 -1.2776
0 0 2 0 67.077 -14.393 7.2382 3.2656 -5.6089 11.917 -10.424 2.0624 7.2651 -18.95 7.5024 -10.105 -1.0343 7.097
0 0 2 0 69.995 -12.009 8.621 -1.3908 -2.179 10.257 -9.366 7.4137 -1.0659 -5.7139 8.9237 -10.944 7.8064 -2.72
0 0 2 0 69.675 -13.477 10.062 3.1414 -2.3375 10.424 -5.4561 -2.0348 7.8434 -15.359 14.36 -7.4508 -0.19176 4.8566
0 0 2 0 69.236 -13.727 9.0477 -2.7945 -1.7632 8.7802 -10.522 6.6277 -0.28531 -6.6134 10.423 -10.381 6.0046 -1.7645
0 0 2 0 70.597 -12.972 7.5787 -0.13629 -5.2282 8.9239 -5.2975 -0.15517 6.7306 -11.356 8.8836 -5.1345 -2.9481 5.8826
0 0 2 0 67.315 -14.742 7.4294 -1.0431 -1.5975 9.3743 -11.822 7.7242 -1.9829 -7.8869 6.5141 -12.829 3.2262 -4.7898
0 0 2 0 70.017 -11.867 6.4883 1.7533 -5.5816 10.959 -6.2167 0.62512 7.883 -9.922 10.68 -5.6853 -0.50532 4.8701
0 0 2 0 68.629 -15.11 12.977 -3.9323 1.7331 7.2942 -10.568 3.7339 -3.4127 -8.6494 10.83 -10.523 3.2706 -2.5832
0 0 2 0 70.653 -12.647 6.7827 1.6484 -4.7902 10.097 -7.157 1.4769 7.0931 -13.959 9.4539 -5.2115 -2.279 7.104
0 0 2 0 65.67 -12.939 7.0434 0.56792 -3.6966 14.081 -14.889 10.335 -7.1358 -7.7559 6.4748 -8.6155 8.9016 -5.4771
0 0 2 0 65.564 -14.199 6.1866 1.1813 -2.3003 9.1832 -13.213 5.8552 -7.095 -4.5363 6.3385 -6.3096 9.3584 -2.6531
0 0 2 0 65.656 -12.144 8.1326 -0.11473 -2.1782 11.612 -13.777 10.426 -6.2633 -0.17893 5.9644 -11.615 7.1745 -6.8268
0 0 2 0 65.427 -12.321 9.2344 0.91933 -1.136 11.925 -16.044 8.624 -7.3334 -4.5042 5.8385 -11.033 4.1534 -5.5854
0 0 2 0 66.781 -12.626 8.1898 3.5111 -1.2929 8.9584 -12.474 9.9292 -7.3603 -2.8999 9.6051 -8.4633 9.4247 -4.0292
0 0 2 0 65.123 -14.354 9.842 -1.8787 -1.391 9.2004 -12.451 7.7797 -7.0144 -2.5689 0.60554 -11.167 4.2336 -4.9715
0 0 2 0 68.812 -13.025 7.717 -4.2808 0.091472 4.566 -7.9429 7.5739 -5.042 1.2628 2.314 -4.2499 5.5742 -3.8028
0 0 2 0 69.039 -11.152 6.3218 -3.6696 -1.2821 6.0077 -9.4982 9.0659 -6.4196 0.64223 4.4866 -6.9448 6.5927 -4.8973
0 0 2 0 69.506 -12.076 8.2998 -5.1052 0.35252 3.6872 -7.4114 6.5719 -6.1352 1.5843 1.1141 -5.2441 4.415 -5.7464
0 0 2 0 65.198 -13.7 8.9816 0.80316 -2.7138 10.042 -12.592 11.195 -9.1319 -3.0797 4.5815 -7.1919 7.1274 -7.5817
0 0 2 0 65.666 -13.309 7.0964 2.1176 -2.2915 13.497 -13.439 12.014 -7.4717 -5.0892 7.918 -8.1888 7.4371 -5.3809
