1 0 1 0 69.478 -16.336 14.817 -8.5407 6.0443 1.1682 -4.2197 9.5538 -8.01 3.6181 -2.2089 -0.084106 3.4168 -0.7533
1 0 1 0 69.235 -16.424 16.014 -5.6472 6.3478 -0.14604 -4.5121 10.057 -6.2846 4.4159 -3.9465 -0.7698 2.3559 -0.90111
1 0 1 0 69.531 -15.181 15.214 -7.0629 5.5218 0.7841 -2.6941 10.843 -5.8396 4.9522 -3.23 -1.7995 2.9592 -0.63003
1 0 1 0 69.087 -15.668 15.908 -6.6706 7.6389 0.99121 -3.2377 10.221 -1.7553 9.1089 0.60442 0.85034 0.012483 -1.3672
1 0 1 0 69.126 -15.795 15.553 -6.352 7.9932 0.97664 -3.1401 10.079 -2.6362 8.9872 0.75892 1.0851 0.39883 -1.5577
1 0 1 0 68.919 -14.904 14.163 -8.1478 5.271 1.9919 -2.6896 8.3017 -4.7068 8.541 -1.7769 -1.3193 3.2568 -1.6734
1 0 1 0 70.778 -15.499 14.128 -7.3532 5.8907 0.73343 -3.1099 8.9375 -4.6034 5.3778 -2.4474 -4.7598 0.79563 -0.86633
1 0 1 0 69.944 -15.795 15.355 -7.6514 8.3786 2.3297 -2.2762 7.1526 -4.7377 4.7726 -2.8614 -2.8126 1.1388 -0.091312
1 0 1 0 69.208 -15.901 15.031 -9.2668 6.4698 1.0442 -3.2785 9.4273 -5.4764 7.0341 -0.34206 0.98282 3.9117 -1.51
1 0 1 0 68.834 -15.472 14.931 -9.1538 6.1355 0.96499 -4.1634 9.3802 -6.6273 4.936 -2.4757 -0.79032 2.7418 -1.6573
1 0 1 0 68.975 -15.614 14.975 -9.4317 6.9317 1.2316 -4.8942 9.5941 -5.5944 5.8791 -1.4172 -2.588 0.42754 -0.031891
1 0 1 0 68.775 -15.141 15.12 -7.3644 7.1384 -0.52184 -5.8063 9.2671 -7.4776 3.3112 -3.3649 -1.4642 0.31734 -2.5344
1 0 1 0 69.217 -15.585 13.227 -7.7584 7.5599 1.7038 -2.8561 9.0416 -6.5599 3.5503 -4.1455 -0.50762 1.3873 1.4991
1 0 1 0 68.75 -15.745 14.014 -6.1824 5.3375 1.8828 1.0614 7.808 -5.5778 5.1139 -2.3986 -1.6588 -0.63525 -4.4826
1 0 1 0 72.063 -17.815 10.409 -2.6578 7.581 -3.2151 0.089126 10.719 -6.7068 1.4964 -1.7663 1.9994 1.3942 -4.3494
1 0 1 0 71.443 -18.422 10.473 -2.1699 8.7419 -3.9558 -0.24885 13.227 -4.2005 3.8001 -2.7815 -1.5348 -0.41433 -3.6158
1 0 1 0 70.968 -18.074 10.92 -2.919 9.1603 -5.0734 -2.2313 10.402 -8.6158 1.9946 -4.4671 -0.6718 -0.94199 -4.089
1 0 1 0 70.7 -18.298 10.639 -4.6878 7.5764 -4.515 -1.2531 11.523 -6.4719 1.9836 -2.239 1.1843 -2.7146 -5.7175
1 0 1 0 70.088 -18.3 11.769 -1.4254 9.5833 -4.6929 -3.1156 11.438 -8.6935 -0.45605 0.26445 0.98991 -1.7576 -6.252
1 0 1 0 69.639 -18.504 10.707 -2.6868 11.052 -3.3964 -0.68295 13.904 -8.6885 0.86262 -1.1112 2.9695 0.41112 -5.4093
1 0 1 0 69.772 -18.324 11.151 -0.65806 11.122 -3.539 -0.88914 13.675 -7.5094 1.6111 -2.3656 2.2306 2.4272 -5.8914
1 0 1 0 69.673 -17.798 11.912 -3.0548 10.433 -5.858 -3.6892 11.632 -9.0513 0.042243 -3.5183 -1.3193 -2.2108 -7.1035
1 0 1 0 69.218 -17.525 10.861 -3.8752 9.8017 -4.931 -4.1435 10.901 -8.9237 4.5557 -3.8424 -1.146 1.6762 -5.0732
1 0 1 0 70.775 -16.781 13.62 -6.5939 7.0811 2.8641 -3.9661 9.7317 -5.5829 3.0663 -3.673 -0.69711 1.055 -1.7891
1 0 1 0 69.551 -16.763 14.771 -7.9655 9.7923 3.5389 -5.6119 6.3196 -7.6609 3.218 -1.8621 -0.73158 0.23637 -0.93417
1 0 1 0 69.509 -16.602 15.412 -7.3767 9.8141 3.2738 -7.0082 6.5465 -6.6147 3.4236 -2.5197 0.24707 0.82824 -2.2807
1 0 1 0 69.15 -16.671 14.968 -7.4532 9.5627 2.8819 -7.61 6.2799 -6.053 4.4156 -2.1442 0.46955 2.1344 -2.7331
1 0 1 0 69.125 -16.604 14.21 -8.7933 5.5307 0.79786 -1.0385 6.5267 -10.476 5.4161 -1.6375 -2.0191 -0.55217 -1.0592
1 0 1 0 68.9 -16.735 15.026 -7.937 6.2996 1.5771 -0.79554 6.7027 -10.69 5.1918 -0.50294 -2.8737 -0.65823 -0.2967
1 0 1 0 70.68 -16.35 16.607 -7.4793 7.5735 -0.015558 -3.8773 9.949 -7.5129 3.7107 -4.0838 0.25781 0.54347 -3.3513
1 0 1 0 70.089 -15.86 17.224 -8.7308 8.0408 1.4025 -4.0487 9.9913 -6.1741 6.2553 -2.1938 -1.0911 -1.1341 -3.7024
1 0 1 0 70.195 -16.306 16.521 -7.9779 7.7666 0.82993 -1.993 8.9016 -7.489 6.4852 -0.68012 0.30544 0.28914 -2.8476
1 0 1 0 69.685 -16.751 16.037 -6.0193 7.817 2.5673 -1.9062 7.7239 -8.2667 3.7577 -1.3328 -0.73292 4.562 -0.98861
1 0 1 0 69.374 -17.375 15.6 -7.0325 8.7563 5.4271 -3.3332 8.511 -5.4413 2.7395 -3.4883 -0.46682 4.783 -2.1902
1 0 1 0 72.343 -16.194 16.777 -6.3046 6.5142 1.5721 -3.5827 7.3259 -8.2673 2.521 -3.1216 0.10654 0.60472 -2.2508
1 0 1 0 71.728 -16.703 16.361 -6.821 9.1775 0.66279 -6.5273 8.288 -9.1996 4.2771 -0.9883 -0.0068131 2.3327 -0.99613
1 0 1 0 71.171 -16.184 18.237 -7.1067 8.638 0.94821 -4.8014 8.448 -8.1292 5.9751 -3.3659 0.86162 3.5891 -3.277
1 0 1 0 70.311 -16.569 18.357 -7.728 10.271 2.9708 -4.8683 11.6 -8.3317 3.1156 -2.4258 -3.7357 0.36713 -0.85514
1 0 1 0 70.384 -16.719 18.224 -7.062 8.4832 3.4006 -3.8534 8.3502 -10.3 1.37 -4.0678 -1.5236 -1.4129 -4.3424
1 0 1 0 70.24 -16.377 16.959 -8.0118 6.96 0.35838 -5.9317 11.69 -7.3247 0.6874 -7.0157 -2.9175 -0.012415 -2.4495
1 0 1 0 70.174 -16.028 16.974 -9.0349 7.1873 2.8068 -3.228 9.036 -5.4267 4.9773 -2.567 -1.0551 0.93365 -0.23096
1 0 1 0 73.892 -17.527 13.352 -1.9897 10.086 -5.3504 -1.1322 12.828 -8.7518 0.81923 -1.2379 4.1464 0.87398 -6.2636
1 0 1 0 73.459 -18.076 13.636 -1.5661 10.018 -6.014 -0.19533 14.835 -8.6696 0.36414 -1.6638 4.5564 1.0754 -6.3708
1 0 1 0 73.582 -18.02 13.214 -1.2874 10.976 -4.751 0.0456 14.571 -9.3402 1.457 -2.8867 1.5283 -0.09456 -5.7069
1 0 1 0 73.484 -17.966 13.319 -1.3424 9.8682 -5.5663 -0.66001 11.592 -7.9398 1.4979 -3.097 2.328 0.61706 -6.0917
1 0 1 0 72.96 -18.198 12.425 -1.3162 12.922 -2.6301 -2.9032 9.666 -7.3754 3.3935 -1.6535 3.5229 -0.028999 -6.489
1 0 1 0 72.193 -17.48 12.496 -3.792 10.433 -3.7222 -1.296 13.045 -7.5008 6.0092 -2.4342 -0.21888 2.4614 -6.4176
1 0 1 0 71.74 -16.579 14.526 -2.5085 11.517 -0.85207 -1.3778 13.491 -10.379 2.9272 -3.8163 -0.63425 0.46823 -4.2221
1 0 1 0 70.204 -15.206 19.827 -4.8402 10.74 4.0363 1.1383 11.637 -7.9322 4.7563 -4.1944 1.1052 5.1019 -1.9255
1 0 1 0 70.108 -15.674 15.914 -7.8996 8.6951 2.7762 -4.8393 7.5994 -8.9322 3.0954 -3.5104 1.8781 1.3089 -1.9112
1 0 1 0 71.191 -17.308 15.117 -7.0314 6.8827 3.2493 -6.3485 9.8634 -9.964 4.1754 -4.9924 1.5027 1.4856 -1.4655
1 0 1 0 71.115 -15.854 15.314 -6.9564 7.2355 3.2255 -3.8122 8.9474 -12.983 8.1058 -6.3539 2.3077 2.5694 -1.8761
1 0 1 0 70.807 -15.744 17.126 -7.0772 7.2433 4.4924 -2.3186 11.015 -9.9379 6.849 -6.5895 0.038743 2.2049 0.32434
1 0 1 0 70.584 -15.762 17.377 -8.998 7.7874 2.0843 -5.9785 10.979 -10.273 5.1414 -4.2924 0.4748 2.6811 -1.4308
1 0 1 0 69.976 -16.792 16.758 -7.0506 7.5861 6.6659 -7.2402 9.1714 -8.3442 6.3153 -0.21467 -1.1237 -0.69954 -2.0884
1 0 1 0 70.006 -16.507 14.927 -6.2276 7.3787 4.9719 -10.02 10.39 -1.1864 0.34341 0.75463 -1.6716 1.8605 -1.4879
1 0 1 0 69.648 -17.093 14.929 -5.9859 6.1652 5.4233 -7.2137 10.21 -0.44738 0.10885 -0.40403 -1.734 3.2879 -3.1243
1 0 1 0 71.986 -16.676 15.592 -5.5436 9.5681 6.199 -6.8194 7.7416 -7.4772 3.515 2.8853 -1.5702 1.8785 -0.52604
1 0 1 0 71.044 -17.277 15.603 -5.2253 6.6044 5.6039 -6.2858 9.0893 -1.3038 3.3929 2.7363 -0.66999 3.4993 -0.61193
1 0 1 0 71.641 -16.816 14.123 -4.5044 8.9289 5.6461 -10.995 8.0377 -2.4438 -1.308 0.57322 -1.1004 3.7162 -1.9315
1 0 1 0 71.547 -16.621 14.586 -3.9597 9.8114 6.9356 -10.952 8.858 -0.48613 -0.71938 0.8735 -2.1147 1.1775 -3.5139
1 0 1 0 71.441 -16.678 14.807 -3.6854 9.9172 7.0223 -11.029 9.4441 -1.0405 -0.39513 1.2273 -2.5596 0.79169 -3.6297
1 0 1 0 71.415 -16.704 14.645 -3.4867 9.8177 6.3873 -10.524 9.8815 -2.2211 0.19966 0.62188 -3.7691 0.75146 -2.7751
1 0 1 0 70.653 -17.166 15.073 -5.6097 10.098 4.3781 -7.8217 10.79 -9.2491 2.1961 -1.2889 -1.044 2.7156 -2.7956
1 0 1 0 70.217 -17.272 13.773 -6.6325 6.0339 -0.46833 -5.9211 10.813 -12.779 4.6288 -1.8208 -1.7906 3.0145 -3.9221
1 0 1 0 71.037 -17.945 11.603 -2.3976 8.2186 -5.7874 -5.4074 12.045 -9.2336 3.6674 -1.2502 -2.4559 -0.66844 -6.2642
1 0 1 0 69.686 -18.033 12.228 -0.45393 9.5073 -2.8336 -1.8392 11.345 -10.098 0.34159 -5.1416 -1.5035 3.1307 -4.2301
1 0 1 0 73.01 -18.294 12.145 0.27278 9.859 -0.65253 -6.5574 11.105 -8.2207 -0.16971 -4.193 1.4451 1.2797 -3.696
1 0 1 0 72.958 -18.59 12.514 -0.54568 9.0481 -1.985 -5.8407 10.648 -9.444 -1.6688 -4.6547 1.9663 4.0682 -1.9167
1 0 1 0 73.268 -18.048 12.173 -1.9871 8.269 -2.2126 -5.249 10.416 -9.9491 -3.9553 -6.2847 -0.040814 3.0648 -2.4497
1 0 1 0 72.666 -17.477 11.144 -2.237 8.2624 -1.3626 -5.1144 13.851 -6.9627 2.6703 -2.5835 0.2273 1.8385 -3.5058
1 0 1 0 72.233 -17.518 12.532 -2.2857 7.9281 -4.3234 -4.5587 14.016 -10.1 1.0109 -6.7938 -0.049157 2.9728 -3.9061
1 0 1 0 71.41 -18.033 10.871 -3.8392 8.8256 -2.4696 -4.2855 12.278 -9.223 3.5986 -4.8588 1.588 2.2271 -1.6185
1 0 1 0 70.644 -17.482 11.942 -3.8679 9.5216 -0.37849 -4.4956 12.496 -9.6555 5.6501 -5.5735 0.38469 0.56574 0.23884
1 0 1 0 71.318 -16.528 17.086 -8.2572 9.2021 3.459 -9.1185 9.8719 -7.4504 3.6857 -4.6881 0.68058 2.2689 -1.5154
1 0 1 0 71.501 -16.954 17.572 -7.1703 10.445 3.0678 -8.2569 10.794 -7.1504 3.9341 -6.2073 1.232 1.8121 -1.9445
1 0 1 0 71.015 -16.919 16.679 -6.6646 9.7519 3.1016 -7.8733 11.026 -7.857 3.5649 -5.6628 -0.72925 0.68951 -0.48026
1 0 1 0 71.613 -16.261 16.772 -6.2652 11.832 3.8181 -5.8466 11.638 -7.4594 4.5038 -3.969 -1.7644 1.1572 -0.18904
1 0 1 0 70.736 -16.792 14.494 -6.8709 11.818 5.0314 -3.5212 12.323 -8.9783 3.5737 -3.7234 0.75215 1.4907 -4.9892
1 0 1 0 70.683 -16.484 14.288 -6.7324 8.7646 1.1363 -7.9909 10.044 -5.5694 5.0547 -4.785 0.20639 1.4256 -2.622
1 0 1 0 70.126 -17.424 14.514 -7.9486 8.7916 0.6287 -5.8779 12.582 -4.5047 4.2052 -4.8557 0.13911 1.856 0.16006
