0 1 1 0 59.517 -12.457 8.3761 0.33648 -7.4528 7.7684 -10.085 3.2738 -4.2778 0.42371 -3.1011 0.08593 -2.8755 -3.997
0 1 1 0 62.306 -10.489 5.8091 0.74457 -5.9868 8.0374 -8.9005 3.7654 -1.8038 -1.6733 2.328 -3.4339 4.0167 -5.2302
0 1 1 0 58.209 -11.137 7.5275 -1.7615 -2.5218 5.111 -3.095 4.9892 -4.4199 1.0334 0.028903 -0.13797 0.12283 -2.699
0 1 1 0 60.19 -11.333 6.5453 -2.1663 -3.5215 6.4131 -7.0256 5.55 -4.5061 2.0294 -1.0468 -0.60468 1.9171 -2.7455
0 1 1 0 60.37 -11.931 6.4279 -0.29445 -6.3606 9.4489 -7.3937 5.2364 -2.1391 -3.1627 3.3331 -3.963 2.506 -2.3578
0 1 1 0 58.42 -14.949 7.3339 1.4204 -5.3191 6.5769 -3.0824 2.0738 -0.47473 -2.3466 1.1433 -1.7595 0.016491 -2.1222
0 1 1 0 58.703 -11.11 6.5767 -3.9837 -1.2268 4.8501 -7.5232 8.1462 -7.8914 4.9808 -2.2111 -0.42485 1.7038 -2.4785
0 1 1 0 57.167 -13.223 7.6826 -0.85843 -4.8823 9.3744 -7.0034 4.657 -5.2132 -2.825 4.2015 -7.3861 5.1577 -6.0512
0 1 1 0 57.279 -12.53 8.1167 -0.88117 -5.5413 6.3267 -5.6617 3.1149 -2.6185 -1.4552 4.7744 -5.4935 3.9906 -3.8098
0 1 1 0 61.139 -9.6098 5.1341 -3.6053 -1.0011 3.8876 -6.467 6.9245 -6.1039 4.5144 -3.0732 1.1406 0.89784 -2.3221
0 1 1 0 60.278 -11.675 6.1452 -0.053741 -5.3824 7.918 -5.9345 2.2142 1.6071 -3.5692 4.8657 -5.3119 3.7245 -5.1941
0 1 1 0 56.21 -15.844 9.7083 1.4051 -5.2529 5.466 -2.5689 1.3184 -0.13462 -0.46465 2.0675 -0.35345 1.0009 -4.568
0 1 1 0 60.996 -11.365 5.9772 -2.1772 -2.3569 4.8568 -4.6429 3.1742 -1.4814 0.30826 -0.69032 1.2609 -1.0633 -0.3111
0 1 1 0 58.427 -13.813 7.6324 -1.5608 -6.0821 7.5911 -3.6101 4.1291 -1.6842 -0.87737 -0.88863 1.5036 -0.3981 -3.0943
0 1 1 0 62.404 -10.816 5.086 -0.097407 -5.5407 6.9762 -5.2503 2.0036 0.066891 -1.6862 2.3722 -2.8957 3.3147 -3.4419
0 1 1 0 59.921 -9.9209 6.1151 -4.5466 -0.40808 3.85 -7.8248 8.785 -8.2341 5.1964 -2.4702 -1.6764 1.6248 -4.7674
0 1 1 0 58.592 -12.047 7.8365 -3.0261 -3.2613 7.7935 -10.11 7.9129 -3.2706 -1.5692 6.3506 -7.3895 5.4007 -5.2729
0 1 1 0 56.194 -13.203 8.274 -1.7718 -2.5028 8.0739 -5.8599 3.8692 -6.6216 0.34707 -0.43262 -2.2454 2.9152 -5.5684
0 1 1 0 58.076 -13.894 7.0595 1.924 -5.7065 8.06 -1.7951 4.8386 -2.7726 0.3905 0.83146 -3.6142 -0.7121 -4.0239
0 1 1 0 59.209 -14.229 6.6678 0.163 -6.4174 5.9372 -3.1985 0.94753 -2.0432 -2.5648 1.4376 -2.4432 -0.89828 -3.4608
0 1 1 0 57.711 -14.801 6.9808 1.7984 -4.4053 5.4467 -4.6571 5.3049 -5.768 5.4003 -2.8962 0.38597 2.1463 -5.8267
0 1 1 0 59.407 -13.779 5.4021 1.1872 -6.3876 6.1684 -6.0839 3.4911 -5.3452 2.711 3.3719 -3.482 7.1327 -5.9719
0 1 1 0 58.95 -10.928 6.6039 -4.4558 0.19831 3.8511 -7.5196 8.8324 -7.962 4.8454 -1.5558 -0.57334 1.1683 -3.124
0 1 1 0 60.064 -10.273 5.3908 -2.1029 -3.4301 6.6903 -8.3089 7.3206 -3.8352 0.14365 3.2932 -5.7878 5.1702 -4.8102
0 1 1 0 63.802 -13.392 2.3206 -3.1749 1.0139 -0.36263 -0.13762 0.97278 0.53631 -1.9915 2.013 -2.5302 0.56624 -2.0123
0 1 1 0 57.482 -11.939 10.233 -5.3281 0.35195 6.4628 -10.427 7.5997 -12.176 0.06256 -4.1373 -3.584 0.029389 -2.7418
0 1 1 0 59.45 -11.113 8.997 -2.9304 -2.056 6.918 -8.5594 7.6444 -4.8114 -4.0323 4.2315 -8.0475 4.3879 -4.9957
0 1 1 0 59.077 -11.556 9.9647 0.37106 -4.0061 6.5148 -9.3185 3.4643 -6.3871 -3.2776 3.2926 -1.6429 1.6866 1.3253
0 1 1 0 59.206 -12.943 9.8957 0.47025 -2.2672 8.8408 -6.8759 -1.1779 -5.5638 -6.6319 0.17031 -1.9895 0.49423 5.429
0 1 1 0 58.987 -12.285 9.7764 0.75526 -3.709 8.6112 -7.566 0.46822 -7.1263 -5.3392 1.234 0.049182 -2.9581 2.6437
0 1 1 0 57.826 -13.529 9.7015 -0.90766 -2.2414 8.231 -5.5094 8.313 -10.023 3.2459 -4.5005 -1.2113 1.5087 -3.159
0 1 1 0 61.324 -10.908 6.8139 -2.5456 -1.6061 5.5376 -5.3137 5.8423 -6.3324 0.1632 1.7895 -6.047 5.5625 -6.6068
0 1 1 0 57.227 -11.152 9.8564 -4.7778 0.056724 7.3139 -9.6372 8.1746 -13.487 4.4985 -3.9487 -2.6019 0.92515 -4.6191
0 1 1 0 60.487 -10.149 7.4967 -3.5977 -1.742 6.7532 -8.0763 6.7383 -7.2344 -5.4443 2.5941 -9.079 6.9036 -7.1636
0 1 1 0 57.595 -13.391 11.295 -0.18181 -6.3593 7.2952 -6.621 2.7882 -3.3442 -5.3499 1.0545 -3.13 -3.3519 -1.6623
0 1 1 0 57.685 -13.997 10.166 -1.9201 -6.4827 10.429 -8.7305 1.5296 -8.7981 -0.25082 -4.6323 -2.9051 -5.9952 -6.5976
0 1 1 0 61.648 -11.721 7.9654 -1.258 -4.6668 7.6761 -6.4328 0.89595 -3.1516 -2.6552 0.59376 -4.0528 3.0813 -5.6722
0 1 1 0 56.013 -12.797 11.424 -5.0295 -1.8717 7.5162 -9.8102 6.8741 -9.9537 5.6751 -4.6473 -2.582 0.50233 -4.0646
0 1 1 0 58.142 -12.82 8.6879 -1.2372 -1.6064 8.5368 -8.1243 7.0163 -6.3528 -2.9454 2.061 -6.9939 4.6163 -6.1383
0 1 1 0 57.298 -11.584 9.6485 -3.4134 -1.6294 7.6363 -11.61 10.054 -12.082 5.0298 -5.3838 -2.0758 2.1354 -4.2837
0 1 1 0 60.3 -10.896 7.5058 -3.0107 -2.477 7.766 -9.0173 7.3188 -4.4678 -1.8783 3.6139 -6.2555 5.4536 -3.799
0 1 1 0 60.86 -12.473 8.443 -0.10677 -3.0351 4.8188 -3.3138 -1.8331 -2.3275 -6.2186 2.6086 -2.3771 0.061773 -3.3024
0 1 1 0 60.521 -11.755 5.3176 1.6021 -5.6424 5.0513 -3.1111 1.413 1.0487 -0.29958 -0.48881 -4.0268 1.9188 -4.1552
0 1 1 0 61.148 -9.0737 4.0576 -1.0284 -3.3498 3.8622 -5.6266 1.9035 1.6824 -4.9305 6.1494 -7.7844 3.9298 -1.4796
0 1 1 0 60.067 -11.18 4.6034 -0.64186 -3.4743 3.8735 -4.4367 2.1113 2.3321 -5.8378 5.2875 -6.8675 4.8155 -4.0318
0 1 1 0 59.021 -12.848 6.8696 -4.6239 -3.3081 3.3129 -5.3959 5.7474 3.0047 -2.4315 4.3812 -6.1251 2.4591 -2.2734
0 1 1 0 60.004 -12.541 5.4729 0.085177 -9.1457 6.9682 -7.2798 2.6478 1.1931 -3.2266 1.8509 -1.1204 0.83727 -1.9885
0 1 1 0 58.67 -12.007 6.0479 -0.17878 -2.362 2.4362 -4.4027 4.7293 -4.5266 5.355 -2.4883 0.17419 1.2713 -4.1348
0 1 1 0 59.142 -12.334 7.0756 -2.6686 -4.4206 3.7848 -5.2028 0.42356 2.7471 -6.3734 8.3768 -9.7998 3.5486 -1.0288
0 1 1 0 60.273 -10.068 5.5324 -2.6609 -2.4013 3.7761 -6.4305 3.4558 1.5657 -5.6113 7.116 -8.3907 3.1808 -4.7177
0 1 1 0 57.739 -12.825 6.4364 -2.031 -1.3863 3.6412 -4.9912 4.9369 -2.8066 -0.36617 -3.4474 -2.719 -0.08646 0.28913
0 1 1 0 57.968 -12.547 6.2506 -2.8349 -5.4833 7.0502 -8.0651 8.8039 1.36 -2.5867 5.4664 -3.5071 4.5071 -3.7017
0 1 1 0 58.875 -10.775 4.9943 1.0324 -3.414 5.5215 -6.2668 3.1243 -0.5438 0.50285 5.935 -8.6845 3.0706 -4.7769
0 1 1 0 59.173 -10.832 6.3021 1.2003 -4.4092 5.6381 -5.8362 2.4556 1.0085 -4.4504 5.1259 -6.6104 4.0401 -2.9214
0 1 1 0 58.948 -10.407 5.4087 -0.24521 -4.6848 7.5049 -6.7467 4.86 1.0119 -4.3768 5.4575 -5.2161 3.9133 -5.9857
0 1 1 0 59.323 -13.046 8.1895 -3.0486 -3.9943 3.6285 -2.848 1.4859 -0.9748 1.9285 -4.3295 2.7689 -0.59252 -2.3472
0 1 1 0 59.025 -13.851 8.9856 0.75536 -4.8035 2.8725 -5.3583 2.5216 -1.3734 -1.4972 2.1541 -3.1888 1.0567 -2.5756
0 1 1 0 60.757 -11.582 5.5869 0.34589 -4.8751 5.6612 -4.8263 0.46346 1.8497 -2.9499 2.5388 -2.976 2.4656 -3.1725
0 1 1 0 59.23 -10.306 5.9497 -0.25277 -5.665 5.006 -8.5689 2.247 1.4501 -7.3582 7.5225 -8.8862 4.431 -1.4907
0 1 1 0 61.107 -9.7216 5.5055 -1.3027 -3.0942 5.5221 -7.9964 5.0097 -1.0735 -2.4881 3.5758 -5.724 1.678 -1.3134
0 1 1 0 60.243 -10.04 5.5029 -1.9222 -3.6799 4.2475 -6.092 5.5449 -5.7894 0.65681 0.69591 -2.1796 2.6709 -2.4344
0 1 1 0 63.122 -13.555 1.8166 -2.7718 1.2154 0.58821 -0.68096 1.454 -1.67 0.6464 0.74766 -1.4731 -0.50967 -2.2901
0 1 1 0 58.654 -12.16 8.6096 -4.9943 1.0177 2.3667 -1.3574 2.5181 -4.6955 3.5606 -3.7067 2.4718 -0.99733 1.9603
0 1 1 0 57.469 -13.651 8.5747 -2.2505 -2.0818 8.1822 1.2191 5.8763 -5.7024 -0.45109 -0.99014 0.20575 1.358 -0.3257
0 1 1 0 58.643 -13.013 7.0908 -1.2328 -3.6004 9.6963 2.7013 6.4055 -5.3266 -2.1465 -1.4315 1.0567 2.0241 -1.5275
0 1 1 0 60.608 -13.175 7.0747 -1.4049 -4.5123 4.8449 -1.3877 0.54944 -3.2551 0.7208 -4.5943 1.2297 -0.38588 -1.2803
0 1 1 0 61.604 -10.243 5.4561 -3.7086 0.83112 -0.66084 0.32818 0.20141 -2.9553 3.5397 -4.5361 2.6629 -2.613 1.2365
0 1 1 0 60.039 -10.37 5.3336 -3.6511 -1.7084 1.6612 -1.5508 3.9028 -5.9322 4.0765 -4.7474 -0.15735 1.6815 -2.6591
0 1 1 0 60.541 -12.27 8.7628 -6.2274 1.5002 2.4514 -1.5882 3.0528 -1.0472 -0.59118 -1.1209 0.40607 -1.38 1.784
0 1 1 0 57.316 -13.713 8.8863 -6.2844 1.1956 0.046953 0.56183 2.1227 -3.1286 2.9374 -2.2804 0.61201 -1.8468 2.197
0 1 1 0 58.937 -11.606 5.9448 -3.814 -1.1492 5.4179 -3.1816 4.2644 -4.5324 0.6215 -0.80211 1.8638 -0.90306 1.7961
0 1 1 0 59.621 -13.368 5.7827 2.6103 -4.4184 6.722 2.0381 1.4027 -0.78455 -0.45045 -4.3742 2.4438 -0.011786 -3.4609
0 1 1 0 60.779 -11.34 6.7701 -5.0588 1.3525 0.36472 -1.2558 3.5483 -4.6674 2.8439 -3.13 0.51977 -1.6533 -0.092428
0 1 1 0 61.03 -10.646 5.9898 -4.6271 0.36244 2.026 -3.4514 5.1311 -5.8884 3.3405 -3.0078 2.0332 -1.1518 0.052023
0 1 1 0 60.35 -10.853 6.9277 -6.7432 2.4637 0.6951 -1.6256 5.09 -5.4346 3.1542 -4.3296 2.0145 -0.96779 -0.89525
0 1 1 0 58.462 -12.324 6.3044 -4.8879 -0.94761 4.8997 -3.6615 10.539 -8.9898 0.66264 -4.6996 2.0903 -0.17992 -1.201
0 1 1 0 60.543 -11.621 6.663 -3.8423 1.7382 -1.8539 1.1264 1.5255 -5.2585 5.3656 -5.3476 3.6493 -2.9444 1.3669
0 1 1 0 59.971 -11.481 6.3175 -2.6294 -0.095264 0.30621 -0.47778 3.7696 -8.9491 5.83 -6.5317 2.9804 -2.2635 0.82753
0 1 1 0 59.423 -11.488 7.1158 -6.5876 2.5706 0.31629 -0.89895 4.9998 -4.9603 2.8304 -4.3459 4.0683 -2.6716 2.9046
0 1 1 0 57.188 -13.309 7.6627 -4.2281 1.8884 4.5998 -3.3814 11.375 -7.5122 0.44672 -7.8125 0.18952 -1.5576 0.81637
0 1 1 0 61.389 -10.634 5.165 -2.2528 -0.90871 0.61947 -0.6797 1.1869 -3.9075 4.2728 -4.2924 0.80673 -2.3194 1.2455
0 1 1 0 58.018 -14.087 7.4419 -0.042968 -3.2032 4.7027 1.6374 2.6621 -10.401 0.79786 -6.0943 -1.6731 1.2745 -1.6835
0 1 1 0 60.111 -10.573 7.0256 -5.8481 4.4449 0.099066 -0.7802 3.2849 -6.1493 3.3766 -6.1374 3.3422 -3.936 -0.50519
0 1 1 0 58.788 -11.779 5.7391 -5.2957 2.3541 2.1553 -2.3288 5.621 -10.223 3.6179 -5.7501 2.4617 -1.9495 -1.0999
0 1 1 0 61.222 -10.478 6.8517 -4.2665 1.9925 -0.91642 0.83615 0.28714 -3.924 3.4105 -4.8087 2.0473 -2.5192 0.96105
0 1 1 0 61.296 -10.141 6.0786 -3.8402 0.8195 0.43776 -1.6927 3.0255 -6.3203 4.7874 -5.3606 1.7451 -2.3239 -0.60379
0 1 1 0 60.694 -11.421 6.4426 -0.47225 -3.0084 4.9569 -2.6234 2.9187 -2.9313 -1.7969 2.4243 -7.1654 3.5472 -3.8788
0 1 1 0 60.303 -10.515 7.7657 -6.3594 3.2886 0.049182 -1.7987 4.1707 -4.8888 3.8202 -4.077 1.9634 -2.8158 1.5807
0 1 1 0 58.455 -11.264 8.0358 -5.1637 1.318 3.9553 -4.7327 6.032 -5.6875 3.022 -3.6817 1.8617 -0.91577 -1.3215
0 1 1 0 57.051 -14.72 8.5142 -5.4602 3.354 -0.74774 2.7349 3.1978 -7.7814 1.6776 -6.0952 2.3269 -1.2074 0.76435
0 1 1 0 57.655 -12.328 7.9509 -5.5099 1.384 -0.45654 1.1346 5.62 -8.4067 0.56293 -2.2635 -1.3119 1.359 -4.3963
0 1 1 0 56.668 -12.146 7.9769 -3.8873 -3.6744 6.4152 -4.8176 5.2887 -11.758 2.5514 0.70565 -2.8364 1.8396 -3.2341
0 1 1 0 57.726 -12.77 7.4239 -3.5146 -2.6936 5.9156 -0.60378 5.3709 -10.34 -0.18874 -1.64 -1.9846 4.7948 -2.2941
0 1 1 0 58.609 -10.828 5.9991 -4.2652 -0.52719 3.2225 -4.593 5.1098 -5.8761 1.4316 -0.89472 -1.2522 1.5502 -2.6362
0 1 1 0 57.837 -12.614 8.4288 -4.4685 -2.0732 4.8829 -3.1726 2.6742 -3.9027 -0.25386 -2.7417 -0.39092 0.65246 -0.7843
0 1 1 0 58.595 -13.592 8.3629 -1.5158 -4.8091 5.6498 -0.98135 0.89659 -1.6615 -6.7832 2.6755 -4.3962 3.8666 -3.2813
0 1 1 0 60.416 -10.879 5.6844 -2.8775 -2.7965 3.3436 -2.3281 3.4515 -4.5431 0.51332 0.098702 -1.3461 3.6667 -2.7745
0 1 1 0 60.115 -12.132 8.0795 -3.0323 -2.1119 3.7422 0.033566 1.6599 -1.7292 -2.4636 4.4123 -5.4642 3.3235 -2.2476
0 1 1 0 59.023 -13.325 10.034 -5.057 -0.066695 4.9961 0.10339 3.8589 -4.7952 -2.2925 -0.67859 0.36798 -3.0281 3.9546
0 1 1 0 57.304 -12.888 8.103 -4.1596 0.23432 4.9542 -1.3229 2.0359 -10.742 -1.0401 -0.094268 -2.2846 5.867 -2.5934
0 1 1 0 58.524 -12.071 9.4944 -5.9857 0.30957 3.4995 0.83081 -0.62901 -1.2782 -3.8327 0.54101 0.91675 -0.91927 0.31736
0 1 1 0 57.266 -11.917 7.5867 -2.7513 -5.602 7.977 -3.8672 3.9137 -7.2464 -2.6143 1.2725 -1.8935 5.132 -1.6455
0 1 1 0 58.259 -13.009 10.246 -2.7945 -0.058106 0.45525 3.1663 1.5673 -5.5259 -3.0389 1.4003 -1.6105 3.0345 2.6729
0 1 1 0 57.827 -12.404 8.8194 -1.2078 -5.1914 5.8947 -5.5187 2.5903 -5.7019 -4.4392 4.4834 -2.9355 5.417 -2.635
