0 1 1 0 63.126 -21.511 0.10663 0.81822 7.0597 -7.531 -1.8536 7.1713 1.9373 0.93972 0.12533 -0.37465 0.82378 1.7028
0 1 1 0 64.432 -18.233 2.4955 1.255 5.983 -6.8319 -5.3063 7.0123 0.29008 -2.0533 -1.7356 1.7887 -0.031668 0.043708
0 1 1 0 67.492 -17.333 2.7365 -1.6548 -0.50224 -0.07644 -3.9198 5.583 7.6859 -10.433 1.7427 -1.731 -0.64022 3.8875
0 1 1 0 68.482 -16.282 4.4399 -0.78321 4.0203 -5.4156 -2.2363 5.1515 -1.5891 -0.91211 0.15633 -1.1257 0.9037 -1.3798
0 1 1 0 65.987 -19.607 2.7589 -0.14882 5.4824 -3.0669 -4.5947 6.2587 -0.90736 -2.1371 4.1332 -2.1353 2.9214 -2.7401
0 1 1 0 64.772 -22.548 0.94061 2.0297 6.7164 -7.2207 -5.1094 6.8198 -0.2655 1.0302 -1.0368 -0.50742 1.5998 -0.34109
0 1 1 0 68.669 -14.533 4.687 0.3338 -1.8714 0.90433 -5.0107 4.5596 1.2004 -7.0568 6.5358 -1.5966 -2.1867 2.1835
0 1 1 0 67.544 -19.263 4.0599 1.9442 1.4845 -4.4992 -4.1676 7.4895 -1.8489 -3.7665 5.6369 -1.4827 -0.21393 2.1842
0 1 1 0 66.195 -16.032 4.8129 -0.23087 1.9374 -3.3899 -2.6302 5.3976 -1.489 -2.6404 1.325 1.7485 -0.47313 0.89259
0 1 1 0 66.717 -16.364 4.318 -0.60639 3.3049 -3.1191 -6.3208 8.9294 -4.3834 0.079987 0.20014 -2.6951 5.3737 -4.1129
0 1 1 0 68.689 -14.625 4.9416 -2.1048 4.4122 -5.5858 -2.602 6.9171 -2.5476 -1.5795 -0.36822 2.2387 -1.0504 -0.54265
0 1 1 0 66.577 -18.768 4.3388 -0.14064 6.3569 -6.7454 -3.1421 6.1043 -2.554 1.0184 -2.4927 1.1398 1.8459 -1.4844
0 1 1 0 69.026 -15.361 4.7425 -0.1369 -0.42367 0.40143 -4.8634 1.0829 5.7071 -8.6578 4.4969 0.95775 -1.2877 2.6248
0 1 1 0 68.175 -14.74 4.0056 -0.41475 3.7851 -5.8984 -1.134 6.2899 -3.7973 -0.34557 -0.091946 1.5661 0.43361 -0.24547
0 1 1 0 66.64 -15.73 3.5836 0.061879 2.3286 -4.2583 -4.5242 8.2755 -4.0327 -1.9242 0.21305 -0.57964 3.2945 -3.6213
0 1 1 0 65.575 -18.613 1.6492 0.60159 3.9915 -3.7713 -4.0479 6.5765 -1.7782 -0.8904 0.22928 -1.5494 -0.39188 -0.90127
0 1 1 0 67.659 -11.92 4.4977 -0.39684 -3.3958 4.009 -6.776 4.0261 1.2373 -6.1712 7.5484 -5.4904 3.0676 1.0721
0 1 1 0 68.847 -14.582 3.0462 1.7835 -3.5023 1.5151 -3.9074 2.4949 5.5535 -7.7673 5.0216 0.30071 -2.1028 1.64
0 1 1 0 66.627 -20.802 1.8921 1.8837 3.22 -3.9777 -4.2061 8.7408 -3.0838 1.6931 -2.2894 -0.49663 1.2821 -3.4301
0 1 1 0 66.499 -20.681 1.8715 2.2726 6.011 -8.6021 -6.7863 9.111 1.2131 -0.17378 -2.2775 0.21985 2.2312 -1.4823
0 1 1 0 64.036 -20.445 2.5727 0.42448 2.9088 -8.228 -8.1281 4.8858 -0.24106 -0.61819 -2.3454 -0.8383 2.8509 -3.8424
0 1 1 0 68.083 -13.415 3.2944 -1.1368 4.0451 -4.6076 -2.6154 4.5976 -1.2542 -0.20134 -0.7734 -0.91045 -0.16056 0.29863
0 1 1 0 69.411 -15.5 3.6962 -0.45152 3.8582 -5.2688 -3.3675 6.5252 -2.1567 -0.50258 -0.31148 0.12233 -0.85503 -0.51874
0 1 1 0 64.78 -20.691 0.87505 1.2256 5.5134 -6.8632 -2.3557 5.7391 -0.4775 1.0529 -0.56912 -0.96689 -0.017979 0.96196
0 1 1 0 67.976 -12.429 5.3081 -1.0575 -2.5331 3.6912 -5.7206 2.9575 1.1928 -6.5203 6.8599 -4.0404 1.3207 3.1967
0 1 1 0 67.412 -18.841 1.4776 1.0203 -1.5818 2.6555 -5.6571 -0.13391 2.8481 -8.3709 7.9848 -1.6488 -0.40115 3.3727
0 1 1 0 66.794 -18.927 2.6588 1.0635 3.7258 -3.3 -5.8147 7.9205 -0.9932 -1.2785 -0.56604 -0.4734 -0.65288 0.72956
0 1 1 0 68.411 -15.569 3.2575 -0.1065 3.3721 -2.2614 -6.0765 6.3872 0.35608 -2.8307 -0.12766 0.7603 0.60636 1.3163
0 1 1 0 67.977 -16.745 2.9061 0.43173 3.345 -0.68538 -7.7165 6.1068 1.5458 -3.9115 0.00041466 0.39969 2.1368 1.0888
0 1 1 0 64.116 -23.019 0.14352 1.4476 4.6823 -7.6481 -6.956 7.1412 -2.9667 1.671 -0.64177 -0.88055 -0.98021 1.5215
0 1 1 0 63.999 -22.343 1.4564 1.4724 7.8415 -4.2174 -7.0363 8.4875 -0.58166 0.021635 -0.64442 -1.0849 5.4855 -1.3355
0 1 1 0 65.306 -22.556 0.25314 0.69024 7.4048 -8.0529 -2.8626 4.2817 -0.18547 -2.1304 -0.60103 0.70276 -0.075291 2.578
0 1 1 0 66.248 -14.73 5.4316 -1.7237 -1.7428 2.0606 -6.1175 5.6308 1.5112 -9.0064 8.5536 -4.1313 0.73102 2.9408
0 1 1 0 69.198 -14.978 3.9408 -0.2278 0.0020613 -0.098833 -3.8794 1.8875 5.9172 -8.0497 4.7469 -2.4528 -1.3535 3.5964
0 1 1 0 64.928 -20.837 1.6464 1.3627 6.2941 -9.1015 -1.1481 6.0933 -1.7937 1.2605 -2.6733 -0.06539 2.3455 -1.1906
0 1 1 0 68.49 -19.194 3.4587 -0.35125 7.751 -8.9189 -2.3106 5.0509 4.5531 -9.6358 4.8243 -0.13079 -0.28074 0.078951
0 1 1 0 65.864 -20.563 -0.37193 1.4505 7.267 -1.7502 -2.8325 8.2325 -1.2783 0.13833 -2.3273 0.023189 1.4854 1.8871
0 1 1 0 64.872 -22.002 1.1404 1.1546 7.6612 -6.3142 -6.0874 5.0314 1.611 -1.5932 -0.25616 0.37058 0.73093 2.8045
0 1 1 0 65.254 -16.451 4.1807 -0.065404 -1.6615 0.79051 -7.0101 4.6141 1.3312 -6.9038 8.6887 -3.8751 2.5797 2.7403
0 1 1 0 68.239 -14.943 3.2643 1.0366 -0.61284 1.7451 -5.609 2.4566 5.3481 -9.4069 6.539 -0.92165 -0.80302 3.6757
0 1 1 0 66.252 -19.916 3.1271 1.2723 5.9249 -6.7666 -4.6107 7.9825 -1.3107 -0.2643 -1.107 -1.0878 0.80107 1.023
0 1 1 0 64.397 -20.935 -0.20091 0.68942 5.9705 -5.3972 -6.1607 11.159 1.0639 0.63851 1.8436 0.74463 0.65795 1.4987
0 1 1 0 65.71 -20.573 1.1719 2.631 6.1599 -7.137 -4.5458 8.7033 -1.5396 -1.7944 -0.98465 1.3314 0.39986 -0.93233
0 1 1 0 66.61 -19.346 2.9837 0.47031 3.3557 -4.7469 -1.5261 5.2317 -5.2979 5.0203 -1.0124 -2.2112 2.398 -1.398
0 1 1 0 68.292 -16.33 3.9902 0.55366 2.2139 -3.808 -1.0181 2.8759 -3.0128 3.6868 -2.2071 -1.5436 2.0385 0.89625
0 1 1 0 65.015 -23.077 0.72057 4.3005 5.1738 -5.4913 -3.4262 5.1565 0.81062 3.7912 -0.47125 0.41287 4.2183 3.8424
0 1 1 0 64.226 -21.809 2.0034 2.6016 7.1002 -8.9038 -4.9356 7.9697 -1.8037 -1.0203 0.48773 0.1837 3.3564 -0.087431
0 1 1 0 66.248 -18.703 3.2503 2.1674 3.0758 -4.7836 -4.6917 6.5239 -0.50478 -2.2025 1.3024 -0.39354 -1.0418 2.1552
0 1 1 0 67.642 -18.2 2.2637 1.7201 6.1137 -7.6361 -3.5004 7.5176 -2.8344 -0.14418 -0.19309 -1.0055 0.031443 0.88766
0 1 1 0 66.565 -16.769 2.1953 0.093604 6.5766 -5.6601 -5.9709 6.6481 0.58743 -0.97737 -2.3201 1.1604 1.9637 -0.66582
0 1 1 0 70.019 -14.281 3.1723 -0.7092 4.7398 -4.9676 -3.21 6.0867 -2.2233 -0.31111 -0.94458 0.87202 2.3987 -1.2252
0 1 1 0 66.764 -17.414 3.0233 0.42836 5.897 -4.768 -6.8153 7.8878 1.0152 -2.1336 -0.55018 -0.93709 2.4495 -0.89063
0 1 1 0 66.919 -13.915 5.0561 -1.2959 -0.71295 1.1621 -5.1203 3.9639 1.8984 -7.2214 7.4721 -5.2858 2.8266 0.64952
0 1 1 0 68.521 -15.508 4.1136 -1.4988 0.50856 0.74918 -3.0995 2.0858 3.9495 -10.442 7.2475 0.40833 -1.418 2.8296
0 1 1 0 65.997 -21.233 0.12978 2.0992 6.9976 -6.5047 -6.5318 6.4884 0.53851 2.6957 -1.4415 2.094 1.1335 -0.45886
0 1 1 0 65.922 -20.897 3.707 2.1642 5.7649 -7.5599 -5.0156 5.5752 -0.2281 -1.8975 -0.36154 1.1482 3.0053 0.026215
0 1 1 0 68.55 -18.059 2.6344 -0.18019 7.99 -7.5816 -3.5262 7.4593 -0.094806 -1.8966 -2.2304 1.2851 -0.84018 -0.37938
0 1 1 0 69.897 -16.749 1.7166 1.3196 4.4429 -4.3128 -4.6162 5.8823 -0.97914 1.0078 -3.2011 0.84744 1.4844 -1.1305
0 1 1 0 70.878 -14.732 4.4123 -1.3304 2.6281 -2.9094 -2.4875 5.1951 -1.4492 -1.5414 -0.058585 1.3971 1.4759 -0.30123
0 1 1 0 69.215 -19.741 0.47406 1.405 7.1188 -5.6299 -3.972 4.1877 2.3483 -1.5432 -2.5519 0.11106 4.7056 -2.5514
0 1 1 0 65.922 -22.773 0.38598 2.8869 7.0197 -5.498 -1.6427 5.6643 0.70389 -4.0744 -0.14628 1.5185 -1.5766 1.366
0 1 1 0 67.419 -17.34 8.1271 -6.4439 8.7795 -7.0376 -3.8406 8.6065 -5.4883 3.5348 -5.432 3.317 0.91132 -3.3087
0 1 1 0 70.208 -17.439 2.4917 1.2449 2.1311 -1.9488 -5.3881 7.3957 0.70937 -6.0373 3.6598 -2.7299 4.2254 -0.38629
0 1 1 0 66.143 -19.631 2.7026 2.1157 5.1706 -8.0947 0.071549 8.1551 -3.8737 -3.3838 1.8389 0.59708 1.5802 -0.60413
0 1 1 0 64.167 -20.843 6.8989 -7.9038 8.7241 -5.1866 -6.5986 8.0806 -6.601 3.3865 -3.0841 2.6147 2.0151 -2.6868
0 1 1 0 66.413 -17.858 2.4125 -1.8852 -0.64171 -0.33345 -2.7647 5.8665 -5.7941 -6.4527 7.0293 -7.2997 4.3985 2.6498
0 1 1 0 63.657 -21.796 6.1882 -5.5679 8.7203 -6.1649 -5.7547 7.7333 -3.8605 2.9655 -4.922 1.557 5.0738 -6.9277
0 1 1 0 68.177 -15.424 5.5873 -0.98488 1.1906 -0.28734 -4.0686 3.5381 0.80917 -4.3903 5.6123 -4.4654 4.0006 -1.0235
0 1 1 0 64.936 -22.288 0.0078476 2.4963 6.4532 -5.8075 -5.5695 6.7817 1.5394 -3.2685 -1.3834 -1.0353 2.1324 3.6715
0 1 1 0 68.09 -14.655 3.0212 -0.63774 5.0156 -4.9735 -2.6686 4.6698 -1.2245 1.523 -2.108 -0.11309 0.096363 -0.52868
0 1 1 0 66.798 -18.87 1.4297 2.54 5.2904 -3.8 -5.1425 4.2812 2.6237 -0.20254 -1.9994 0.93835 -0.40534 0.42533
0 1 1 0 65.514 -19.792 6.3335 -6.634 5.5822 -2.8084 -4.4498 6.4067 -2.222 3.2513 -5.9963 -1.9388 4.5117 -3.5197
0 1 1 0 69.277 -14.124 5.7064 -1.7649 -0.69975 2.8867 -5.4156 0.25315 3.5455 -4.299 3.6382 -5.3365 6.9979 -1.6119
0 1 1 0 69.493 -19.08 1.1031 2.132 8.0265 -5.6875 -6.0203 5.676 2.6396 -1.2185 -1.7096 0.69328 -1.0101 2.7416
0 1 1 0 67.776 -17.33 2.5711 1.1255 3.8748 -1.9705 -5.403 4.0576 3.0861 -1.8516 -1.8096 0.54494 2.419 -1.7619
0 1 1 0 69.067 -18.042 -0.075452 1.1872 9.0615 -3.939 -5.0671 4.8804 4.2018 0.35941 -1.3689 0.065263 2.4054 2.0837
0 1 1 0 66.433 -16.635 2.7351 -0.16159 7.3957 -5.6141 -5.037 7.6347 0.46846 -1.3736 -0.85151 0.83366 0.5767 -0.18756
0 1 1 0 68.169 -13.777 8.9485 -8.2639 6.1699 -3.4499 -3.9185 8.2908 -8.0438 5.2469 -3.2807 1.2213 -0.39616 -2.5628
0 1 1 0 66.504 -17.778 3.9841 -0.92665 2.1676 -0.026062 -6.0147 5.3447 -1.0646 -6.0566 3.4715 -1.6009 6.0221 -7.2204
0 1 1 0 67.642 -16.295 3.6753 0.19911 3.9065 -4.748 -3.3952 6.04 -1.1959 -1.6457 0.28004 -1.5715 2.483 -2.6086
0 1 1 0 68.509 -14.703 9.0343 -7.3508 5.0403 -2.571 -2.8606 6.154 -6.8923 5.852 -3.5038 -0.42759 3.1284 -3.7216
0 1 1 0 68.916 -15.217 3.8714 -0.37354 1.811 -0.44184 -3.3949 1.214 -1.0556 -4.3424 7.3736 -6.0128 6.2591 0.09417
0 1 1 0 68.062 -18.628 1.6087 3.3808 6.2628 -4.8324 -5.4087 6.8922 2.0315 -2.214 0.58864 -2.0744 3.5823 1.3324
0 1 1 0 68.183 -13.702 8.6151 -8.1682 6.7819 -3.6369 -4.5498 8.3942 -6.8651 3.2888 -2.1813 0.51223 2.4622 -4.502
0 1 1 0 69.016 -18.425 3.4228 -2.3607 2.7257 -0.70053 -2.3772 7.4868 0.17423 -8.4751 5.6628 -1.7996 1.2383 0.44774
0 1 1 0 68.018 -13.769 8.8112 -7.6693 6.0208 -3.7151 -2.8672 7.3306 -7.9135 5.2571 -3.1799 0.15608 2.1994 -4.3446
0 1 1 0 68.809 -16.006 5.205 -2.4713 1.429 1.7595 -4.2756 3.1137 1.5013 -4.1326 4.134 -5.4418 5.8811 -4.5921
0 1 1 0 69.675 -19.442 1.2563 2.2189 9.1179 -3.311 -4.1962 5.2426 6.329 0.85492 -2.2309 0.68936 2.5096 2.2863
0 1 1 0 68.959 -16.197 4.9458 -0.36392 -0.57277 -1.7835 -2.3729 0.63975 6.0826 -7.9344 5.5932 -1.5081 -2.9726 1.7241
0 1 1 0 68.486 -14.333 3.4698 -1.4362 4.2258 -4.3462 -2.5622 4.9194 -2.6168 0.48696 -2.1613 3.0319 -0.65413 -1.0445
0 1 1 0 64.137 -22.77 1.1047 2.1521 7.4128 -6.1924 -5.0836 5.3962 -0.56574 0.94384 -4.1998 3.6833 3.3215 -0.91819
0 1 1 0 66.473 -16.53 3.5428 0.15583 5.0067 -5.5969 -4.7811 7.729 -1.3285 -0.7908 -2.0885 2.5475 0.28396 -2.3521
0 1 1 0 65.583 -18.249 3.0238 -0.29657 4.3989 -2.6168 -7.8268 6.5234 -1.3348 0.42122 -2.4115 -0.39624 3.3322 -4.7661
0 1 1 0 67.065 -17.013 4.4731 -0.72809 2.494 -0.81865 -5.4798 4.9787 -2.0983 0.019969 -1.4781 -1.1473 4.4387 -4.833
0 1 1 0 68.363 -14.744 5.1225 -1.8266 2.2647 -2.3858 -2.3957 3.7722 -1.9081 0.9724 -1.9935 0.71308 -0.32292 -2.66
0 1 1 0 66.961 -16.632 4.4902 -0.38852 2.922 -3.9601 -3.7208 6.6575 -1.7954 -2.2423 0.74495 0.35839 -1.4836 0.07263
0 1 1 0 67.553 -18.537 2.537 0.97577 5.0464 -4.0302 -5.9055 5.9892 -0.72316 1.6339 -2.2927 -1.414 1.8019 -1.328
0 1 1 0 65.683 -18.068 4.0958 0.77575 1.8107 -1.3518 -4.751 4.2314 0.1752 -0.61161 -0.64001 -1.1125 2.2107 1.1644
0 1 1 0 66.603 -16.755 3.2648 0.35709 4.7912 -5.1638 -5.3752 7.2638 -0.81407 -1.4466 -0.97621 2.2905 -1.4182 0.47419
0 1 1 0 65.001 -19.82 2.3739 0.90489 5.6019 -4.6975 -5.4314 4.3087 -1.0592 2.5658 -1.1205 -3.4157 0.7222 2.0555
0 1 1 0 67.494 -12.312 4.6307 -1.508 -2.0365 3.8476 -7.1004 3.0334 3.6601 -7.9143 6.9962 -4.2294 2.2123 3.2121
0 1 1 0 69.149 -16.29 4.8954 0.5783 -1.4029 1.0286 -3.2345 0.11467 3.8041 -5.7016 3.6997 -1.3901 -0.062368 1.8109
0 1 1 0 66.177 -19.496 1.3027 1.4026 6.0232 -5.8838 -5.0938 4.507 0.7982 -0.35637 -1.719 -0.11398 -0.6552 0.64112
0 1 1 0 66.344 -18.686 2.9671 -0.042585 5.9098 -5.3744 -4.4696 6.9486 0.37058 -0.50343 -1.3933 -0.20233 0.37969 -0.23758
0 1 1 0 67.534 -19.668 2.0364 0.61245 6.0575 -5.617 -6.2557 5.3328 2.3678 -2.8211 -0.83281 0.92963 1.0247 -0.4578
0 1 1 0 68.151 -18.583 2.5548 0.27131 5.6648 -6.0097 -5.6189 5.2414 1.847 -3.2934 -0.82187 0.89493 1.8251 0.40698
0 1 1 0 67.02 -16.375 4.1033 0.0090156 2.9417 -3.4663 -3.0974 3.4282 0.2671 -0.42625 -1.6136 0.79769 1.9152 -0.86793
0 1 1 0 68.502 -13.567 4.711 -1.3205 1.4183 -2.2852 -2.3314 4.0661 -2.2839 0.16989 -0.68866 -0.049895 0.86074 -0.56421
0 1 1 0 63.943 -21.802 1.6343 1.3122 2.3164 -5.9768 -4.6733 6.1245 0.057991 0.75696 0.080148 2.2621 4.2917 -0.21797
0 1 1 0 65.514 -21.262 1.9033 2.4939 5.2787 -7.0071 -3.3161 6.6927 1.4287 -3.3449 -1.3225 1.6391 0.069547 0.67096
0 1 1 0 67.532 -15.494 4.3631 -1.0562 4.0285 -4.1932 -3.7378 7.0751 -3.9213 1.8915 -2.8353 1.1499 2.9966 -1.4358
0 1 1 0 65.397 -23.169 2.1813 -0.044301 -1.7975 0.59607 -8.9752 -0.943 4.6489 -4.1655 7.7153 1.0461 1.2996 2.0343
0 1 1 0 68.4 -17.884 5.5416 0.37676 -1.1483 1.8511 -5.6974 2.0249 4.3104 -5.9315 3.7139 -1.8546 0.12659 1.8009
0 1 1 0 66.99 -19.827 4.6897 0.79913 0.61358 0.13046 -6.6065 3.0321 3.4751 -5.1363 2.7231 -1.1185 0.32039 1.3389
0 1 1 0 67.788 -14.363 3.8668 -0.76873 2.9971 -3.7388 -3.1362 6.1286 -2.1639 -1.2178 -0.078826 1.6882 0.60271 -1.1515
0 1 1 0 67.287 -18.709 1.8792 -0.074969 4.3923 -3.8391 -4.6326 5.6026 0.18289 -3.9308 1.1878 0.22135 3.0508 -1.8544
0 1 1 0 68.844 -16.248 4.2694 -0.39149 3.1085 -4.5661 -2.5869 6.7561 -4.5814 0.32576 0.58269 -1.0219 -0.32162 0.0075445
0 1 1 0 65.133 -18.225 3.959 0.62808 2.2248 -4.3943 -6.6486 7.0704 -1.3749 -0.71455 1.1966 -1.6659 2.2903 1.4978
0 1 1 0 64.419 -20.688 3.1628 0.70034 6.3725 -5.1349 -6.1108 7.8701 -0.20558 0.14346 -1.26 2.3096 2.4447 -0.78449
0 1 1 0 64.395 -19.198 2.6944 1.284 5.6523 -3.8606 -6.9651 7.3453 -0.051966 -0.25904 -2.6244 0.098773 2.5848 -2.5994
0 1 1 0 69.706 -14.564 4.2812 -0.68271 -0.55491 -0.26438 -2.8501 0.85226 6.2534 -10.055 6.9826 -3.6931 -1.5875 3.0307
0 1 1 0 65.72 -18.76 2.7729 1.139 4.6638 -4.3747 -6.2569 6.4264 -0.28292 -1.4789 -1.6127 1.3314 0.29362 -1.9689
0 1 1 0 67.782 -17.268 3.6655 0.54626 3.0181 -3.533 -3.2287 5.0944 -2.0718 0.71003 -0.078454 -2.0505 3.1083 1.2362
0 1 1 0 67.186 -14.996 3.0888 0.16589 3.0502 -4.3388 -2.5132 5.1073 -1.7887 0.65791 -3.2563 2.3764 2.246 -1.3187
0 1 1 0 66.583 -17.599 3.5088 -0.4123 4.4746 -3.9977 -5.5757 6.2945 -2.7847 1.3108 -0.67948 -1.2613 0.74065 -0.74285
0 1 1 0 67.906 -15.575 4.1125 -0.50506 3.7885 -5.4941 -2.1336 6.191 -2.1126 -1.8062 -0.26172 1.848 -0.71503 0.32306
0 1 1 0 67.318 -15.934 3.6447 -1.0758 3.9049 -2.9854 -5.4652 6.4225 -3.2446 2.2289 -2.7668 -1.3438 1.4201 -2.0698
0 1 1 0 67.814 -15.344 4.07 -0.2062 2.3633 -3.0127 -3.8547 6.3742 -1.9882 -2.1811 1.6918 -1.3581 3.9161 -2.1486
0 1 1 0 65.75 -17.373 3.4381 0.1356 4.4317 -5.5393 -3.1734 7.6931 -2.9955 -2.2893 2.0941 1.9359 -2.7847 3.1207
0 1 1 0 65.246 -14.639 4.6527 -0.95316 -4.4156 3.7162 -9.2821 0.52277 2.2146 -6.7752 8.8791 -4.4369 0.77827 2.7994
0 1 1 0 66.33 -17.17 2.5802 2.3392 -2.5961 -0.76392 -5.6706 -1.6556 5.1696 -12.609 6.9761 -3.756 -0.89931 5.0726
0 1 1 0 66.719 -16.03 3.6061 -1.3587 5.0675 -2.7341 -6.1916 7.325 0.78013 -4.802 0.39193 3.7028 0.31675 -1.6221
0 1 1 0 64.117 -20.191 2.9731 1.7595 6.0207 -4.8662 -4.0348 5.5354 2.3944 -1.7542 -2.0722 2.9619 0.25064 -0.25405
0 1 1 0 65.351 -20.871 0.23654 2.6153 6.6195 -6.781 -3.7909 6.1688 1.9234 2.5234 0.97729 0.59187 1.8376 0.29717
0 1 1 0 65.649 -17.746 3.5499 1.2717 3.082 -3.7429 -8.9388 7.2132 -1.5228 -2.9504 -1.461 1.802 3.2079 -3.7807
0 1 1 0 66.609 -16.687 4.3234 1.3944 0.71694 -0.69235 -7.4114 6.7206 -2.4849 -1.2794 0.15114 -2.9433 5.2461 -3.1406
0 1 1 0 68.489 -15.291 4.4172 -0.4653 1.9102 -3.8568 -2.5512 5.9822 -2.7937 -1.0094 0.56309 -1.1408 1.2519 -1.4317
0 1 1 0 68.49 -22.243 0.79011 0.44161 6.8202 -10.133 -4.485 4.2941 3.1436 -7.2912 7.8715 0.79802 -2.791 2.907
0 1 1 0 67.667 -14.934 2.9498 -0.10498 3.0519 -5.1849 -1.6693 5.3039 -4.0826 -0.16597 1.3975 0.1991 0.6105 -2.9998
0 1 1 0 68.182 -16.598 2.1947 0.85633 -2.5169 1.5434 -2.9314 -0.72693 5.0009 -11.232 7.3889 -4.5062 -2.1761 3.0721
0 1 1 0 68.05 -15.157 3.6586 -0.44553 2.0245 -2.7625 -3.9533 2.3444 -1.1442 -3.2487 2.136 0.57905 -2.6835 0.99473
0 1 1 0 65.38 -16.199 4.6671 -1.0332 3.2368 -2.1787 -7.4235 9.3378 -4.1762 0.62581 -0.42119 -1.9915 4.4109 -3.2369
0 1 1 0 66.42 -17.922 3.6533 -1.8794 1.9586 -0.24424 -4.7184 7.7055 -2.8742 0.57392 2.7868 -4.1642 3.9744 -3.4572
0 1 1 0 65.435 -21.413 -0.96169 0.011816 4.6186 -3.9007 -7.2502 5.2644 2.2385 1.4053 1.7714 -1.8377 5.2959 1.1596
0 1 1 0 65.25 -21.102 1.3611 2.5799 5.4151 -3.0224 -7.3712 7.06 0.77252 -0.22284 0.7615 -0.34052 -0.37782 1.0144
0 1 1 0 67.002 -15.764 2.7767 1.2605 4.0746 -6.0132 -1.8293 5.1689 -1.1803 -1.3005 -0.32275 1.2799 0.56232 0.90328
0 1 1 0 65.055 -15.94 4.1707 -0.59201 4.8142 -6.4145 -1.2293 5.0601 -1.7014 -0.44874 -1.9092 3.1908 -1.9674 0.2144
0 1 1 0 66.809 -16.786 3.4561 0.6805 -3.3478 2.505 -10.461 6.5916 5.2567 -8.6925 5.401 -2.216 3.2522 2.3234
0 1 1 0 66.893 -18.34 2.833 2.2509 -3.0069 1.8781 -7.9151 3.4222 4.9312 -8.3543 5.1883 -2.1274 2.3057 1.9674
0 1 1 0 64.585 -19.877 3.0507 1.5683 7.0216 -6.5328 -5.9551 8.6054 1.7633 -0.96413 -0.63275 3.3322 3.1887 0.4843
0 1 1 0 69.552 -13.021 3.9035 -0.12402 4.313 -1.4048 -3.3093 6.2669 -0.30949 0.15409 0.36924 -0.59568 1.3525 -0.20827
0 1 1 0 67.5 -18.319 1.8252 1.4795 6.233 -5.9253 -3.6977 4.797 1.6019 0.18611 -4.7113 3.5576 3.3181 -1.2845
0 1 1 0 64.486 -20.535 0.94872 0.8994 7.0322 -7.0839 -3.1133 7.2597 1.089 -1.7338 -0.006567 0.20953 2.5285 2.3804
0 1 1 0 67.603 -13.61 4.5473 -2.046 2.404 -1.8586 -4.482 6.172 -3.942 0.41573 0.75803 -2.3321 1.6984 -2.6364
0 1 1 0 66.883 -16.92 2.4038 1.142 3.6209 -2.5019 -6.5041 7.8369 -3.6158 0.65384 2.0701 -2.0719 2.7059 -1.2894
0 1 1 0 68.715 -13.075 4.7005 -1.8774 2.6299 -3.5822 -2.118 5.5857 -3.8652 0.45037 0.49732 -1.0912 -0.20652 -1.3468
0 1 1 0 67.307 -18.019 2.4448 0.72495 6.7883 -2.7067 -4.9763 9.1303 0.92232 1.6011 4.0325 0.67113 1.5264 1.029
0 1 1 0 70.273 -14.262 6.8292 3.1147 11.112 0.92709 2.1225 6.5873 1.6915 3.7154 0.56608 -0.63043 0.73348 -0.14179
0 1 1 0 68.61 -17.931 3.0033 0.832 3.2806 -1.3653 -5.4002 9.6536 -1.6096 -1.0295 -0.5203 -0.70684 2.1317 -0.46713
0 1 1 0 70.194 -15.346 3.5171 -0.017258 2.4059 -2.215 -5.7115 8.8003 -3.4355 -2.4611 2.1686 -1.4231 3.3073 -1.3723
