0 1 1 0 63.537 -13.933 -1.6245 -5.194 -5.9676 0.60732 -6.9075 10.097 -3.0779 3.7713 -2.3003 0.09643 1.0824 -1.2497
0 1 1 0 62.118 -15.426 -5.3147 -7.4237 -11.076 0.46501 -11.774 1.404 -0.31331 -4.7154 2.8826 -8.2982 1.9351 -5.101
0 1 1 0 64.786 -13.72 -1.9749 -5.6231 -4.9617 4.7061 -4.5979 7.9448 -2.4386 4.1 -5.0595 -4.1614 -0.94876 0.74555
0 1 1 0 63.053 -14.753 -4.9897 -7.4815 -9.4036 3.5103 -9.423 7.8239 1.8462 0.51098 -1.3782 -8.4919 0.74362 -4.2463
0 1 1 0 64.627 -14.286 -4.7071 -7.4076 -6.591 -0.24463 -6.7329 6.6057 2.5301 5.3648 -3.1876 -2.3208 -0.04973 -1.6933
0 1 1 0 63.233 -14.377 -4.053 -5.7737 -7.7494 3.0725 -6.1944 6.3732 1.1659 0.025415 2.2655 -5.4224 1.9366 -3.7639
0 1 1 0 64.925 -12.505 -6.0141 -2.9992 -8.0977 -0.92696 -7.3997 4.3064 7.5151 -0.31545 -0.47453 -2.3582 -0.92802 2.9156
0 1 1 0 63.446 -13.704 -3.3271 -3.0975 -4.3997 1.6541 -5.9771 4.9338 0.39461 7.1916 -4.03 -4.3737 1.5932 -2.3242
0 1 1 0 61.655 -15.645 6.5144 -7.2417 1.9932 1.3572 -6.9518 8.1229 -5.6045 5.1768 -1.4981 -4.0663 7.1892 -5.464
0 1 1 0 60.05 -14.575 3.0528 -4.7589 -3.9514 5.7402 -10.522 9.4099 -4.7097 4.4426 2.7675 -7.6344 6.0523 -6.3375
0 1 1 0 64.185 -15.081 -0.7095 -5.0042 -5.508 4.2248 -4.3792 -1.3847 8.3997 -3.9719 2.6379 -5.0018 2.9496 2.4976
0 1 1 0 64.709 -12.792 -6.5865 -3.2541 -9.0105 -1.6194 -6.2328 3.76 6.4069 1.8653 1.7617 -5.8669 -2.8959 2.3376
0 1 1 0 62.927 -13.578 8.0438 -8.817 3.0802 -0.53967 -6.277 9.9217 -5.8151 4.5134 -2.5159 -3.0977 3.5484 -6.4873
0 1 1 0 59.149 -15.158 2.0726 -3.2275 -4.4449 7.724 -10.334 10.264 -3.5449 0.43237 3.3046 -10.608 7.5946 -3.3163
0 1 1 0 65.381 -15.476 2.3626 -5.2323 -4.3012 0.42413 -3.412 3.8872 10.629 -6.0599 1.9478 -3.9308 -0.50216 0.16966
0 1 1 0 66.169 -14.347 1.8904 -5.3234 -2.8552 -0.49289 -2.212 4.3748 8.0354 -3.4759 -1.2166 -1.7704 0.11143 -1.0682
0 1 1 0 62.31 -13.882 -3.3565 -5.9444 -5.4034 -1.0922 -6.7714 6.6836 1.3518 0.13112 -0.81463 -3.6944 2.8827 -3.8873
0 1 1 0 64.425 -10.99 -2.6867 -4.4675 -2.0511 -0.5508 -6.122 7.0604 2.9464 4.4788 -4.526 -3.598 2.6749 -1.2649
0 1 1 0 62.489 -14.256 8.1714 -8.8138 2.22 0.3464 -6.466 9.833 -5.9904 5.3218 -1.5758 -5.2907 3.9077 -4.4462
0 1 1 0 60.779 -12.505 4.7107 -2.5342 -4.8968 8.1673 -10.821 9.398 -2.6309 -2.1571 5.5265 -7.7379 7.7575 -5.4034
0 1 1 0 62.997 -16.568 0.60772 -6.4492 -8.1176 0.46887 -8.0688 1.6327 8.8193 -4.1755 4.4153 -8.5899 -4.8897 1.5377
0 1 1 0 63.383 -12.747 1.4586 -6.1417 -0.52796 -0.96193 -5.7947 5.7386 1.183 4.5948 -4.4937 -1.867 -1.3005 -0.85746
0 1 1 0 62.721 -14.035 -3.7953 -4.352 -10.235 -1.9976 -7.8342 0.07756 -2.0344 -1.8763 5.9205 -7.2835 0.61996 -1.8208
0 1 1 0 65.149 -10.388 -1.5212 -1.3338 -3.0382 1.8037 -5.7493 4.2804 5.0766 -3.3913 1.9584 -2.0463 -1.3065 2.2262
0 1 1 0 62.253 -14.426 8.833 -10.169 3.7415 -0.19718 -6.589 10.662 -6.8252 7.5604 -3.0461 -5.4153 5.8175 -5.655
0 1 1 0 63.373 -9.6557 4.2981 -2.5572 -3.2728 6.7593 -10.558 10.389 -5.8164 0.2691 4.8094 -8.2015 7.2926 -5.7252
0 1 1 0 64.321 -13.029 -2.1186 -4.9832 -6.5021 2.9302 -6.6072 9.4639 -0.74379 4.5078 -4.9707 -2.4742 -0.67321 -4.943
0 1 1 0 63.603 -14.162 -2.7716 -6.3548 -7.4574 1.8295 -8.1702 5.0282 0.74727 -2.1728 3.7959 -3.1706 4.2693 -2.728
0 1 1 0 63.879 -14.135 -4.199 -4.8092 -9.8442 -2.6215 -8.7649 1.8417 6.2911 -1.765 -1.2115 -6.2179 1.4147 0.18561
0 1 1 0 61.211 -15.625 7.19 -8.6238 3.968 0.4082 -8.0511 11.414 -6.278 3.6696 -1.9662 -4.565 6.4996 -5.5489
0 1 1 0 60.61 -12.984 4.5768 -2.0535 -5.3667 6.492 -9.9291 9.8544 -2.8392 -0.69873 5.0651 -9.5561 7.5302 -5.4209
0 1 1 0 64.868 -13.596 3.7277 -2.6491 -1.6685 1.5135 -1.6892 0.60389 7.2418 -10.136 6.6654 -4.1971 -0.15425 2.0637
0 1 1 0 66.348 -12.138 -4.5966 -5.1951 -0.0041652 0.67562 -6.7806 12.227 -1.8062 -0.28598 -4.2147 3.3835 0.24128 -2.3835
0 1 1 0 64.741 -13.318 -5.8728 -7.3965 -6.1947 -2.9811 -8.0727 11.208 -0.07789 -6.8245 0.16398 0.054695 4.0137 -1.9726
0 1 1 0 65.455 -12.593 -10.347 -5.0104 -4.1488 -3.3393 -7.5771 5.4365 2.0399 -9.1547 -1.2569 0.71825 -4.5829 -0.62127
0 1 1 0 63.475 -14.911 4.7816 -8.8237 6.5281 -0.39557 -9.1978 13.126 -6.7317 1.0711 1.15 -1.2454 3.3485 -6.5561
0 1 1 0 61.787 -13.27 -1.6878 -3.1964 1.0123 6.6701 -13.383 15.566 -8.2548 -3.9433 5.7085 -3.7376 7.8886 -9.2697
0 1 1 0 66.803 -14.064 -8.4258 -7.0526 1.056 4.9801 -1.4411 1.6083 -0.7154 -8.4382 14.926 -0.95213 -4.9772 -3.8741
0 1 1 0 67.197 -11.73 -12.64 -2.5603 7.3096 -4.1081 -9.9339 14.145 0.27943 -8.9414 1.4477 5.1008 -0.9245 -5.5539
0 1 1 0 67.455 -11.512 -13.293 -4.0571 6.7338 -3.6162 -10.487 12.865 -0.43691 -8.1117 2.3217 4.9807 -0.38774 -6.9289
0 1 1 0 66.324 -14.258 -10.509 -5.303 -3.6704 -4.2638 -7.6519 8.3435 -6.3428 6.7523 -3.7788 0.76838 5.6475 -1.3476
0 1 1 0 65.216 -15.222 -2.4691 -5.5235 6.6814 -5.729 -7.5099 14.334 -2.5679 -0.47471 -3.6107 0.46365 6.2745 -10.225
0 1 1 0 64.264 -15.09 -0.29879 -7.7641 9.3436 -1.117 -11.737 15.244 -4.321 -1.9931 -2.0599 0.84681 6.1939 -12.002
0 1 1 0 62.02 -11.354 3.2524 -2.9421 -2.1563 6.3276 -12.71 13.654 -4.7766 -1.5717 4.0785 -7.0657 6.9367 -6.1319
0 1 1 0 66.205 -13.916 -2.4476 -3.9254 -2.3992 3.7255 -4.3234 1.5441 1.0691 -6.9536 7.3531 -2.9279 -3.4783 2.99
0 1 1 0 68.278 -12.008 -15.908 -7.5639 -4.0232 -8.3483 -5.079 4.3926 -8.9053 -1.7507 8.2564 -0.13846 -8.8152 3.7498
0 1 1 0 67.855 -11.545 -15.086 -6.8802 -2.331 -4.0734 -2.0554 2.206 -6.3042 0.14962 9.34 -0.61952 -11.086 0.85204
0 1 1 0 60.84 -18.012 4.3057 -13.303 -0.75804 -1.8264 -8.398 8.046 -3.9219 3.3231 -2.0721 -4.4261 5.1113 -1.9881
0 1 1 0 63.018 -10.135 4.7016 -2.6885 -3.2943 6.2856 -8.9304 8.6292 -5.2153 0.46296 4.3043 -7.419 6.6059 -5.107
0 1 1 0 65.335 -11.918 -4.7935 -4.3265 -10.419 -3.1873 -6.4474 2.8984 4.6334 -2.8026 2.1736 -0.68981 0.95621 4.493
0 1 1 0 62.03 -15.899 7.3667 -10.796 0.87882 1.232 -5.6703 7.8245 -3.6051 4.6389 -0.9279 -5.9695 4.4663 -4.1225
0 1 1 0 61.436 -12.263 5.6559 -3.4281 -4.7632 8.1711 -8.9682 8.6928 -4.8525 0.41236 3.3584 -7.2302 6.7515 -5.5869
0 1 1 0 64.578 -15.496 1.1033 -2.6808 -5.7829 4.5587 -5.0281 -0.75723 8.3863 -5.7931 7.9816 -3.7058 -2.8911 1.2061
0 1 1 0 61.474 -16.811 7.1997 -9.0044 0.60957 1.356 -5.7444 8.5006 -4.8141 6.0819 -2.4341 -6.7462 4.3315 -5.1111
0 1 1 0 61.493 -11.55 4.7055 -2.6936 -3.5276 7.189 -11.023 10.463 -5.2921 1.7007 2.4782 -8.7586 8.2268 -5.2189
0 1 1 0 66.185 -13.518 0.021828 -6.5822 -3.2829 2.7191 -4.7935 4.9265 1.2238 3.225 1.1116 -4.0849 0.34304 -2.5113
0 1 1 0 64.837 -12.638 -1.4176 -4.3836 -4.3337 3.1694 -6.8325 6.1124 0.070185 5.7562 -1.7606 -6.6999 2.3076 -4.0727
0 1 1 0 62.378 -15.077 4.8924 -11.712 3.1737 4.1308 -6.9658 8.6718 -6.0018 4.2095 -0.7853 -2.5767 6.1116 -7.969
0 1 1 0 62.708 -10.999 3.3897 -3.3771 -1.679 8.4023 -12.663 9.1409 -3.263 -0.2186 2.9908 -6.8995 8.7897 -6.5156
0 1 1 0 65.341 -14.754 -3.2212 -6.007 -3.0329 7.2047 -3.5085 -1.8339 6.9617 -8.7688 7.3296 -4.0037 1.3425 0.21835
0 1 1 0 66.486 -14.7 -10.439 -11.296 -0.47952 3.3796 -7.1496 4.1014 -5.8182 -0.75745 0.44254 -0.073204 0.67488 -5.8033
0 1 1 0 66.134 -13.155 -12.005 -11.181 -2.0117 8.4034 -4.9579 -0.49551 -5.3676 -5.4588 0.95383 2.7493 1.4031 -7.9481
0 1 1 0 67.002 -11.398 -7.7612 -4.9107 -3.9467 3.5336 -4.3697 2.2415 2.9153 -1.9466 1.2225 -1.9809 -0.57934 -2.2224
0 1 1 0 66.664 -12.561 -9.8655 -6.065 -4.546 2.9084 -6.1227 -0.076912 2.9028 -2.0405 0.57045 -1.2159 0.15626 -1.317
0 1 1 0 67.734 -12.155 -14.529 -8.7241 4.8943 3.9221 -3.9424 2.3449 1.3743 -2.515 0.033187 4.4623 -1.7299 -4.246
0 1 1 0 65.459 -14.497 -1.9397 -13.814 10.356 6.8505 -7.9657 5.7823 -7.4182 1.1146 -1.3753 4.7141 3.4448 -12.926
0 1 1 0 61.627 -13.157 2.2258 -4.3301 -0.40723 8.0484 -12.261 11.302 -5.3242 -1.5548 4.1302 -3.6966 6.2354 -7.9885
0 1 1 0 67.169 -13.225 -6.4215 -5.1353 2.283 7.7887 -8.0126 5.4999 5.4765 -16.422 3.585 6.5286 0.67857 -2.4436
0 1 1 0 67.067 -12.979 -10.239 -7.2211 4.2627 6.0403 -8.7086 5.5145 4.9055 -13.367 2.7247 6.0465 -1.3449 -3.5316
0 1 1 0 64.204 -13.598 -3.9685 -7.8284 -6.0524 0.38219 -7.7983 4.6616 2.0762 2.2675 -4.1989 -4.393 1.3198 -1.0997
0 1 1 0 65.236 -11.921 -2.274 -4.8712 -3.6349 1.0784 -7.4643 5.1625 4.4778 2.3413 -3.2692 -5.1523 0.95971 -0.15895
0 1 1 0 62.729 -13.218 7.5874 -9.3485 2.7817 2.316 -8.4937 8.5429 -3.3151 5.4624 -2.9883 -5.3713 4.4228 -4.8697
0 1 1 0 60.111 -14.088 2.8237 -3.9328 -3.266 7.3908 -12.003 10.761 -1.147 1.3269 2.2217 -10.28 8.0261 -2.0712
0 1 1 0 65.946 -12.205 -2.4774 -6.1068 -0.49009 4.9997 -7.4647 8.812 -1.8819 3.3848 -3.1685 -2.8856 0.21343 -3.0368
0 1 1 0 65.25 -11.712 -3.3914 -5.0718 -4.3836 4.2168 -6.7899 8.4272 1.3206 3.992 -1.3392 -7.4783 3.488 -3.1417
0 1 1 0 65.166 -12.006 -2.6577 -4.1336 -4.5192 3.4065 -6.424 7.0456 4.4105 0.80754 -1.007 -7.0546 3.7112 -2.4871
0 1 1 0 62.647 -18.142 -2.4434 -19.454 1.8295 3.934 -7.7584 11.689 -4.7588 -0.43097 -1.3915 -1.4713 5.2191 -5.543
0 1 1 0 60.705 -14.011 -1.5489 -6.0194 -1.5109 11.694 -12.454 8.4765 -3.7362 -1.9171 4.8746 -6.9424 9.6431 -5.9394
0 1 1 0 66.521 -14.214 -6.6247 -4.9859 0.55955 6.4074 -5.3901 4.3298 6.3195 -15.832 5.3463 0.78479 4.1907 0.050451
0 1 1 0 67.282 -10.12 -10.353 -7.5447 6.8546 2.8755 -8.7437 4.6769 3.7462 -0.15836 -6.9125 -0.56161 3.7608 -0.20219
0 1 1 0 67.643 -10.475 -14.219 -9.2278 6.3018 6.3643 -9.9213 5.7577 2.163 -1.0535 -6.0529 0.67535 3.7295 -4.4238
0 1 1 0 67.981 -11.227 -14.777 -10.755 2.9037 5.7438 -7.2238 4.4954 0.1364 0.35423 -4.8693 1.227 2.0658 -5.5167
0 1 1 0 66.806 -12.426 -8.41 -8.2398 -1.2022 6.5108 -4.1144 6.9507 -6.84 0.084406 -2.3164 2.3221 -3.1129 -2.6343
0 1 1 0 67.884 -11.072 -13.619 -11.881 -0.45631 7.5343 -4.0281 0.081665 -2.6696 -4.3903 2.7481 4.9725 -0.17417 -4.1072
0 1 1 0 67.152 -10.835 -8.8204 -8.6467 2.4162 3.4303 -3.4871 5.0807 -2.812 -3.2465 0.0065077 3.396 -1.9934 -2.8464
0 1 1 0 68.505 -9.7587 -14.502 -7.9788 3.9468 5.0871 -8.2604 1.4417 0.53972 -2.9391 4.4394 4.0652 -4.4803 -3.916
0 1 1 0 67.71 -11.542 -17.057 -10.907 1.1332 2.4366 -10.997 0.58144 -0.40461 -3.6456 5.1817 4.0817 -4.9622 -4.0291
0 1 1 0 66.924 -13.512 -13.512 -6.6538 -4.452 -1.2048 -5.775 8.2744 -4.3837 -12.617 2.0628 3.303 -4.7613 -1.6914
0 1 1 0 67.521 -12.847 -14.572 -5.3013 -1.8626 -0.9021 -4.321 9.5214 -2.6262 -12.106 5.898 6.1447 -5.9583 -4.4073
0 1 1 0 67.37 -12.886 -15.237 -6.0584 -1.6166 -1.7092 -3.5394 9.9379 -1.7013 -11.508 6.161 6.2816 -6.484 -4.7537
0 1 1 0 64.77 -15.027 0.66996 -11.995 7.6848 1.0159 -4.6871 12.452 -10.616 -2.2307 2.4822 4.8008 -1.5768 -10.407
0 1 1 0 61.832 -11.187 5.0435 -3.4106 -3.0667 8.3 -11.622 9.5161 -5.9931 1.3536 4.3395 -7.1292 6.7155 -5.2846
0 1 1 0 64.042 -15.615 0.45555 -5.2424 -7.6173 -0.78321 -4.6655 1.9462 6.6323 -4.2399 1.8702 -6.2446 1.1986 2.3881
0 1 1 0 64.143 -11.428 1.313 -6.2454 -2.8613 1.7109 -7.2037 7.9752 -0.13272 5.0962 -2.9275 -3.1011 -0.10122 0.83594
0 1 1 0 62.964 -13.328 -2.5258 -5.0049 -7.0192 -0.70627 -6.7118 6.2356 1.759 -2.5464 3.6254 -6.7093 2.0173 -0.5214
0 1 1 0 64.233 -12.646 -3.6266 -4.8225 -8.9409 1.1748 -5.238 0.37681 6.3381 0.33323 -1.9756 -3.7707 0.095143 2.4551
0 1 1 0 62.64 -13.777 8.1493 -7.9517 3.462 0.68594 -6.7199 8.7291 -6.7573 5.8668 -2.3307 -2.9375 5.4153 -5.004
0 1 1 0 59.134 -14.496 3.0369 -3.5866 -5.0902 8.2096 -12.282 11.036 -2.0672 1.8627 1.8877 -8.6944 8.4708 -5.7908
0 1 1 0 63.352 -15.738 1.7934 -4.2493 -5.6638 1.1045 -2.8379 0.91422 8.5133 -4.0933 5.2312 -9.6179 0.1296 -0.24539
0 1 1 0 65.177 -12.818 -1.9807 -6.2259 -6.8746 3.975 -6.0858 6.6153 -0.091205 2.4235 -1.542 -3.0028 1.7643 -1.6875
0 1 1 0 63.737 -13.793 -4.4151 -4.6053 -8.0389 1.2886 -6.649 2.5543 2.3163 0.21056 3.8453 -5.9448 0.68949 -1.1379
0 1 1 0 64.016 -12.317 -2.8197 -5.1324 -10.411 0.27188 -5.3088 -0.38468 0.54088 -2.8432 2.2711 -4.2376 0.032622 2.8506
0 1 1 0 62.568 -15.143 7.9749 -9.4533 1.0448 1.0138 -5.5445 7.5092 -3.8709 5.6302 -4.3167 -4.3137 4.0145 -3.7338
0 1 1 0 62.562 -10.311 4.7072 -2.9337 -3.2364 6.5431 -10.249 9.7468 -5.0974 0.70464 3.654 -8.0433 8.2272 -6.62
0 1 1 0 65.463 -12.714 2.6366 -3.3176 -5.3853 1.7834 -1.945 1.8493 8.271 -6.0369 5.2481 -7.0005 -0.76682 2.3661
0 1 1 0 64.278 -14.688 -3.9423 -6.2164 -6.4368 1.0445 -10.753 1.8902 -3.9006 2.4608 -5.9209 -7.5083 -1.9032 -4.3892
0 1 1 0 64.135 -13.367 -4.7793 -5.0129 -10.886 0.25613 -10.229 -0.84648 -2.6486 0.07699 -1.125 -10.563 2.0372 -2.3116
0 1 1 0 65.712 -14.663 -7.2678 0.85087 -12.552 -2.3069 -0.14313 -4.0757 3.1185 4.718 -3.3013 -6.4891 0.6025 2.608
0 1 1 0 65.47 -15.277 -8.4887 -0.39501 -13.658 -3.2676 -1.5903 -6.2483 1.9207 3.9371 -5.0274 -7.2955 -0.30165 1.9917
0 1 1 0 63.487 -15.52 7.6963 -3.5555 -3.1731 2.8155 -3.5575 3.8369 -2.9745 5.3168 -2.947 -2.6497 3.5292 -3.6671
0 1 1 0 59.751 -16.066 3.0946 -0.75472 -7.1371 7.6963 -9.8516 8.1706 -1.438 2.782 -0.20679 -9.5889 7.2937 -3.9211
0 1 1 0 64.315 -14.606 1.3705 -2.6016 -6.9231 1.533 0.39118 0.28367 8.4579 -4.6292 3.9391 -7.0852 1.6193 0.26808
0 1 1 0 64.912 -14.255 -3.7896 -6.3226 -4.2649 -0.5459 -5.2694 5.2882 1.5796 3.487 -5.8609 -4.7285 -0.067208 -1.9344
0 1 1 0 64.32 -13.711 -5.0106 -1.5912 -5.8801 1.1126 -7.7505 2.6217 3.9922 3.2629 3.3971 -7.7589 2.1743 0.37422
0 1 1 0 64.403 -13.328 -9.4553 -2.4197 -10.042 -1.4332 -2.2527 1.2678 3.3936 -0.047171 -1.3791 -10.569 -2.7263 0.97536
0 1 1 0 62.1 -15.184 7.4778 -7.0133 2.4254 -0.054663 -4.7677 9.7784 -8.4523 7.1997 -3.6442 -5.2239 5.6246 -3.4761
0 1 1 0 58.698 -15.425 2.1915 -5.1958 -7.3878 8.0061 -11.763 8.3453 -3.637 1.1653 7.2094 -10.455 7.6704 -5.5434
0 1 1 0 64.168 -14.875 0.20655 -6.3753 -6.9889 0.18829 -1.3886 -0.54159 6.7771 -4.523 10.942 -11.937 -0.27171 4.2887
0 1 1 0 65.262 -13.124 -2.4129 -3.1118 -5.4903 2.225 -5.0219 5.9135 0.5344 10.176 -7.6752 -5.1432 -0.2062 -0.6803
0 1 1 0 63.862 -13.841 -4.2342 -4.0774 -6.7556 2.7678 -7.9517 4.9368 1.0122 4.647 1.1718 -8.7708 1.0987 -2.977
0 1 1 0 61.9 -15.248 8.8415 -9.1537 3.3534 2.3048 -7.2533 8.0269 -5.6653 5.7382 -1.7016 -4.6441 4.5782 -2.7995
0 1 1 0 61.265 -13.1 4.2776 -2.2873 -5.5103 7.8949 -10.005 10.125 -3.3982 -1.1413 4.0169 -7.8691 6.9348 -4.145
0 1 1 0 63.634 -12.722 -0.3007 -3.226 -3.2731 2.0522 -7.2378 8.1932 -2.1111 1.3034 -0.20036 -4.3029 1.1355 -3.3878
0 1 1 0 63.235 -13.292 -0.90818 -4.3609 -4.2727 3.9105 -6.3107 7.8963 0.76291 -1.8011 5.2014 -5.9806 -1.1148 -2.1937
0 1 1 0 64.979 -11.251 0.58912 -2.2787 -2.9873 4.0369 -6.6673 5.4899 1.0341 -2.7409 4.8234 -3.5824 -0.83413 -1.8701
0 1 1 0 60.07 -17.562 6.7323 -11.341 3.1098 -2.2675 -7.8756 12.662 -4.1054 4.7537 -5.4131 -4.9208 5.7332 -6.1788
0 1 1 0 61.672 -11.218 4.3443 -2.5661 -3.6324 7.4786 -11.373 10.446 -5.2507 2.1954 3.5665 -10.081 8.5349 -6.6141
0 1 1 0 64.981 -14.572 1.9825 -3.0424 -4.8236 1.2267 -2.3705 -0.45045 12.17 -5.2495 4.9863 -7.2058 -0.94061 -0.91043
0 1 1 0 64.764 -11.885 -2.5192 -3.3809 -6.2175 4.1797 -3.2168 3.2951 5.4994 1.7521 -0.50856 -8.1512 -0.64515 1.0102
0 1 1 0 64.821 -12.279 -0.61287 -6.5055 -3.3225 3.953 -6.5164 7.758 0.74882 5.4758 -4.3139 -6.3121 -0.030024 1.1374
0 1 1 0 62.707 -13.949 8.919 -9.935 2.5585 1.4292 -7.0497 9.2094 -4.4357 6.037 -3.3325 -5.3573 5.0331 -3.8492
0 1 1 0 61.691 -11.439 4.6267 -3.4141 -4.4331 7.8383 -10.043 9.4076 -3.3079 -1.7145 6.5529 -10.089 6.8825 -6.3049
0 1 1 0 63.868 -16.111 0.41303 -7.4858 -6.6927 0.92616 -5.391 1.8565 16.573 -8.7995 3.8612 -7.5128 4.0318 2.5274
0 1 1 0 64.065 -12.053 -4.0676 -5.8329 -6.4505 2.7226 -5.608 3.0047 6.2203 -0.62974 0.93202 -6.1829 -3.2697 3.1021
0 1 1 0 62.728 -14.023 8.3064 -10.036 2.698 2.2741 -6.7229 9.8456 -4.5632 4.2482 -2.6814 -4.8163 4.1337 -3.5497
0 1 1 0 59.642 -12.662 4.472 -5.3941 -3.2621 7.9998 -12.411 12.617 -4.5294 1.9076 1.9653 -9.2319 7.8714 -6.972
0 1 1 0 65.044 -14.186 -0.25973 -6.3513 -0.35407 3.4346 -3.2312 -1.9467 11.001 -5.2078 3.2687 -7.4411 0.029689 1.9741
0 1 1 0 63.693 -12.682 -6.1354 -6.9019 -8.4639 1.1949 -9.3395 3.9877 5.7919 -0.58627 -0.77847 -8.1326 -7.3934 -0.16467
0 1 1 0 61.414 -15.06 7.6993 -11.683 3.8764 0.8807 -7.2515 11.098 -5.4618 5.3505 -2.3742 -5.5478 4.2099 -5.4674
0 1 1 0 62.091 -10.849 4.3987 -2.8655 -3.0449 8.1134 -10.836 8.4605 -5.2125 0.42873 6.1846 -9.3379 7.2156 -6.1097
0 1 1 0 63.385 -15.218 2.3671 -4.2743 -4.7551 1.4473 -4.8305 2.0991 9.4312 -4.8271 6.4204 -8.9047 -2.3706 2.5643
0 1 1 0 64.757 -13.244 -2.8077 -7.8565 -5.0942 2.893 -8.0987 6.4533 -1.4707 8.6382 -2.0673 -9.6541 -1.583 0.31011
0 1 1 0 64.382 -13.12 -1.8366 -5.4583 -3.9724 3.6574 -6.6474 4.1634 -0.93799 7.9135 2.2763 -8.8768 -0.86155 -4.8069
0 1 1 0 62.002 -15.144 7.6567 -8.9932 4.0997 1.1843 -7.0345 7.7222 -4.5107 4.0739 -2.7245 -3.5704 5.2997 -3.378
0 1 1 0 61.041 -12.957 4.399 -2.6319 -5.7084 8.1002 -9.1475 7.6541 -0.88911 -1.9812 5.6513 -10.749 4.7544 -3.9959
0 1 1 0 63.734 -14.852 -2.1749 -3.9726 -5.2354 5.9985 -5.2836 -0.42795 6.9099 -8.4247 9.0684 -2.8949 -5.1241 3.9607
0 1 1 0 64.991 -11.514 -3.2965 -7.0113 -3.7404 5.1965 -8.1512 9.2728 -2.9546 9.7798 -1.5665 -7.2929 1.3563 -2.7078
0 1 1 0 63.939 -13.102 -6.2066 -7.2254 -6.7399 3.793 -11.816 7.687 0.9352 3.0533 -1.1712 -10.21 1.65 -3.091
0 1 1 0 61.42 -16.057 7.4409 -10.258 4.1068 2.5667 -9.309 7.5114 -2.3942 4.8061 -1.7581 -5.0829 4.0234 -5.9217
0 1 1 0 60.735 -13.315 4.0527 -3.4174 -2.7043 7.1313 -11.372 8.7951 -2.7487 -0.54541 4.7507 -9.2263 7.0324 -5.0205
0 1 1 0 62.446 -16.524 1.5435 -7.3214 -4.6282 3.793 -4.1642 -1.0476 11.88 -9.3233 4.4619 -7.9015 -2.566 3.1536
0 1 1 0 65.341 -11.546 -0.93046 -5.5968 -3.8794 2.8292 -8.8006 5.6877 -1.3292 8.1796 -2.6719 -5.3844 0.38505 -0.9767
0 1 1 0 64.3 -12.429 -5.3229 -7.6983 -7.5606 3.383 -11.048 4.8183 1.3512 5.3217 -0.82036 -10.751 0.85607 -5.9567
0 1 1 0 63.188 -12.141 -5.0383 -7.5043 -6.931 1.3068 -7.0614 3.8184 1.7634 0.49629 1.6568 -10.545 -3.1712 -3.5997
0 1 1 0 62.453 -13.599 8.1727 -10.322 4.4769 1.3973 -7.339 8.5946 -5.9486 5.4613 -2.0471 -5.0264 6.0216 -5.293
0 1 1 0 60.685 -12.641 3.9269 -5.4586 -4.64 7.0851 -8.7009 12.557 -4.36 -1.8132 4.0362 -10.211 8.5247 -6.5839
0 1 1 0 64.531 -13.35 1.6273 -4.0065 -5.0395 4.021 -3.6342 -0.59241 12.643 -6.2998 2.1945 -7.0077 -1.5561 4.0109
0 1 1 0 65.99 -11.434 -0.42815 -4.7778 -3.0734 5.1457 -10.5 8.4878 2.7228 5.6618 -0.92018 -7.4901 -0.47696 -0.19943
0 1 1 0 63.304 -13.94 -4.7349 -7.4211 -6.3094 4.9703 -10.525 6.0456 6.4816 0.81221 2.7618 -11.833 0.164 -5.4051
0 1 1 0 60.716 -17.451 3.2207 -13.259 2.4677 2.4699 -11.329 7.4522 -1.5499 5.3497 -3.6467 -8.3968 1.6959 -3.5003
0 1 1 0 61.913 -11.617 4.4051 -4.1371 -1.9117 8.2571 -12.167 8.8157 -2.8027 -0.17804 4.1708 -8.0516 6.5324 -4.6137
0 1 1 0 64.788 -13.755 3.319 -3.4635 -5.2991 4.3691 -3.5697 0.2616 8.5693 -9.1661 5.9785 -2.5531 -2.3368 1.9747
0 1 1 0 65.928 -12.976 -2.787 -6.0781 -4.7476 3.1661 -8.5511 6.3818 -0.86856 2.0381 1.654 -3.4014 -1.9299 0.32589
0 1 1 0 64.137 -12.574 -3.747 -7.1356 -5.489 3.2244 -6.3058 6.6781 0.49067 0.78552 1.356 -6.5543 1.4294 -3.0952
0 1 1 0 64.438 -13.26 -4.3419 -9.8317 -5.2931 2.1645 -9.6511 9.0289 0.66084 4.1105 -4.7099 -9.3615 -2.8685 -2.716
0 1 1 0 62.826 -12.924 -4.8446 -6.4047 -7.0773 1.2795 -7.0969 3.4102 2.0483 -0.5157 2.5535 -4.7149 2.8552 -0.9478
0 1 1 0 61.506 -16.163 4.6301 -14.807 3.7461 -1.0867 -11.484 11.701 -4.0429 5.9238 -2.4885 -7.1864 7.2595 -6.3598
0 1 1 0 62.851 -12.389 6.054 -5.9473 0.31637 5.7993 -11.862 9.433 -3.187 0.090575 2.3711 -6.9438 7.7759 -5.2165
0 1 1 0 65.591 -13.495 0.68782 -2.7482 -3.9634 4.9009 -3.7162 -0.096117 11.647 -10.618 1.6381 -2.7992 0.1063 3.1125
0 1 1 0 65.564 -13.39 -5.2149 -8.8509 -5.4087 1.5011 -10.17 8.9073 -1.2959 2.0566 -4.9698 -7.0679 -0.89417 -0.77221
0 1 1 0 63.855 -13.487 -5.9479 -8.7693 -8.2738 1.7494 -13.761 4.768 -3.5591 -6.4241 -0.43573 -7.3464 1.7661 -1.3583
0 1 1 0 63.064 -12.631 5.8171 -6.6173 1.5493 4.6199 -9.5128 8.4058 -3.4929 0.83802 2.3367 -7.2988 7.3058 -4.2232
0 1 1 0 65.878 -14.061 0.040155 -3.825 -3.2217 4.9456 -3.1374 -3.1129 11.141 -7.1791 6.8509 -9.1866 -2.7234 2.058
0 1 1 0 65.391 -10.702 -1.4697 -5.6562 -1.8797 3.5339 -8.4663 11.404 -2.059 4.9516 -4.1143 -5.6741 2.0828 -2.7181
0 1 1 0 63.899 -13.243 -6.0202 -6.3895 -5.6729 2.9116 -10.965 8.3139 -2.1541 1.913 0.55434 -11.022 -1.9294 -5.7763
0 1 1 0 64.672 -11.542 -8.6359 -5.9651 -8.1353 -0.50695 -7.9875 2.0521 3.857 -1.3216 0.77015 -5.7177 -3.0998 0.40325
0 1 1 0 64.817 -12.283 -2.9796 -7.8398 -0.054663 2.9774 -6.5865 9.3275 -2.6089 4.673 -6.4704 -1.8045 3.9601 -1.9066
0 1 1 0 62.53 -12.607 -3.2029 -8.0064 -2.6377 4.7444 -9.191 9.3543 -2.7903 2.2066 -2.3856 -7.1347 6.5834 -2.0668
0 1 1 0 63.497 -14.617 5.8013 -9.0009 1.5817 3.1107 -6.8444 7.5096 -1.7413 1.0453 0.47044 -7.44 5.2928 -3.966
0 1 1 0 64.499 -14.252 -0.91939 -3.1061 -4.2191 8.4153 -6.3681 0.43489 6.7588 -5.583 5.279 -4.0347 -3.5356 3.3242
0 1 1 0 63.59 -12.82 -7.2483 -5.7251 -7.357 3.0162 -7.4418 1.13 3.9901 -0.05095 -0.39789 -3.4276 -0.9865 4.3806
0 1 1 0 65.643 -10.653 -2.0767 -6.4837 -0.84149 1.3165 -4.2166 7.8689 -1.4867 5.6407 -5.1672 -3.9593 0.16318 -0.85316
0 1 1 0 64.643 -10.002 -1.3076 -3.1053 -4.0781 2.8009 -7.4825 8.1242 3.2633 -0.89763 0.71123 -7.155 2.3497 -2.0959
0 1 1 0 66.801 -11.215 -4.3731 -2.8861 -3.8006 3.9142 -3.4245 2.1166 0.60043 6.2925 0.15931 -6.415 -3.3486 -0.50309
0 1 1 0 65.988 -12.35 -4.1181 -5.2005 -1.5626 3.724 -10.212 11.859 -2.4748 2.4319 0.055305 -1.9119 -0.99178 -1.5392
0 1 1 0 64.053 -13.26 -7.1923 -7.8516 -8.1578 1.0248 -13.731 7.5442 0.72127 -2.1666 -0.85418 -7.1934 1.9171 -2.1122
0 1 1 0 66.002 -12.401 -6.9346 -8.2529 -3.0078 2.2092 -7.8965 9.0402 -3.9675 0.7447 -4.0948 -2.3005 1.567 -3.4662
0 1 1 0 64.362 -12.314 -6.211 -7.5311 -5.7529 0.71566 -9.6983 7.9867 -5.5086 -6.6041 0.3349 -7.129 3.9746 -4.6534
0 1 1 0 65.244 -13.538 -6.4141 -7.7495 -5.3919 -1.693 -8.3087 7.3064 -3.8088 8.013 -3.5601 -7.6006 -0.86799 -4.5183
0 1 1 0 64.594 -12.608 -7.4747 -8.0454 -6.6765 1.6361 -6.8276 8.6571 0.59511 1.4276 -1.0945 -12.58 0.93799 -4.6381
0 1 1 0 64.333 -12.185 -8.831 -5.8402 -8.4282 -0.77402 -5.8951 1.6616 3.4375 -1.2807 -3.3481 -6.5385 -3.8437 2.8186
0 1 1 0 64.523 -14.527 -7.1795 -10.937 -8.9791 -0.26971 -10.582 6.4666 -4.4044 6.3734 -7.4884 -4.0522 -1.8809 -4.2937
0 1 1 0 64.644 -13.12 -7.4353 -8.3762 -5.1019 1.0646 -11.419 6.8444 -2.475 1.8067 -0.78373 -7.8234 3.6935 -1.7098
0 1 1 0 63.738 -11.415 -7.0139 -5.1351 -7.1261 -0.68091 -7.4828 2.9826 5.1838 -4.5281 2.8432 -4.7683 -5.6567 -0.28829
0 1 1 0 64.752 -11.547 -1.1215 -2.1089 -4.7092 2.0243 -3.7759 3.5339 4.5235 -0.0044923 1.5674 -8.9776 2.3047 -0.11486
0 1 1 0 63.744 -11.911 -7.2963 -4.7475 -8.8837 -1.6472 -6.1315 3.1406 4.604 -1.0968 -0.20183 -5.669 -5.6606 2.0788
0 1 1 0 64.779 -13.15 -4.8115 -7.1139 -3.7664 3.4486 -7.205 8.8658 -4.5038 5.7621 -0.74039 -4.3664 0.21079 -3.6121
0 1 1 0 64.11 -12.355 -4.6145 -6.5019 -5.809 5.2965 -9.1949 8.9891 -2.4274 -1.0159 2.1183 -9.72 4.3071 -4.2583
0 1 1 0 65.443 -10.013 -3.1901 -2.8734 -4.4953 7.8074 -5.1739 2.0379 3.0844 -2.9726 3.4207 -7.2234 1.18 0.18525
0 1 1 0 66.115 -11.049 -2.369 -4.958 -5.6068 3.4436 -5.1229 8.0087 -1.5256 -0.74766 0.57469 -1.397 -3.2554 1.5871
0 1 1 0 65.544 -13.85 -5.8788 -8.2163 -7.2568 -0.17437 -10.626 7.3046 -4.2291 -1.4197 -2.2287 -1.9214 -3.2264 -3.4002
0 1 1 0 64.735 -12.462 -7.0764 -7.2056 -5.2485 2.9335 -6.0243 9.3376 -3.5605 -0.50351 1.3515 -7.4704 3.4687 -2.0602
0 1 1 0 65.473 -12.466 -2.374 -3.4665 -4.8978 4.4035 -6.3487 8.7212 0.4274 2.1882 -1.5357 -5.2252 -1.6316 -1.8106
