0 0 1 0 78.314 -4.9202 -0.32076 -14.057 6.8042 3.5169 -8.7941 -7.4993 -7.6589 0.13095 -4.6696 1.2635 -4.6399 -1.7275
0 0 1 0 77.327 -10.215 -8.3494 10.202 -3.1584 3.4003 -11.711 -3.5338 1.012 -7.1149 -1.4082 0.39183 -4.359 -1.3963
0 0 1 0 77.278 -1.5904 -18.816 8.7347 7.6913 -2.4334 -1.035 -3.2474 -4.4554 -1.401 -0.35826 -5.4378 -0.48391 3.6357
0 0 1 0 77.278 -1.5904 -18.816 8.7347 7.6913 -2.4334 -1.035 -3.2474 -4.4554 -1.401 -0.35826 -5.4378 -0.48391 3.6357
0 0 1 0 81.979 -11.333 -4.3582 -6.384 8.9974 -8.0993 -5.8504 -6.7042 -4.9498 -2.2076 -10.071 -9.8079 -10.62 -7.9006
0 0 1 0 81.979 -11.333 -4.3582 -6.384 8.9974 -8.0993 -5.8504 -6.7042 -4.9498 -2.2076 -10.071 -9.8079 -10.62 -7.9006
0 0 1 0 79.617 -11.442 -2.927 3.8261 8.3099 -4.1048 -6.0068 3.5553 -7.5218 -3.6738 -4.8518 1.4702 -1.8689 0.35354
0 0 1 0 79.617 -11.442 -2.927 3.8261 8.3099 -4.1048 -6.0068 3.5553 -7.5218 -3.6738 -4.8518 1.4702 -1.8689 0.35354
0 0 1 0 81.214 -11.901 -2.3574 -4.7026 1.7746 -5.1299 -14.21 -6.8896 -6.8703 -6.1198 -8.4298 -0.83593 -9.4104 -9.7121
0 0 1 0 80.969 -12.488 -5.2322 4.5814 -0.81352 -2.4102 -11.979 -5.0784 -4.2801 -4.4075 -5.3498 1.6089 -7.9985 -6.6053
0 0 1 0 80.766 -11.708 -5.9576 5.9445 -0.96187 -1.9628 -11.533 -5.5265 -3.8359 -4.8602 -5.791 1.3357 -7.3004 -5.8382
0 0 1 0 80.801 -5.3904 -2.6801 -9.5916 -7.9074 5.0687 -5.3061 -9.7396 -6.2462 -15.301 -4.0944 -8.5943 -8.7187 -6.6623
0 0 1 0 83.755 -10.491 -3.0625 -11.61 2.0911 -4.8284 -15.009 -6.146 -8.3402 -9.1466 -12.645 -10.713 -12.349 -11.053
0 0 1 0 83.755 -10.491 -3.0625 -11.61 2.0911 -4.8284 -15.009 -6.146 -8.3402 -9.1466 -12.645 -10.713 -12.349 -11.053
0 0 1 0 83.553 -10.676 -2.507 -8.6097 1.8336 -2.8638 -16.147 -4.2286 -7.9321 -7.044 -10.382 -7.1454 -9.7821 -10.575
0 0 1 0 78.634 -3.1076 1.6223 -15.138 2.2794 0.91789 -2.9491 -8.9912 -12.471 0.7745 -8.5608 -3.7579 -8.6966 -3.1874
0 0 1 0 81.26 -7.9547 -2.5884 -9.0045 7.9361 -5.4283 -8.4631 -10.526 -3.6475 -5.2482 -6.9653 -4.7545 -7.53 -7.0389
0 0 1 0 80.923 -14.956 -4.3326 7.1924 3.1455 1.2241 -7.7223 -0.25344 -1.6609 -6.257 -1.9555 0.65762 1.6953 -0.16691
0 0 1 0 80.809 -14.525 -6.1909 9.8762 1.0047 1.6774 -7.5033 -0.7808 -0.52805 -5.855 -2.9341 0.25838 1.8493 -0.77912
0 0 1 0 80.767 -11.258 -10.053 10.744 -1.4197 3.5126 -5.9587 -4.6994 2.1569 -3.6219 -4.049 -0.93005 1.5789 -1.045
0 0 1 0 80.767 -11.258 -10.053 10.744 -1.4197 3.5126 -5.9587 -4.6994 2.1569 -3.6219 -4.049 -0.93005 1.5789 -1.045
0 0 1 0 80.911 -9.8271 -4.3637 -8.593 7.779 3.2027 -11.197 -5.8832 0.89829 0.477 -5.5903 -1.5375 -1.736 -4.0456
0 0 1 0 80.473 -9.2519 -3.7883 -8.3385 10.399 2.5998 -9.677 -6.6748 0.97904 0.37875 -6.1075 -2.0699 0.99505 -1.437
0 0 1 0 81.753 -8.7303 -3.7626 -4.4241 10.868 -3.2366 -9.4555 0.43552 -5.086 -1.1147 -5.4756 2.9181 -5.5116 -1.0012
0 0 1 0 81.753 -8.7303 -3.7626 -4.4241 10.868 -3.2366 -9.4555 0.43552 -5.086 -1.1147 -5.4756 2.9181 -5.5116 -1.0012
0 0 1 0 79.476 -8.5391 -1.5294 -6.4554 3.3942 3.4303 -12.75 -3.1992 -5.2066 1.2256 -7.7475 -0.1352 -2.7098 -3.5809
0 0 1 0 80.616 -7.2489 -11.815 11.219 0.30624 -0.2231 -3.6323 -4.4142 2.5948 -4.6775 -5.5782 2.6484 -0.85765 -0.36915
0 0 1 0 80.616 -7.2489 -11.815 11.219 0.30624 -0.2231 -3.6323 -4.4142 2.5948 -4.6775 -5.5782 2.6484 -0.85765 -0.36915
0 0 1 0 78.088 -6.5934 5.882 -16.202 -5.7469 3.8669 -1.5815 -2.2427 -7.9497 -5.4682 -5.4096 -5.1474 -5.7768 -7.9995
0 0 1 0 79.218 -6.9223 2.9997 -9.4432 -7.6731 12.859 -3.4099 -0.6399 -9.5664 -4.7169 -0.091536 -0.065874 -3.1535 -0.96224
0 0 1 0 79.425 -6.7672 3.8462 -11.665 -6.5529 10.546 -3.6958 -2.4063 -10.994 -5.542 -1.263 -2.1055 -3.9752 -2.1108
0 0 1 0 80.994 -9.3159 -13.959 6.8513 -5.8327 -4.5897 -9.4992 -8.1918 -3.3627 -11.188 -7.6536 -5.3299 -9.6275 -8.6042
0 0 1 0 80.51 -8.9553 -14.663 7.5255 -4.5085 -5.9458 -7.0677 -7.9805 -2.4219 -9.5898 -6.7361 -3.3989 -8.6728 -7.9306
0 0 1 0 79.04 -7.7679 -3.3175 -12.234 8.6226 -2.3441 -11.554 -6.9104 -4.0447 -0.17478 -4.9042 -1.5997 -9.8307 -6.9345
0 0 1 0 80.41 -5.4984 -8.1087 -1.5775 -7.7412 11.365 -1.3528 -9.2114 -11.403 8.6024 -11.457 4.7964 -3.9564 -1.997
0 0 1 0 80.41 -5.4984 -8.1087 -1.5775 -7.7412 11.365 -1.3528 -9.2114 -11.403 8.6024 -11.457 4.7964 -3.9564 -1.997
0 0 1 0 73.152 3.9256 7.0858 -18.053 -9.5043 -13.887 2.8067 -0.96355 -3.4044 -4.0423 -4.5757 -11.905 -7.7919 -7.6915
0 0 1 0 79.808 -7.6444 -3.7608 -10.553 0.37322 2.0191 -15.817 -4.5054 -12.532 -5.6374 -5.8501 -8.2184 -10.764 -9.4202
0 0 1 0 79.981 -7.4508 -3.3584 -11.319 0.25256 1.6198 -15.286 -4.1299 -12.285 -5.1421 -5.436 -7.5707 -10.557 -8.5731
0 0 1 0 80.539 -10.415 -3.138 1.9434 10.492 -3.2861 -5.1109 2.2829 -5.0219 -2.6248 -4.7352 2.7533 -1.411 1.4076
0 0 1 0 80.663 -10.309 -3.2112 1.6319 10.357 -3.4906 -5.4084 1.7977 -4.8378 -3.0035 -5.313 2.3115 -1.6558 1.2704
0 0 1 0 81.81 -9.5007 -10.957 2.0708 -2.2527 4.8702 -9.0979 -8.8796 -0.35959 -7.3082 -9.6811 -11.179 -14.596 -6.6436
0 0 1 0 81.81 -9.5007 -10.957 2.0708 -2.2527 4.8702 -9.0979 -8.8796 -0.35959 -7.3082 -9.6811 -11.179 -14.596 -6.6436
0 0 1 0 81.84 -9.3421 -10.297 1.5372 -1.6624 6.1848 -9.0884 -7.8535 -0.62328 -6.4329 -8.7589 -10.016 -13.858 -6.6767
0 0 1 0 80.185 -11.326 -2.5875 -2.9151 9.1083 -6.3642 -9.4426 -2.57 -2.0914 -1.3527 -6.2096 2.462 -2.162 -3.6456
0 0 1 0 80.554 -10.52 -2.7835 -4.1439 9.0538 -8.2469 -9.3655 -4.23 -2.3426 -3.3765 -5.7466 2.3765 -3.4629 -6.6457
0 0 1 0 76.625 -1.8768 -19.955 4.03 7.975 -5.9156 -6.062 -3.1825 -2.1171 -2.3727 0.22707 -5.8016 -1.9935 -1.5553
0 0 1 0 76.818 -2.3497 -19.263 5.0984 8.421 -5.1887 -4.8932 -2.3328 -1.2618 -2.2979 -0.034915 -4.6169 0.1496 0.34055
0 0 1 0 81.581 -8.9106 -16.322 8.5712 -2.1573 -1.8231 -9.4145 -6.2909 1.1358 -4.0469 -8.3065 1.6051 -6.3573 -7.187
0 0 1 0 81.581 -8.9106 -16.322 8.5712 -2.1573 -1.8231 -9.4145 -6.2909 1.1358 -4.0469 -8.3065 1.6051 -6.3573 -7.187
0 0 1 0 80.909 -8.2407 -10.378 0.66683 -3.392 5.4876 -12.541 -11.311 -0.36555 -8.2732 -10.199 -8.8711 -9.3859 -8.7332
0 0 1 0 80.909 -8.2407 -10.378 0.66683 -3.392 5.4876 -12.541 -11.311 -0.36555 -8.2732 -10.199 -8.8711 -9.3859 -8.7332
0 0 1 0 80.909 -8.2407 -10.378 0.66683 -3.392 5.4876 -12.541 -11.311 -0.36555 -8.2732 -10.199 -8.8711 -9.3859 -8.7332
0 0 1 0 80.28 -10.765 -14.939 9.0755 -1.356 -5.998 -4.0806 -9.8172 -4.2059 -7.6695 -13.603 -8.7499 -12.123 -11.734
0 0 1 0 80.28 -10.765 -14.939 9.0755 -1.356 -5.998 -4.0806 -9.8172 -4.2059 -7.6695 -13.603 -8.7499 -12.123 -11.734
0 0 1 0 80.201 -11.271 -14.584 10.372 -0.95644 -5.4987 -3.4564 -7.5838 -4.2428 -8.1771 -13.054 -7.8638 -12.923 -10.964
0 0 1 0 83.543 -8.4099 -11.993 -0.51734 -5.8062 4.077 -13.234 -13.473 -2.7251 -9.1802 -9.8281 -11.06 -14.333 -8.2346
0 0 1 0 83.718 -8.5538 -11.474 -0.26259 -5.3342 4.381 -13.189 -13.087 -2.7135 -8.5412 -8.4506 -9.744 -13.338 -7.9142
0 0 1 0 83.718 -8.5538 -11.474 -0.26259 -5.3342 4.381 -13.189 -13.087 -2.7135 -8.5412 -8.4506 -9.744 -13.338 -7.9142
0 0 1 0 80.309 -10.133 -9.5192 10.471 -2.4639 1.7549 -5.8526 -0.60325 1.587 -6.4282 -1.5856 1.7975 -3.2093 0.90662
0 0 1 0 80.583 -10.077 -9.6098 9.4961 -2.6462 1.5988 -5.9909 -0.82313 1.5847 -6.2958 -1.906 1.3795 -3.4817 0.42819
0 0 1 0 78.633 -8.33 -1.9365 -10.84 7.5009 2.8371 -7.8597 -5.2684 -3.6432 2.809 -8.3896 -2.8003 -3.5525 1.3473
0 0 1 0 79.944 -11.237 -1.5732 -11.835 -14.197 9.3489 -10.051 -5.149 -17.932 -5.5857 -6.0106 -11.656 -19.313 -5.7932
0 0 1 0 79.855 -11.875 -2.5518 -11.765 -14.686 9.0792 -10.765 -5.5989 -18.075 -5.557 -5.4348 -10.341 -18.197 -3.7559
0 0 1 0 79.749 -11.926 -3.2581 -9.5287 -12.462 10.696 -10.231 -4.802 -16.424 -5.0198 -4.4298 -6.8319 -15.079 0.92258
0 0 1 0 79.943 -10.904 -5.1474 3.4116 6.4117 2.7141 -11.307 3.13 -2.2548 -4.027 -3.3908 -1.1052 1.1453 -1.3699
0 0 1 0 80.202 -10.46 -5.0993 2.8805 6.0906 2.8822 -11.735 2.5951 -2.2105 -4.2822 -4.0199 -1.9077 0.82745 -1.4234
0 0 1 0 79.507 -1.6527 -16.881 7.1925 -0.23865 -6.3608 -4.073 -10.041 -5.9674 -2.6632 -3.5894 -6.4926 -3.4741 -4.7328
0 0 1 0 79.312 -1.0542 -17.335 5.8503 -0.017265 -6.9599 -4.792 -9.7127 -8.2736 -3.2939 -4.3803 -7.4785 -4.3728 -5.5871
0 0 1 0 76.481 1.59 -17.97 -3.1789 -1.8869 -5.7264 -0.19981 -5.3821 -16.694 -10.017 -3.0473 -10.047 -15.311 -7.8962
0 0 1 0 76.673 1.4151 -18.48 -3.2949 -1.783 -5.2026 0.34312 -5.8109 -16.392 -10.636 -2.8985 -10.868 -15.335 -8.066
0 0 1 0 80.773 -11.817 -3.0822 -0.70639 3.2123 2.7406 -13.142 0.98811 -2.89 -1.4383 -6.0733 3.0509 1.8264 -2.3144
0 0 1 0 80.821 -11.338 -3.0302 -2.0621 3.5296 2.5567 -13.344 1.1967 -3.3079 -0.40157 -5.8573 2.9466 1.3519 -2.8019
0 0 1 0 76.819 1.8708 -18.199 -8.829 1.4013 -2.3146 -10.722 -7.8159 -9.4768 -14.737 -11.821 -15.101 -12.352 -10.242
0 0 1 0 76.992 2.0209 -18.927 -8.9121 3.1995 -1.5687 -10.371 -7.8423 -8.1447 -15.251 -13.189 -15.699 -13.349 -12.094
0 0 1 0 76.4 2.1138 -19.391 -5.712 7.0949 -2.2965 -10.859 -5.9415 -6.8303 -11.695 -9.6025 -13.571 -10.784 -9.1058
0 0 1 0 78.126 -11.686 -2.3343 -2.6625 3.0222 3.5556 -9.8488 -6.0297 3.4488 -2.8506 -7.1644 -0.26599 -1.4015 -0.27969
0 0 1 0 78.373 -12.419 -3.6083 0.060797 3.6361 2.2691 -8.0385 -6.3556 5.033 -2.9491 -6.8632 1.2622 0.41846 0.30489
0 0 1 0 78.364 -11.002 -8.1994 5.4121 3.5572 -1.6484 -3.6852 -8.5738 5.127 -2.4298 -5.6314 0.59142 1.7709 -0.26402
0 0 1 0 78.252 -7.2074 -12.331 6.9103 1.8024 -3.1082 -2.526 -9.5934 3.0198 -1.0345 -3.6154 -0.90907 2.8721 -1.2838
0 0 1 0 75.306 0.75588 -0.40048 -21.451 -4.3335 -3.7918 3.6428 -5.42 -10.577 -13.933 -4.0215 -4.1274 -4.9575 -10.663
0 0 1 0 77.322 -0.84049 0.17836 -20.415 -0.96577 0.17222 3.431 -4.9091 -7.6072 -7.9306 -1.9645 -0.34251 -3.4946 -7.3139
0 0 1 0 77.785 -2.7743 5.0733 -18.808 -12.367 -4.2166 -5.4827 0.43386 -15.422 -7.4947 -11.971 -8.3992 -10.498 -7.0265
0 0 1 0 76.818 -4.1825 7.9785 -22.899 -7.482 -7.7096 -0.99746 -2.0708 -5.7291 -3.0134 -15.228 -17.185 -20.067 -8.0619
0 0 1 0 76.818 -4.1825 7.9785 -22.899 -7.482 -7.7096 -0.99746 -2.0708 -5.7291 -3.0134 -15.228 -17.185 -20.067 -8.0619
0 0 1 0 77.148 -2.8888 8.3745 -23.133 -6.438 -8.1778 0.63749 -3.8406 -5.4102 -4.5779 -13.776 -18.464 -19.181 -8.7534
0 0 1 0 77.698 2.2293 -19.267 -5.7198 2.6651 -3.7974 -3.1455 -2.1232 -8.7088 -11.612 2.1581 -3.5069 -6.777 -8.7597
0 0 1 0 77.698 2.2293 -19.267 -5.7198 2.6651 -3.7974 -3.1455 -2.1232 -8.7088 -11.612 2.1581 -3.5069 -6.777 -8.7597
0 0 1 0 81.847 -10.484 -9.6945 0.61941 -3.672 0.09911 -15.501 -6.6208 -2.4734 -7.6796 -5.1218 -4.6937 -5.6824 -8.4859
0 0 1 0 82.392 -11.485 -7.8884 -0.77106 -2.0568 0.28748 -16.489 -3.3863 -2.3167 -5.4421 -3.9088 -2.727 -5.9579 -7.763
0 0 1 0 82.257 -12.139 -6.3012 -1.6346 0.20925 0.23515 -16.566 -0.39903 -2.254 -3.0306 -2.6022 -1.3494 -5.8645 -6.8223
0 0 1 0 82.149 -10.521 -9.8277 4.4755 -2.5907 -2.1974 -9.6945 -5.6671 -0.12325 -11.238 -3.2571 -3.6891 -7.456 -5.0751
0 0 1 0 82.099 -10.984 -9.8418 3.7187 -2.4642 -2.653 -10.109 -7.2061 -0.52948 -12.033 -3.8197 -4.7248 -8.2443 -5.7316
0 0 1 0 75.83 -5.7831 6.6832 -15.201 -4.5837 5.5827 -1.2251 3.7344 -9.4833 -3.3781 -6.2214 1.5367 -0.45067 -2.0895
0 0 1 0 83.133 -10.59 -5.1364 -11.695 0.037079 -3.2665 -16.112 -4.7683 -10.452 -9.1704 -14.461 -13.273 -15.635 -9.147
0 0 1 0 83.133 -10.59 -5.1364 -11.695 0.037079 -3.2665 -16.112 -4.7683 -10.452 -9.1704 -14.461 -13.273 -15.635 -9.147
0 0 1 0 78.567 -7.4838 -5.7827 -3.3586 -8.5941 2.1749 -2.0539 -11.877 -8.8856 0.09847 -9.7441 1.0245 -9.1738 -10.38
0 0 1 0 76.176 3.4326 -15.765 -9.1447 5.2577 -2.1032 -2.3563 -0.4752 -7.5104 -6.8618 -4.7933 1.3501 -0.77576 -9.6293
0 0 1 0 79.239 -5.9133 -0.64557 -9.9184 3.5308 7.8081 -4.3523 -7.1266 -3.8757 1.2607 -1.824 -1.7633 -2.0721 1.606
0 0 1 0 82.727 -11.007 -3.2069 -8.8771 7.8637 -10.577 -11.247 -7.7003 -6.6835 -6.2967 -13.955 -7.3132 -11.73 -8.2077
0 0 1 0 82.425 -12.072 -3.6568 -8.6553 9.078 -10.235 -9.3419 -6.6356 -5.0113 -6.9215 -14.552 -9.5326 -13.73 -8.6014
0 0 1 0 82.395 -11.512 -4.9065 -10.816 10.832 -8.356 -7.8728 -7.7806 -3.7989 -7.3347 -13.216 -14.231 -16.89 -9.572
0 0 1 0 82.337 -8.0055 -3.3968 -11.346 11.253 -6.5034 -6.4655 -8.3685 -4.1468 -5.7155 -7.8199 -9.7217 -11.847 -8.0125
0 0 1 0 77.983 -7.8699 5.0717 -16.696 -11.185 0.30106 -6.6137 2.725 -13.718 -8.5132 -11.068 -9.1307 -11.523 -7.9921
0 0 1 0 82.389 -7.4493 -16.982 1.8535 0.86071 -6.9292 -5.5251 -11.772 -1.0034 -3.034 -5.8818 -6.2628 -6.3215 -7.0867
0 0 1 0 82.389 -7.4493 -16.982 1.8535 0.86071 -6.9292 -5.5251 -11.772 -1.0034 -3.034 -5.8818 -6.2628 -6.3215 -7.0867
0 0 1 0 83.007 -12.889 -9.6237 5.8177 -4.382 -3.8161 -12.835 -3.9105 -7.3778 -8.8669 -5.1607 -8.0851 -8.1832 -6.7526
0 0 1 0 83.007 -12.889 -9.6237 5.8177 -4.382 -3.8161 -12.835 -3.9105 -7.3778 -8.8669 -5.1607 -8.0851 -8.1832 -6.7526
0 0 1 0 78.159 0.0098666 -0.83848 -18.68 0.7323 -0.27991 2.9288 -10.135 -9.3471 -6.8372 -0.70397 -4.0427 -3.4654 -7.7808
0 0 1 0 80.59 -7.1539 -6.5385 -5.0407 -7.4267 0.70929 1.7766 -12.98 -12.792 -5.5625 -7.2706 -4.2955 -12.412 -8.5315
0 0 1 0 77.222 -6.0755 5.7772 -15.079 -2.779 8.5847 -1.1346 1.8902 -10.356 -1.7253 -2.8619 -0.68253 1.4032 0.27868
0 0 1 0 77.612 -7.3991 1.6058 -7.6587 6.5747 3.1115 -9.267 -6.8574 -3.9175 1.6518 -7.6411 1.3556 0.78661 2.2626
0 0 1 0 80.107 -7.0664 -12.143 2.1365 -6.5491 3.6977 -11.853 -10.775 -5.1279 -11.529 -6.8257 -13.079 -12.401 -11.947
0 0 1 0 82.609 -11.231 -11.765 4.8886 -6.2098 -1.5172 -14.426 -7.3901 -4.351 -14.624 -4.6073 -9.0063 -11.884 -8.2618
0 0 1 0 82.666 -11.06 -12.193 4.0082 -7.086 -1.471 -14.742 -8.2953 -4.505 -14.829 -4.8232 -8.4763 -11.747 -8.9594
0 0 1 0 82.673 -9.8932 -12.238 3.0755 -7.6396 0.14398 -13.07 -8.2509 -2.9895 -13.361 -3.9093 -6.12 -10.206 -9.364
0 0 1 0 80.283 -5.2976 -13.292 -0.60164 -9.2913 3.5515 -6.1405 -7.3843 -2.501 -9.9989 -3.6138 -2.8291 -7.4027 -7.7579
0 0 1 0 81.336 -7.53 -3.8495 -10.797 10.719 1.5148 -9.5184 -6.831 -0.070793 1.8224 -6.6656 -1.8833 -3.3684 -3.7627
0 0 1 0 81.336 -7.53 -3.8495 -10.797 10.719 1.5148 -9.5184 -6.831 -0.070793 1.8224 -6.6656 -1.8833 -3.3684 -3.7627
0 0 1 0 78.501 -1.6959 -10.466 -5.9152 -9.5888 -5.1696 5.1267 -8.8612 -12.217 -9.0967 -8.5969 -9.0788 -11.773 -6.68
0 0 1 0 81.261 -10.833 -2.0467 -5.7905 7.5894 -8.7068 -10.21 -5.314 -4.0168 -4.7006 -7.0369 0.90157 -6.9168 -7.1355
0 0 1 0 81.155 -10.911 -2.0222 -5.9138 8.4889 -8.1662 -9.1179 -4.8954 -2.7559 -3.8852 -6.2719 1.6318 -5.9805 -6.0027
0 0 1 0 83.773 -12.505 -14.365 7.8476 -7.024 -7.0249 -10.662 -6.6998 -7.7081 -11.545 -6.3789 -6.4885 -10.693 -9.1928
0 0 1 0 83.579 -12.25 -14.982 7.9199 -6.9055 -7.6628 -10.011 -6.8298 -6.9384 -10.827 -6.4841 -5.4368 -10.698 -9.3407
0 0 1 0 81.547 -7.1838 -0.36121 -13.658 -4.3816 7.9177 -3.806 -7.4767 -7.5823 -4.6274 -0.71853 -1.353 -4.5091 -5.8229
0 0 1 0 81.535 -6.66 0.34022 -14.711 -1.8884 7.8795 -2.6437 -6.8411 -7.9126 -3.3272 0.41551 -1.2906 -5.0897 -5.3817
0 0 1 0 81.32 -6.0503 0.95526 -15 -0.42881 7.6426 -1.8607 -6.279 -8.0392 -2.7866 0.84368 -1.1081 -5.1988 -4.9647
0 0 1 0 78.115 -10.108 0.11243 -7.1207 6.382 -1.5456 -14.906 -5.3107 -9.0353 -3.9377 -12.065 -8.2713 -11.397 -9.8222
0 0 1 0 77.841 -8.1042 2.7797 -13.233 0.79718 6.6847 -1.2636 -2.3176 -6.018 -1.5404 -2.3432 -0.56815 1.8527 0.17697
0 0 1 0 79.345 -7.3291 -12.085 0.3161 -5.4721 6.4682 -8.1416 -13.023 2.9784 -4.0753 -8.3549 -1.9154 -6.0462 -6.1355
0 0 1 0 79.564 -6.4563 -11.105 1.6109 -3.4439 7.4538 -10.503 -13.676 2.011 -4.8118 -8.1796 -2.7161 -5.6929 -5.0432
0 0 1 0 79.817 -10.857 -11.405 10.723 -3.2319 1.2376 -6.2527 -1.8266 3.0988 -6.4452 -2.1483 -0.10535 -4.4062 0.13928
0 0 1 0 81.939 -10.891 -10.57 5.6722 -3.7491 0.10571 -11.766 -2.2964 -0.25952 -9.8021 -2.1109 -4.404 -7.1563 -3.592
0 0 1 0 82.392 -10.558 -10.188 4.4358 -3.5456 -0.020211 -13.249 -2.5055 -1.4379 -10.459 -2.636 -5.4036 -7.2384 -4.1667
0 0 1 0 76.691 -2.6041 -17.376 -3.3132 -7.3913 -6.1295 0.4097 -11.353 -12.093 -5.6945 -4.804 -7.1903 -14.281 -8.6867
0 0 1 0 80.527 -10.059 -1.9155 -6.9223 10.291 -7.2752 -12.282 -6.676 -5.3381 -3.4411 -8.5892 0.40235 -6.4187 -5.8029
0 0 1 0 80.461 -10.209 -2.0543 -7.1864 10.547 -6.998 -11.678 -6.5854 -4.8854 -3.0816 -7.9777 0.84048 -5.723 -5.3109
0 0 1 0 77.211 -5.1853 3.2476 -19.879 -1.2585 -5.2412 -1.7474 -8.8122 -12.995 -6.3678 -7.5499 -4.4414 -7.2459 -2.9339
0 0 1 0 81.809 -12.304 -5.2841 -0.83286 1.6832 3.7612 -14.076 -0.46386 -0.43811 -5.0658 -2.4705 -1.9528 -1.5956 -5.229
0 0 1 0 81.809 -12.304 -5.2841 -0.83286 1.6832 3.7612 -14.076 -0.46386 -0.43811 -5.0658 -2.4705 -1.9528 -1.5956 -5.229
0 0 1 0 81.754 -6.3461 -13.636 -0.89895 1.5883 1.7161 0.062635 -12.245 -0.75952 4.9243 -5.2513 -2.1288 -1.969 -2.4357
0 0 1 0 83.52 -8.495 -11.524 -4.3736 -2.7269 2.3087 -3.0287 -13.054 -5.9508 4.0493 -9.4079 0.50051 -8.2888 -6.7158
0 0 1 0 83.828 -8.4403 -10.387 -5.4193 -6.9603 3.3937 -3.5337 -13.854 -11.267 2.9165 -11.041 -0.72532 -11.535 -6.3127
0 0 1 0 83.672 -8.4829 -10.441 -5.7093 -8.4129 3.381 -3.9238 -14.618 -13.353 2.2964 -11.79 -2.0614 -12.768 -6.4171
0 0 1 0 83.29 -8.3527 -10.346 -4.8812 -9.4329 3.3839 -3.1585 -14.979 -15.478 1.577 -12.303 -3.9136 -14.07 -6.6491
0 0 1 0 80.769 -4.5659 -14.647 -4.0278 -8.6974 -4.1777 -4.4041 -14.441 -12.969 -8.1803 -8.5695 -8.07 -5.8138 -4.0936
0 0 1 0 82.348 -4.9637 -11.764 -4.5877 -8.2367 -0.59664 -3.2687 -11.913 -11.522 -6.2392 -9.9098 -8.7278 -7.9706 -6.5454
0 0 1 0 82.707 -5.1241 -10.307 -5.0356 -7.8926 0.8315 -2.5805 -10.745 -10.858 -5.8362 -10.532 -8.8527 -8.6178 -7.4284
0 0 1 0 82.776 -5.2264 -8.8016 -5.5118 -7.4478 2.1651 -1.762 -9.5569 -10.102 -5.5776 -11.003 -8.7864 -8.9424 -8.0566
0 0 1 0 76.46 0.71673 0.12789 -16.281 2.0259 3.3457 6.4644 -4.0892 -6.4089 -7.6976 -0.2213 1.419 0.93982 -5.369
0 0 1 0 81.978 -9.2857 -1.1143 -19.676 -5.9046 1.3549 -5.3265 -6.0373 -14.772 -10.965 -8.4097 -11.778 -13.908 -7.3912
0 0 1 0 82.375 -9.3007 -1.4153 -19.307 -6.8911 2.3599 -5.5576 -5.7019 -14.996 -12.411 -9.5574 -13.351 -14.898 -8.9128
0 0 1 0 82.838 -8.1678 -1.2099 -17.047 -8.3357 5.3304 -5.977 -5.2097 -13.72 -13.466 -8.4087 -13.071 -13.943 -9.7199
0 0 1 0 80.889 -9.6732 -0.31712 -15.067 -2.5292 3.5066 -9.7202 -3.1312 -12.378 -7.3843 -4.6599 -7.0096 -9.5002 -8.7253
0 0 1 0 81.544 -13.248 -5.3903 -6.7614 0.56532 2.6058 -11.459 -7.8883 -6.4908 -9.6726 -6.2968 -8.9988 -9.0192 -8.1485
0 0 1 0 82.039 -13.53 -8.7143 -0.88301 -0.72203 -1.5371 -11.377 -11.609 -2.439 -10.914 -6.6545 -9.0278 -8.0136 -8.1581
0 0 1 0 81.874 -13.105 -9.2025 0.17895 -1.1578 -2.1586 -10.847 -11.681 -1.998 -10.689 -7.0058 -8.6572 -7.5575 -7.8702
0 0 1 0 81.874 -13.105 -9.2025 0.17895 -1.1578 -2.1586 -10.847 -11.681 -1.998 -10.689 -7.0058 -8.6572 -7.5575 -7.8702
