0 1 1 0 52.169 -13.389 7.0209 -6.977 2.6734 0.95557 -4.6963 6.9874 -8.8755 7.4621 -4.8446 1.588 0.54247 -2.9186
0 1 1 0 62.968 -8.6291 3.7429 -2.9937 -0.56677 2.4659 -3.938 2.7032 -1.0121 -2.045 4.3921 -5.4349 4.4098 -2.937
0 1 1 0 65.494 -6.8729 1.994 -1.3025 -1.6367 2.3616 -2.6974 0.67794 1.4433 -3.6316 4.0256 -3.2454 1.244 0.54432
0 1 1 0 66.164 -6.4587 1.6294 -1.3391 -0.9785 1.1833 -1.3842 -0.2411 1.5438 -2.8665 2.7345 -1.8895 0.24993 0.92245
0 1 1 0 66.063 -7.2813 2.7226 -2.5933 0.0086814 1.056 -2.486 1.989 -1.0967 -0.99249 2.6612 -3.9182 3.7655 -2.7484
0 1 1 0 65.844 -7.1657 2.4586 -2.0684 -0.72694 1.806 -3.0335 2.1541 -0.8319 -1.5077 3.1304 -4.1232 3.6537 -2.3968
0 1 1 0 65.715 -6.9329 1.9916 -1.2465 -1.6959 2.3643 -2.5765 0.43846 1.744 -3.9536 4.35 -3.5129 1.4365 0.42664
0 1 1 0 64.867 -7.6457 2.4401 -1.4804 -1.5919 2.2513 -2.2909 -0.03668 2.3005 -4.3619 4.3839 -3.1218 0.81372 1.0967
0 1 1 0 64.768 -7.7172 2.575 -1.7624 -1.1548 1.6903 -1.8069 -0.37222 2.2626 -3.9604 3.8051 -2.5852 0.23029 1.1623
0 1 1 0 66.143 -6.8175 2.2331 -2.323 0.30202 -0.13212 -0.54243 -0.27417 0.57182 -1.1226 0.79769 -0.41468 -0.57451 0.61854
0 1 1 0 64.465 -7.3502 3.0202 -3.3751 1.2477 -0.48803 -1.5996 2.2824 -3.3466 3.3394 -2.9823 1.2918 -1.0529 -1.1666
0 1 1 0 65.522 -7.4318 2.6674 -2.0856 -0.96694 2.2403 -3.5112 2.5085 -0.89909 -1.7519 3.5882 -4.6256 4.0571 -2.6057
0 1 1 0 63.983 -8.3707 2.9287 -1.5411 -1.9655 2.9446 -2.8168 0.10181 2.6694 -5.0867 5.0857 -3.1898 0.88095 1.5925
0 1 1 0 66.715 -6.7827 1.9581 -1.5263 -0.97014 1.1929 -1.2847 -0.60405 2.1097 -3.3968 2.9901 -1.9291 -0.12907 1.1403
0 1 1 0 66.626 -6.8923 2.2676 -2.0526 -0.26788 0.69057 -1.0784 -0.045822 0.94475 -1.9854 1.6677 -0.67846 0.0016175 1.0762
0 1 1 0 65.506 -7.2215 2.8638 -3.2544 1.2326 -0.57071 -1.3226 1.8317 -2.7365 2.6039 -2.2701 0.89973 -0.70751 -1.0728
0 1 1 0 60.926 -9.7322 4.4285 -3.9854 1.2667 -0.040921 -2.6387 3.6142 -4.3275 4.1377 -3.6771 0.7087 -0.92154 -1.7885
0 1 1 0 66.372 -7.266 2.5556 -2.1089 -0.74995 1.8386 -3.01 2.0162 -0.58831 -1.7692 3.3184 -4.1625 3.5311 -2.1797
0 1 1 0 66.439 -6.7991 2.0025 -1.4337 -1.3978 2.0551 -2.4085 0.49573 1.4095 -3.4227 3.777 -3.0805 1.1509 0.45322
0 1 1 0 66.409 -6.9235 2.1189 -1.6567 -0.8838 1.2213 -1.2498 -0.56889 2.0139 -3.3198 2.9415 -1.607 0.032251 1.3394
0 1 1 0 66.551 -6.9075 2.3743 -2.3894 0.29751 0.05111 -0.64352 0.064958 0.15054 -0.71502 0.35897 0.28561 -0.31652 0.80072
0 1 1 0 66.623 -6.9404 2.3842 -2.5777 0.59447 -0.34817 -0.68426 0.32796 -0.4712 0.23099 -0.53484 0.19835 -0.8621 0.083341
0 1 1 0 64.623 -7.6587 3.09 -3.271 1.103 -0.32361 -1.5976 2.1792 -2.9856 2.7227 -2.265 0.81866 -0.28582 -1.2993
0 1 1 0 66.586 -7.0071 2.5112 -2.4338 -0.07721 1.0437 -2.444 1.9797 -1.1214 -0.89635 2.4797 -3.7193 3.6103 -2.6611
0 1 1 0 64.901 -7.6266 2.8751 -2.3247 -0.73576 2.0688 -3.4245 2.4828 -0.91381 -1.7663 3.6621 -4.7498 4.2105 -2.741
0 1 1 0 64.828 -7.2864 2.5038 -1.8207 -1.3177 2.5509 -3.6057 2.2038 -0.24526 -2.5426 4.207 -4.8411 3.8033 -2.0477
0 1 1 0 65.863 -6.9315 1.9827 -1.241 -1.7131 2.4067 -2.6539 0.54793 1.6325 -3.8702 4.2986 -3.4861 1.3986 0.46266
0 1 1 0 62.693 -9.1289 3.0885 -1.5233 -2.0557 3.1119 -3.0168 0.25825 2.6147 -5.238 5.4796 -3.5471 1.09 1.6419
0 1 1 0 65.819 -6.8779 1.9367 -1.4209 -1.1424 1.4502 -1.506 -0.41381 2.0711 -3.5571 3.2803 -2.0658 0.068041 1.3933
0 1 1 0 66.108 -6.6233 2.0335 -2.0596 -0.0023952 0.24565 -0.79722 -0.14083 0.64738 -1.4227 1.1796 -0.52035 -0.34 0.95858
0 1 1 0 64.635 -6.8802 2.5946 -3.0365 1.2713 -0.57226 -0.9477 1.88 -2.9216 2.7566 -2.5488 2.1516 -0.14796 -0.20377
0 1 1 0 66.351 -7.2029 2.7209 -2.5634 -0.07635 1.1648 -2.6021 2.0649 -1.0489 -1.1383 2.8237 -4.0619 3.8902 -2.8119
0 1 1 0 63.629 -8.3772 3.3288 -2.2599 -1.3497 3.0084 -4.2526 2.7769 -0.4858 -2.783 4.8505 -5.6922 4.595 -2.593
0 1 1 0 65.953 -6.7835 1.933 -1.3259 -1.5239 2.2262 -2.6085 0.72701 1.2419 -3.3721 3.8513 -3.2071 1.3834 0.32566
0 1 1 0 65.816 -6.7534 1.8691 -1.4159 -1.1452 1.4789 -1.7126 -0.14015 1.719 -3.2011 3.0603 -2.1992 0.042153 1.059
0 1 1 0 65.461 -6.8493 1.9358 -1.6342 -0.67314 0.78884 -1.0331 -0.5296 1.5899 -2.539 2.0806 -1.2659 -0.63575 1.2105
0 1 1 0 65.874 -6.6979 2.1062 -2.1462 0.13257 0.16863 -0.70916 0.044018 0.28314 -0.96056 0.6449 0.13451 -0.32242 1.056
0 1 1 0 63.475 -7.354 2.9869 -3.2982 1.0745 -0.13142 -2.1695 2.9738 -3.9835 3.8735 -3.2068 0.93047 -0.73034 -1.8639
0 1 1 0 56.352 -9.1252 5.2044 -5.0196 1.5563 1.1154 -4.8793 6.5612 -7.608 6.6197 -4.787 1.9713 0.1957 -2.1918
0 1 1 0 66.346 -6.981 2.35 -2.0273 -0.65994 1.7431 -2.8544 2.084 -0.79597 -1.5506 3.1172 -3.7808 3.8048 -2.0831
0 1 1 0 65.872 -7.1327 2.3811 -1.8569 -1.0708 2.1481 -3.1637 1.9186 -0.2401 -2.2561 3.7234 -4.3262 3.3972 -1.8595
0 1 1 0 65.904 -7.0424 2.1776 -1.3136 -1.8948 2.8084 -3.0774 0.75672 1.7547 -4.2485 4.7301 -3.7717 1.4491 0.62447
0 1 1 0 65.983 -7.4739 2.6561 -1.9062 -1.1057 1.8107 -1.9457 -0.27985 2.4363 -4.3779 4.2545 -2.843 0.43759 1.3427
0 1 1 0 66.872 -6.9234 2.2474 -1.9634 -0.44622 0.71672 -0.88726 -0.81801 2.1878 -3.4493 3.0682 -1.8777 0.016903 1.1682
0 1 1 0 66.775 -6.9765 2.3148 -2.0773 -0.51226 1.421 -2.6324 1.9167 -0.8573 -1.2254 2.6983 -3.7163 3.38 -2.3206
0 1 1 0 66.671 -6.6783 1.8801 -1.5056 -0.90428 1.0918 -1.0603 -0.85822 2.3889 -3.7132 3.2792 -1.9006 0.037155 1.3243
0 1 1 0 66.101 -7.198 2.457 -2.1363 -0.29456 0.47728 -0.65584 -1.1042 2.2911 -3.2146 2.583 -1.4856 -0.69224 1.2691
0 1 1 0 66.664 -7.0076 2.6609 -3.1352 1.2439 -0.7152 -1.1014 1.6158 -2.4716 2.3931 -2.1825 0.81444 -0.80808 -0.82721
0 1 1 0 66.504 -6.2653 1.7458 -2.072 0.28563 -0.075199 -0.85739 0.48149 -0.28719 -0.72303 1.3064 -1.8854 1.7537 -1.3255
0 1 1 0 66.916 -6.7615 2.0737 -1.9263 -0.45988 1.1254 -2.122 1.3153 -0.3514 -1.4631 2.5939 -3.314 2.8382 -1.8304
0 1 1 0 65.765 -7.4685 2.6669 -1.8523 -1.3045 2.2034 -2.5469 0.39067 1.9003 -4.1792 4.5245 -3.5328 1.2903 0.63005
0 1 1 0 66.625 -8.2847 3.8805 -3.3962 0.39927 0.50213 -1.1439 -0.53134 2.0825 -3.5941 3.3967 -2.3543 0.091115 0.99969
0 1 1 0 67.315 -8.2239 4.027 -3.8462 1.1352 -0.34721 -0.48012 -0.78285 1.8435 -2.9537 2.629 -1.8479 -0.086483 0.76572
0 1 1 0 66.05 -7.2233 2.9333 -3.3027 1.4063 -0.64732 -0.89489 1.7023 -2.6249 2.441 -2.3073 1.8782 -0.1952 -0.21633
