1 1 2 0 77.966 -21.818 -13.686 -3.0462 -3.9298 4.3487 -14.667 4.154 6.0158 3.4467 -1.3224 -1.4123 5.0501 -1.3179
1 1 2 0 78.154 -21.435 -13.382 -2.0348 -3.8232 4.6303 -14.845 3.623 6.2036 2.817 -1.71 -1.3796 6.0332 -0.36627
1 1 2 0 75.998 -24.276 -7.5427 -18.321 -8.24 1.9147 -6.4041 0.48795 -8.425 -3.6454 -6.8058 -8.0333 -8.3821 -6.2531
1 1 2 0 72.863 -19.218 -15.009 -2.1777 -6.2706 1.6947 -21.533 -0.40033 -1.1331 -2.1529 3.6234 -3.8828 0.99163 -1.5593
1 1 2 0 72.338 -17.685 -15.56 1.8596 -4.8065 3.8217 -18.744 -2.7227 3.7352 -5.2475 4.2256 0.27765 2.4858 -0.69867
1 1 2 0 76.692 -16.821 -6.6631 -12.224 1.1177 2.1932 -4.1289 -3.1758 1.9191 6.7892 -5.3558 -3.9007 1.3341 5.1883
1 1 2 0 75.733 -18.721 -5.1793 -9.6176 -10.829 8.1278 -2.4951 3.3103 -4.9667 -5.4684 5.2686 6.0983 0.32311 -0.78462
1 1 2 0 73.783 -15.858 -11.344 -14.537 3.3228 -3.6124 1.5078 -1.4806 -4.1847 -7.5783 -6.1874 -5.0278 -10.394 -3.1905
1 1 2 0 77.274 -15.517 -2.6131 -3.2954 5.5152 -3.5311 -1.8353 -0.6418 2.7509 0.99604 -0.74303 -0.48459 -1.0665 3.9268
1 1 2 0 75.54 -23.546 -17.224 2.8278 -10.493 -4.4436 -16.295 1.8713 5.6137 -11.134 0.54231 -1.5265 4.5936 0.7325
1 1 2 0 75.54 -23.546 -17.224 2.8278 -10.493 -4.4436 -16.295 1.8713 5.6137 -11.134 0.54231 -1.5265 4.5936 0.7325
1 1 2 0 74.52 -20.498 -9.2425 -14.454 -4.8155 -3.8261 -9.5014 -1.7335 -5.1734 0.70876 -7.8057 -3.4876 -6.7858 -2.9918
1 1 2 0 75.507 -15.014 -6.7191 -8.0039 -4.7172 7.1567 -6.6733 5.891 -6.6534 -1.3325 4.1824 1.8739 5.7728 -0.32098
1 1 2 0 74.742 -17.121 -10.771 -12.146 -13.384 5.7648 -5.922 4.7733 -9.9235 -1.2176 6.2381 3.3485 3.2465 -3.3945
1 1 2 0 75.121 -21.184 -11.349 -8.7662 -0.90357 -0.33034 -9.2245 1.737 -0.91721 2.2217 -3.3011 0.12709 -3.0294 -3.1443
1 1 2 0 76.049 -16.903 -12.043 3.9886 -7.7319 5.9192 2.6143 -4.1337 -0.3593 -2.7757 1.9643 -8.0781 -0.2743 -0.48279
1 1 2 0 75.729 -16.859 -13.509 4.4404 -6.805 4.9878 2.9431 -3.6512 -0.63573 -2.3823 1.7016 -6.3088 0.21102 -1.3574
1 1 2 0 75.589 -15.646 0.76096 -2.146 -11.639 4.0681 5.1958 3.4147 -4.3143 -0.57096 1.3984 2.2823 -2.6187 -4.5955
1 1 2 0 77.451 -21.65 -12.087 -7.0582 -4.5247 -1.3638 -11.224 5.9528 1.0347 -1.9321 2.7547 0.25331 0.98522 -4.7909
1 1 2 0 77.539 -22.559 -16.154 -0.093863 -7.9012 -2.1269 -13.742 5.3339 4.6628 -7.3611 1.4657 -2.0951 5.2327 -1.6281
1 1 2 0 77.482 -23.554 -15.023 -0.37715 -6.4984 -1.3046 -12.715 6.1785 3.9891 -5.822 1.6807 -0.75877 4.3124 -2.6771
1 1 2 0 73.565 -19.343 -0.34247 -17.704 -14.547 -5.8308 -3.4415 4.9657 1.9638 -3.4846 -7.8625 -10.252 -10.142 -7.4033
1 1 2 0 77.341 -15.953 -16.79 1.5418 -15.611 4.3973 -0.62763 -2.401 5.9581 -5.3781 0.31246 -4.0348 -4.955 -4.7509
1 1 2 0 76.997 -19.645 -18.559 0.1211 -12.826 4.3841 -8.2948 -2.5232 2.1402 -6.2442 -4.6469 -6.2301 -7.0138 -9.2183
1 1 2 0 78.461 -21.036 -12.623 -1.3909 -2.3507 2.6795 -12.745 7.9803 1.5077 -1.3629 -7.3801 -0.94108 -2.3076 -11.9
1 1 2 0 82.187 -23.048 -14.365 1.9521 -3.7728 -4.05 -10.052 11.886 0.6261 -2.3575 -4.8607 0.19403 1.7841 -7.0881
1 1 2 0 82.256 -23.04 -15.037 1.8716 -4.3976 -4.7087 -10.989 11.435 0.83374 -2.1605 -4.7944 -0.13015 2.4032 -5.7403
1 1 2 0 82.256 -23.04 -15.037 1.8716 -4.3976 -4.7087 -10.989 11.435 0.83374 -2.1605 -4.7944 -0.13015 2.4032 -5.7403
1 1 2 0 74.968 -13.921 0.61547 -7.2194 2.1913 3.1785 -1.9336 2.9876 -3.1241 2.0418 -1.8879 -2.4305 3.2333 3.3018
1 1 2 0 72.852 -19.603 -5.0148 -16.603 -2.5443 -0.36411 -1.5875 0.30775 -6.0041 4.8415 1.5362 0.64184 3.8653 1.7667
1 1 2 0 73.74 -20.792 -11.34 -9.5103 -1.7081 -8.2592 -10.318 8.0473 -2.4416 -0.28385 -0.81777 1.7471 0.55494 -1.7239
1 1 2 0 79.965 -15.646 -9.8227 3.3384 -0.98836 2.12 -9.0809 10.269 -0.76343 -2.4817 0.48979 -1.1866 -4.1744 -4.3937
1 1 2 0 79.965 -15.646 -9.8227 3.3384 -0.98836 2.12 -9.0809 10.269 -0.76343 -2.4817 0.48979 -1.1866 -4.1744 -4.3937
1 1 2 0 75.455 -18.425 -4.9134 -4.9907 -3.4285 -4.438 -13.045 2.2698 -3.2444 -2.3914 -5.8875 1.4753 -1.3256 -5.123
1 1 2 0 73.965 -17.723 -3.3273 -18.795 -10.652 0.070033 -2.0408 10.165 -7.3107 -6.3038 5.5406 9.564 1.8911 -9.599
