0 0 1 0 67.905 -17.586 0.35364 -4.507 -11.308 4.0087 1.279 -3.2931 0.24733 -1.1203 -1.019 -2.7787 2.0882 -1.7512
0 0 1 0 63.68 -9.4973 4.8227 -3.1659 -1.6248 4.4776 -6.2133 4.2739 -0.73804 -3.8763 6.9741 -8.1706 6.8243 -4.1643
0 0 1 0 60.386 -11.46 4.5751 -0.73236 -5.3334 7.7924 -6.9224 1.2335 5.2154 -9.8319 10.201 -6.8338 1.3431 3.2604
0 0 1 0 64.547 -9.8525 5.2008 -3.4455 -1.7355 5.2653 -6.8535 3.93 0.40361 -5.1168 8.1504 -8.7135 6.5096 -2.6584
0 0 1 0 60.949 -15.48 5.3069 -3.2722 0.031252 6.7289 -8.3174 -4.0221 13.261 -10.267 6.383 -6.8353 2.2667 5.2122
0 0 1 0 62.282 -10.726 5.1211 -2.2248 -3.7982 7.7724 -9.8425 6.867 -1.512 -4.2303 7.552 -8.621 6.7433 -3.4601
0 0 1 0 62.268 -12.412 5.0547 -2.2371 -2.3951 7.193 -9.9399 3.815 4.766 -8.5228 6.657 -4.0239 0.86292 2.7468
0 0 1 0 63.879 -10.21 5.242 -2.6836 -3.388 7.348 -9.6776 7.3429 -2.7772 -3.0344 6.917 -8.4567 6.7636 -3.8997
0 0 1 0 64.957 -8.1091 2.4883 0.21994 -5.4098 7.1915 -6.4471 1.4411 4.147 -8.6154 9.1242 -6.4449 1.5932 2.4718
0 0 1 0 62.337 -10.644 5.1991 -2.0347 -4.5878 8.7018 -10.516 7.3032 -1.7996 -4.5897 8.4266 -9.0972 6.4742 -2.7788
0 0 1 0 60.906 -12.518 5.5839 -1.9815 -4.5994 8.7009 -10.768 7.432 -1.7734 -4.4016 8.0234 -9.1127 6.8096 -3.5627
0 0 1 0 63.18 -10.24 4.6522 -1.6857 -4.3828 7.8601 -9.4729 6.5443 -1.7465 -3.9234 7.3338 -8.2525 6.1744 -3.0593
0 0 1 0 63.42 -8.935 3.2668 -0.097058 -5.6925 8.0078 -7.257 1.9858 4.1184 -9.0555 9.714 -6.6548 1.9827 2.735
0 0 1 0 62.479 -10.585 5.1317 -2.2503 -3.9798 7.9631 -10.099 7.3872 -2.3981 -3.5331 7.2876 -8.6209 6.7618 -3.5518
0 0 1 0 65.244 -7.9382 2.4063 0.00067896 -4.8081 6.4204 -5.8438 1.1985 3.9161 -7.9239 8.2365 -5.7254 1.1849 2.4992
