0 0 2 0 69.594 -7.8259 1.9505 -4.1388 5.5583 4.035 2.8261 6.5269 -0.80063 6.5813 -4.1854 -0.69262 -0.1043 -2.5338
0 0 2 0 76.464 -10.641 -11.548 2.9469 8.1673 -2.4186 2.8457 6.5933 -4.1799 2.2413 0.95786 -5.0075 1.9134 -0.17588
0 0 2 0 76.464 -10.641 -11.548 2.9469 8.1673 -2.4186 2.8457 6.5933 -4.1799 2.2413 0.95786 -5.0075 1.9134 -0.17588
0 0 2 0 71.308 -7.2847 -2.5978 3.5848 -3.0986 1.5064 -1.3126 2.0902 3.8813 -3.8061 4.8812 -3.9526 -1.831 2.6937
0 0 2 0 70.018 -8.3841 -0.38997 -1.0477 1.8724 4.4703 -1.1773 5.3437 -4.3761 2.8357 -1.223 -2.8228 4.125 0.20897
0 0 2 0 70.038 -8.3319 -1.2633 2.8822 1.0022 6.036 -2.4035 5.1996 -1.6901 1.7521 2.9039 -4.0841 4.0611 -3.6367
0 0 2 0 75.506 -16.596 0.77736 2.0618 0.54719 1.1462 0.46484 2.0344 0.95289 1.1508 -1.03 1.0033 1.8278 0.96812
0 0 2 0 74.534 -9.4628 -5.0489 -1.4224 3.4801 -1.8331 -6.5506 2.1217 2.0798 -2.8407 0.35564 -1.8292 1.4057 0.33727
0 0 2 0 74.7 -9.4783 -5.5881 -1.6976 3.0109 -2.3036 -6.5482 2.0484 2.2205 -2.3254 0.44824 -1.1491 0.79735 0.088412
0 0 2 0 69.746 -8.9971 0.8644 -0.86947 4.04 1.2883 1.5843 2.3568 -1.3751 -2.7643 -2.5245 -1.315 3.0176 3.0888
0 0 2 0 71.64 -11.61 -0.65526 3.6607 -1.0216 8.6484 -3.0229 3.4975 1.8044 -6.9481 4.5986 -0.9202 -1.2312 0.0070882
0 0 2 0 69.183 -5.7703 -0.56695 -2.3334 5.9587 -4.3714 7.2248 0.019623 0.06126 -1.1729 -1.696 2.3685 -3.4314 3.6655
0 0 2 0 69.463 -5.2182 0.83939 -2.1949 5.3154 -2.6438 6.9358 -0.95096 1.7929 -0.59458 -0.21111 4.0467 -1.0202 4.2207
0 0 2 0 70.303 -7.5985 1.2883 -0.10105 2.003 3.5728 -0.12746 5.5713 0.47596 -1.28 6.1619 -0.85891 2.8491 2.4918
0 0 2 0 70.223 -8.1867 -0.61571 0.85072 -2.0803 7.602 -2.4996 3.2284 4.603 -5.2912 3.7056 -5.04 1.542 1.17
0 0 2 0 71.375 -6.727 3.219 2.3955 0.9784 8.8893 1.2294 0.90459 4.1055 -0.28113 5.2487 -1.5891 1.8993 0.53456
0 0 2 0 75.548 7.4889 4.571 0.14771 -3.4007 -0.73325 0.14208 1.5669 1.0449 -0.81517 3.372 -1.209 -4.4359 -2.7166
0 0 2 0 74.95 7.2055 6.4492 3.091 0.67842 -0.62701 -0.085281 1.1277 2.1833 1.0076 2.8974 -2.1056 -1.0736 -1.0836
0 0 2 0 77.441 7.3749 4.9523 1.2577 -0.93994 1.0724 -2.1533 -1.6009 6.7002 3.6655 -2.979 1.1467 1.4697 -1.0936
0 0 2 0 74.096 4.9228 9.8164 7.2923 -0.92093 -2.4615 -3.1789 2.9347 -1.3844 -4.0105 2.1643 -2.6983 2.9845 -3.4939
0 0 2 0 74.457 3.7713 9.7243 4.7353 4.5328 -2.2519 -0.14562 -0.54719 0.21835 -3.0084 2.8307 2.2218 -0.0625 4.4962
0 0 2 0 75.821 7.6975 6.1818 3.3096 0.14642 2.8932 -1.3604 0.84839 3.2411 1.3173 2.2436 -5.1653 -1.7981 -0.88077
0 0 2 0 75.895 7.9812 6.0585 3.5695 0.4014 2.3021 -1.1845 0.1628 3.8199 0.87309 1.797 -4.3082 -1.7811 -0.68735
0 0 2 0 75.608 6.2188 7.1374 3.0499 -2.1884 0.37855 1.6096 3.6747 1.7299 -2.1717 0.16358 0.16056 2.321 2.8269
0 0 2 0 75.608 6.2188 7.1374 3.0499 -2.1884 0.37855 1.6096 3.6747 1.7299 -2.1717 0.16358 0.16056 2.321 2.8269
0 0 2 0 76.922 7.4317 4.5044 4.1501 -1.7266 -0.58547 1.1507 -0.53269 -3.0791 1.3285 -1.4492 -0.46326 2.6083 2.9913
0 0 2 0 77.208 7.8521 3.6658 2.8821 1.0154 0.73349 4.1786 2.1786 -0.94173 -3.1689 -1.151 -2.7035 -2.9718 3.0355
0 0 2 0 77.105 7.5907 4.1062 2.8155 1.4668 0.86066 4.3619 2.2772 -1.3963 -3.7049 -1.347 -2.5287 -3.2479 3.4445
0 0 2 0 79.134 7.1253 4.1339 0.246 -0.16305 -4.0507 -5.3477 -1.8988 1.3083 0.80606 0.17928 -0.88143 -0.36473 -1.0622
0 0 2 0 72.631 2.6793 4.0674 7.8911 3.3464 0.35911 0.40061 -0.079984 -1.6466 -0.55159 -2.9624 -2.1417 -0.24757 -0.0046622
0 0 2 0 71.771 -0.58256 5.1953 8.1955 5.7615 4.4118 4.6654 5.9388 -1.3773 -3.1724 -0.32785 -2.1125 -2.8816 -2.8904
0 0 2 0 74.187 5.7005 6.652 3.0385 2.5218 2.3504 1.6064 2.2515 -2.4883 4.3043 1.2089 3.541 3.5445 -0.4205
0 0 2 0 74.223 2.6051 5.1122 1.6746 1.8733 5.3504 5.6628 1.6333 -2.39 -4.9351 -1.3366 -3.3594 0.47777 -1.9191
0 0 2 0 71.947 -10.769 0.34875 0.52921 -1.0074 2.3928 -0.0098854 1.7507 0.62687 2.9692 -1.1019 -1.701 0.88938 -0.42809
0 0 2 0 71.947 -10.769 0.34875 0.52921 -1.0074 2.3928 -0.0098854 1.7507 0.62687 2.9692 -1.1019 -1.701 0.88938 -0.42809
0 0 2 0 71.213 -9.4929 0.47428 -0.17277 1.5056 1.1321 0.053527 0.20088 -1.6383 -1.3476 -1.8206 0.71245 -2.2637 -1.9532
0 0 2 0 72.013 -9.7248 -0.5957 -1.3372 -0.26297 0.5407 1.0841 1.8582 -0.1144 2.4339 0.50043 -1.4875 -0.75536 0.12298
0 0 2 0 72.312 -11.061 -0.86756 1.4403 -4.0363 5.8243 -0.49817 1.4761 -0.12733 1.7164 -0.83948 1.7292 -0.3479 -1.9173
0 0 2 0 72.312 -11.061 -0.86756 1.4403 -4.0363 5.8243 -0.49817 1.4761 -0.12733 1.7164 -0.83948 1.7292 -0.3479 -1.9173
0 0 2 0 73.335 -11.804 -2.15 3.0023 -0.031446 0.53342 1.4496 0.95506 -0.0030648 -0.055957 -1.2746 1.786 1.1774 1.0061
0 0 2 0 73.288 -11.818 -2.0145 2.9689 0.11809 -0.19617 1.2166 0.79888 0.65274 0.7471 -0.45316 2.4302 1.1031 0.88321
0 0 2 0 73.354 -13.42 0.011259 -0.753 -0.49598 3.4611 4.3642 5.6839 3.8141 -0.04118 0.11243 -4.0833 -1.5044 -4.9429
0 0 2 0 71.07 -9.5958 2.154 -1.4259 -0.76878 1.5915 3.315 2.8288 -1.5723 2.7828 0.14009 -2.372 -2.4408 0.62813
0 0 2 0 72.577 -10.533 -0.41264 2.0325 -0.92971 4.8358 3.6015 6.2803 -3.7129 1.9906 0.047949 -1.6252 2.1354 2.6832
0 0 2 0 71.764 -7.081 -0.70546 0.61307 -1.3744 5.2387 2.3106 5.4464 -1.4985 1.6596 4.375 -4.9911 1.672 -0.37177
0 0 2 0 73.254 -10.228 1.8713 -3.0771 1.3689 3.0663 4.4379 7.5522 4.555 3.2978 0.45612 1.4701 -1.2039 -0.9503
0 0 2 0 72.492 -6.9114 -1.9504 -1.6053 1.2481 2.0644 1.4369 4.8475 -1.2528 5.3379 -0.93147 0.90023 -0.57734 -0.7823
0 0 2 0 74.365 -6.1017 5.6544 3.7928 0.58525 4.7338 2.1379 4.2604 0.58115 2.6658 -3.705 -1.3353 -1.2886 1.7843
0 0 2 0 72.135 -7.944 -0.12539 -2.5173 5.0995 2.4624 3.1299 4.2236 0.85252 3.2734 -1.8636 0.80204 1.9204 -0.70021
0 0 2 0 72.544 -7.6756 5.664 4.6727 3.826 8.2118 6.8528 6.0091 2.508 0.62409 -3.3303 3.3136 2.0211 2.7536
0 0 2 0 75.382 -2.6609 8.4759 14.362 -0.62396 2.9494 -0.37611 -2.9074 -5.0094 -2.6508 0.89372 -3.3671 1.4722 1.1291
0 0 2 0 75.382 -2.6609 8.4759 14.362 -0.62396 2.9494 -0.37611 -2.9074 -5.0094 -2.6508 0.89372 -3.3671 1.4722 1.1291
0 0 2 0 75.27 -2.7873 8.1021 14.316 -0.07627 2.6153 -0.27286 -2.9411 -5.2338 -2.4286 0.81993 -3.289 1.3016 1.3221
0 0 2 0 73.109 -6.6866 3.2627 4.3948 2.1675 4.7817 -3.293 1.7143 -0.11436 5.0257 0.89692 0.34379 -1.9269 -3.7045
0 0 2 0 77.499 5.6808 3.8632 -1.8276 -2.4092 2.1308 1.864 2.0716 2.4384 0.46351 4.2689 -0.92491 2.1915 0.037048
0 0 2 0 77.499 5.6808 3.8632 -1.8276 -2.4092 2.1308 1.864 2.0716 2.4384 0.46351 4.2689 -0.92491 2.1915 0.037048
0 0 2 0 73.719 4.6913 8.293 7.6944 0.97594 2.2083 -2.7113 0.1024 -3.5341 -1.9015 -1.9317 1.6691 4.2478 -0.65476
