0 1 1 0 49.331 -12.152 9.0122 -9.0509 4.7653 -1.3563 -3.1488 6.1758 -9.4003 9.1685 -7.829 6.0348 -1.8594 0.21719
0 1 1 0 45.315 -17.175 5.8783 -6.769 -1.9596 1.7997 -7.2232 3.5896 4.876 -5.6258 -0.81473 1.3077 -4.0362 6.817
0 1 1 0 42.904 -12.281 7.6053 -11.521 7.0909 -8.6051 -1.5289 2.562 -4.5151 5.3443 -4.0183 7.2507 -3.9125 0.28855
0 1 1 0 48.017 -9.6751 6.061 -6.8032 3.5892 -2.0035 -0.50478 0.58047 -0.74156 0.38361 -0.70608 1.8843 -3.4214 3.1996
0 1 1 0 50 -11.22 6.8745 -5.7413 1.3204 0.74017 -3.0089 1.5696 0.28964 -1.8668 1.0869 0.79241 -3.5734 3.0468
0 1 1 0 50.492 -10.884 6.7102 -5.5462 1.3743 0.038444 -0.63935 -1.7503 3.179 -3.0934 0.48771 1.7056 -5.2887 4.8849
0 1 1 0 43.003 -15.458 7.1852 -11.133 2.6833 -6.4225 -1.8243 -5.4108 0.88864 2.8517 -2.4892 5.5028 -2.7556 2.9794
0 1 1 0 46.866 -9.9214 6.6712 -7.8236 4.7462 -3.0473 -1.3425 3.1409 -5.6125 6.8915 -6.6523 5.1005 -4.0092 1.5923
0 1 1 0 45.281 -10.351 7.0266 -8.697 6.4278 -6.5775 3.1394 -2.1494 0.28667 2.9298 -4.3717 3.8145 -3.848 3.2689
0 1 1 0 44.272 -15.388 8.3837 -9.2627 4.5865 -3.6731 0.34081 -0.042761 -1.135 0.32401 -2.9477 3.0703 -1.4774 1.6774
0 1 1 0 41.945 -15.964 7.602 -12.949 4.0602 -4.9184 -3.2493 0.17822 -3.6387 0.040217 -4.4234 3.6996 -1.3747 2.8066
0 1 1 0 43.944 -11.945 7.9325 -9.922 7.76 -7.4181 4.0434 -1.9268 -0.49988 1.7711 -3.3861 5.4712 -2.4923 2.1617
0 1 1 0 44.819 -10.784 7.5474 -9.6575 7.1338 -5.899 2.2182 -0.40471 -2.5133 3.6969 -5.213 4.6597 -5.338 2.8244
0 1 1 0 46.334 -11.159 8.4765 -9.557 6.388 -4.1238 0.11837 1.6315 -3.1822 2.779 -1.6961 0.97286 -0.13781 -0.31814
0 1 1 0 45.329 -10.794 7.8191 -8.7828 5.7086 -3.7231 0.45855 1.6173 -3.1449 2.9996 -2.9966 2.932 -1.3326 1.6306
0 1 1 0 46.896 -8.7835 5.7589 -7.2947 5.4061 -4.3946 1.5693 0.41737 -2.7607 3.8102 -5.0371 4.9212 -4.6647 3.7512
