0 1 2 0 61.61 -12.826 7.2405 -6.296 2.4192 -2.8955 -3.8492 4.274 -6.3307 3.3203 -4.9381 2.5133 -2.3583 2.0063
0 1 2 0 63.318 -14.946 7.995 -8.8805 2.0841 -4.5514 -1.1931 1.5947 -1.7737 5.3563 -3.885 1.4823 -4.5294 0.93242
0 1 2 0 60.991 -13.525 10.206 -9.4446 5.9201 -6.505 0.94321 1.5049 -2.8531 0.56 -3.2346 1.5668 -5.9175 5.4976
0 1 2 0 63.031 -11.673 8.5124 -7.8963 4.4735 -2.4302 -1.5384 3.6551 -6.6045 6.4056 -6.9034 4.1628 -3.7059 1.7921
0 1 2 0 61.254 -12.316 9.5482 -9.9786 4.4557 -1.2127 -2.2903 3.3062 -6.9201 3.1776 -3.8528 5.886 -2.2787 1.1899
0 1 2 0 65.158 -11.965 7.8655 -8.4827 4.7244 -3.0415 0.25871 2.2251 -6.124 4.7245 -5.5357 5.1121 -3.9714 2.5483
0 1 2 0 61.745 -12.398 9.0214 -8.7611 7.7923 -4.3279 -0.3249 2.2161 -4.2123 4.06 -3.5403 4.2596 -2.8499 -0.63945
0 1 2 0 64.15 -13.026 8.3253 -8.1346 3.8739 -2.2172 -1.363 3.9478 -4.5958 5.8098 -5.4339 2.1775 -1.6872 2.1818
0 1 2 0 60.485 -13.154 9.4138 -8.8556 4.5382 -4.5137 3.081 -1.0408 -0.42798 1.2106 -2.172 2.803 -3.0958 1.9718
0 1 2 0 61.443 -12.608 8.9505 -7.8302 6.7013 -2.0894 0.24423 1.7618 -6.1171 4.6873 -6.3965 4.3481 -2.4097 2.1518
0 1 2 0 62.649 -16.342 5.3553 -7.3552 6.6592 -3.2121 3.6612 1.8873 -3.3535 4.2822 -6.8494 2.7033 -7.0121 4.2834
0 1 2 0 59.812 -12.476 8.7822 -6.7572 2.4546 -1.0957 -2.1795 5.7441 -6.4335 4.988 -8.5652 2.2302 -1.2642 -0.88915
0 1 2 0 63.131 -9.829 6.4324 -6.5246 3.0944 -0.8303 -3.1948 4.8877 -5.9195 4.9596 -4.2244 0.072303 -1.0075 -1.9401
0 1 2 0 64.084 -17.028 4.7271 -0.85221 4.2471 -5.0527 -0.53262 3.2686 1.1443 -5.784 -3.4943 8.9287 -9.2869 2.6059
0 1 2 0 63.519 -13.057 6.0685 -7.0869 5.2099 -3.257 -2.1392 2.6336 -3.797 6.7509 -5.9224 4.5385 -3.3253 2.482
0 1 2 0 59.449 -13.552 9.3199 -6.5177 4.2302 -1.0651 -3.7874 2.3455 -7.6146 6.2904 -4.0285 0.54049 -3.8452 0.040487
0 1 2 0 65.981 -10.242 6.7731 -7.7763 5.4274 -4.2623 1.7354 1.3436 -3.0271 4.2945 -5.2379 5.2071 -2.8647 3.3089
0 1 2 0 63.362 -13.071 7.5659 -9.5277 5.5844 -5.9703 1.9892 -0.54227 -2.3656 2.8808 -4.9396 4.0374 -3.024 2.0692
0 1 2 0 61.573 -12.385 6.2559 -7.4938 3.6039 -2.0862 -2.8637 -0.45747 -4.5415 7.5286 -1.8991 8.8896 -4.173 -2.6143
0 1 2 0 63.685 -13.323 5.6157 -5.4413 6.763 -6.7838 0.36157 4.7011 -3.8833 1.7017 -0.72689 -0.09941 -2.9212 5.1442
0 1 2 0 63.806 -9.9277 7.375 -8.4136 6.2251 -4.6443 1.1325 0.77892 -3.7008 4.3249 -4.5998 4.1693 -2.1197 1.3655
0 1 2 0 62.622 -11.443 8.8006 -8.1958 5.4209 -2.5589 -0.29887 1.1921 -3.4981 3.3237 -5.9732 6.6652 -6.9906 6.0674
0 1 2 0 64.381 -12.5 6.7515 -6.1227 3.6588 -1.9982 -0.54656 2.5852 -4.2442 5.1543 -6.1447 4.6691 -4.3846 3.1427
0 1 2 0 62.388 -15.548 5.9073 -9.4285 6.7426 -5.166 0.32942 -1.4343 -3.6335 0.76184 -5.8083 -1.036 -6.0527 -0.35687
0 1 2 0 61.074 -11.412 8.0874 -7.4336 3.5115 -1.8918 -1.4313 3.1548 -3.8364 1.6536 -1.8255 -1.1887 -0.045421 -0.74354
0 1 2 0 64.6 -8.6664 5.6334 -6.4934 4.5851 -2.972 0.4746 1.3235 -3.5074 3.9815 -4.3574 3.7352 -2.3992 1.417
0 1 2 0 59.424 -12.62 10.693 -9.0227 7.9075 -4.196 1.959 1.2794 -5.0331 5.7233 -6.532 5.4718 -4.9939 2.1906
0 1 2 0 61.174 -15.963 7.9566 -6.865 4.5295 -1.9782 0.45393 -1.2923 0.85229 5.1282 -6.4541 6.6271 -6.3005 3.2659
0 1 2 0 62.424 -12.013 5.0762 -8.0612 2.2024 0.87781 -1.9638 0.31152 -1.9018 2.9209 -5.9662 3.0171 -2.4492 3.834
0 1 2 0 64.893 -9.4623 6.4838 -7.2264 5.3964 -3.9494 1.8005 0.3265 -2.5191 2.8905 -3.9139 3.7187 -2.6695 2.0285
0 1 2 0 62.012 -12.715 8.1953 -7.3685 5.3131 -2.918 0.0064271 -0.85136 -4.4166 3.1242 -3.1427 1.7221 -3.1404 0.4829
0 1 2 0 63.53 -9.0077 6.0941 -6.1421 3.6963 -2.3079 -1.374 2.2183 -3.9691 3.1384 -2.9498 1.3313 -0.98368 0.031322
0 1 2 0 63.542 -14.971 6.4778 -6.1779 3.8997 -5.331 2.2336 -1.7371 -0.66036 2.0405 -3.0273 3.1085 -3.875 2.7335
0 1 2 0 62.362 -13.513 7.6624 -5.6824 -0.94677 3.1416 -4.6701 2.8772 2.0665 -5.0358 1.0755 1.6492 -6.2254 5.4662
0 1 2 0 61.353 -10.149 7.0026 -8.3315 5.8609 -5.2109 0.30451 1.668 -3.5848 4.2879 -4.3144 4.4837 -2.5025 1.2608
0 1 2 0 61.341 -11.063 7.2099 -8.0258 3.986 -2.1245 -1.4629 0.3221 -0.45349 0.086739 -0.34361 1.6478 -3.0967 2.8248
0 1 2 0 65.631 -10.677 5.6456 -3.1012 -2.4832 5.1261 -5.7897 2.1974 1.9093 -4.7738 4.6913 -2.7218 0.67268 1.9727
0 1 2 0 63.786 -12.815 7.9415 -5.6073 0.81611 0.50135 -1.3732 -2.2453 5.0803 -4.9274 1.7527 3.126 -5.7953 5.451
0 1 2 0 62.66 -9.1885 5.7339 -6.8013 4.7827 -3.7715 1.8626 -0.95392 -0.78345 1.1121 -1.8523 3.0949 -2.3101 2.0216
0 1 2 0 60.44 -10.043 6.3743 -7.6807 5.0507 -4.5177 1.6554 -0.29493 -0.99025 1.8615 -3.0567 4.7369 -3.4331 2.2294
0 1 2 0 63.479 -12.736 6.8457 -4.7355 -0.56529 2.6249 -4.2682 2.0936 1.5087 -3.2156 0.84735 0.77745 -5.0445 4.675
0 1 2 0 58.509 -12.266 7.7943 -10.836 5.2459 -8.2893 -0.44927 2.1996 -5.2127 4.9462 -3.3378 6.5704 -3.0119 0.60771
0 1 2 0 63.061 -9.9821 6.3986 -6.7736 3.1061 -1.4031 -1.3129 0.56594 0.14723 0.4256 -0.23689 2.0715 -2.3723 4.172
0 1 2 0 65.996 -10.188 5.2766 -3.0023 -2.3057 5.1511 -5.8783 2.8603 0.88476 -4.1665 4.7157 -2.8537 1.5547 1.9512
0 1 2 0 65.21 -11.717 7.43 -6.0944 1.424 1.179 -2.7637 1.1044 0.020036 -1.4218 1.0853 1.5255 -1.4211 2.4375
0 1 2 0 66.184 -11.059 6.1233 -3.9822 -0.14279 0.91573 -0.6167 -2.4079 4.7041 -5.2333 2.4336 0.98089 -4.6654 4.7214
0 1 2 0 63.436 -13.317 8.3336 -5.6825 0.1003 1.4629 -1.2153 -2.6393 5.7481 -5.8899 2.1424 3.0928 -4.4915 6.4244
0 1 2 0 63.419 -12.988 6.7871 -4.8847 -0.51335 2.3673 -3.9185 1.7471 1.8312 -3.7954 1.314 0.71144 -5.0245 4.5463
0 1 2 0 59.609 -10.913 7.3941 -10.128 6.9647 -7.3734 0.062145 2.1736 -4.0105 5.2044 -4.2548 5.8085 -4.0497 0.2642
0 1 2 0 64.432 -8.6088 5.2006 -6.3116 4.2978 -3.3129 0.92413 -0.50453 -0.62224 1.2978 -1.8199 1.8293 -2.4236 2.2891
0 1 2 0 63.886 -13.083 7.8224 -6.2176 1.2224 0.94293 -3.2208 1.7705 0.10884 -1.1736 0.75158 0.5907 -3.7913 1.7687
0 1 2 0 64.074 -12.891 7.5736 -4.8313 0.41386 0.27535 -0.5206 -2.8849 5.13 -5.4081 1.7715 2.7607 -4.9867 5.9333
0 1 2 0 63.638 -8.7494 5.2909 -6.2665 4.2907 -3.5024 1.413 -0.762 -0.71997 1.3642 -2.0286 1.9279 -2.2629 1.4138
0 1 2 0 63.769 -8.3833 4.6895 -5.7444 3.9176 -3.4413 1.568 -0.60247 -0.56428 1.458 -2.4886 4.144 -2.101 2.1851
0 1 2 0 61.656 -11.299 5.0568 -6.4573 2.2974 -3.7943 1.6665 -4.1345 2.6047 1.9697 -4.8846 3.792 -1.7915 2.2106
0 1 2 0 60.302 -16.946 6.0955 -8.0914 -2.097 3.7768 -5.2183 3.2293 4.1868 -6.993 -0.84862 2.1381 -4.212 6.3021
0 1 2 0 63.594 -8.731 5.517 -6.9689 5.0591 -4.2602 1.1345 0.73718 -2.6463 3.725 -4.1692 3.9548 -3.3728 1.7121
0 1 2 0 61.092 -11.143 6.9326 -7.9861 4.3643 -2.2629 -0.91734 0.17131 -0.50391 0.46758 -0.74706 1.7229 -3.1163 3.0453
0 1 2 0 64.676 -11.094 5.8417 -3.1139 -2.8394 5.8486 -6.5841 3.1623 1.312 -4.626 4.7636 -2.9 1.6625 1.4138
0 1 2 0 63.097 -13.844 8.2652 -6.2365 0.98406 1.7447 -4.1708 1.8126 0.34514 -1.9808 1.8122 0.45714 -2.7513 2.5875
0 1 2 0 64.483 -12.105 7.4745 -5.392 0.77043 0.88221 -0.83682 -2.6022 4.8339 -4.787 1.7145 2.3874 -4.122 5.983
0 1 2 0 61.147 -9.4505 6.2025 -7.3807 5.2447 -4.3853 1.1738 0.069353 -1.381 2.3264 -3.0457 4.243 -2.8368 2.4611
0 1 2 0 63.18 -13.196 6.6124 -4.922 -0.48035 2.8799 -4.6109 2.0658 2.1586 -4.0546 0.98768 0.2019 -4.8514 3.9587
0 1 2 0 59.316 -11.347 7.6653 -9.7551 6.6467 -7.0081 0.21493 1.5175 -4.3782 4.7564 -4.9633 6.1302 -2.998 0.6399
0 1 2 0 63.048 -9.8582 6.4118 -6.8227 3.513 -1.9243 -0.54857 0.45705 -0.20798 0.062975 -0.38699 1.812 -3.0092 3.7672
0 1 2 0 64.686 -11.186 6.0461 -3.3422 -2.8928 5.9122 -6.3952 3.0829 1.3078 -4.6904 5.1478 -2.1091 1.0129 1.9762
0 1 2 0 62.385 -14.349 8.8172 -6.7116 0.47078 1.661 -5.3373 2.3226 1.5776 -2.2458 1.4385 0.11399 -4.2582 3.7505
0 1 2 0 63.094 -14.586 7.6873 -4.3609 -0.24474 1.395 -2.8419 -1.2788 6.533 -7.3296 2.3821 2.574 -4.232 6.7091
0 1 2 0 62.981 -13.759 8.3493 -5.9251 0.54196 0.89412 -1.8443 -2.4689 5.941 -5.0225 1.5564 2.0148 -5.311 5.9827
0 1 2 0 61.67 -17.255 5.5873 -4.8753 -0.91658 -0.78918 -1.0932 4.6248 -5.4378 5.8787 -3.8247 -2.6153 6.3639 -8.2835
0 1 2 0 62.873 -13.447 7.0248 -5.1391 -0.54919 3.077 -4.2256 1.9288 2.9163 -4.5994 1.5429 1.797 -4.1021 5.0278
0 1 2 0 61.4 -10.14 6.7859 -8.6228 5.6913 -5.2659 1.2248 1.0222 -3.3282 4.6536 -3.9589 4.7424 -3.5553 0.84573
0 1 2 0 63.315 -9.4935 6.1299 -6.8241 3.9665 -2.8176 0.26969 -0.12508 -0.55856 0.85067 -1.2563 1.3332 -3.3062 2.6371
0 1 2 0 64.014 -11.784 6.5901 -3.5336 -3.0621 6.5016 -6.7944 2.8465 1.324 -4.3583 4.4113 -2.3118 1.2261 1.5978
0 1 2 0 62.749 -13.931 8.5574 -6.2154 0.90233 1.404 -4.3489 1.8353 0.55937 -3.197 3.1945 0.53963 -3.2138 2.8816
0 1 2 0 61.504 -15.887 8.4291 -5.7841 -0.53404 0.96564 -1.8944 -2.7852 6.777 -5.0955 1.6868 3.364 -4.8564 6.1708
0 1 2 0 61.917 -10.109 5.7442 -6.6652 4.5742 -4.1578 1.7767 -0.47744 -1.4996 2.2182 -2.7669 3.5041 -2.7349 2.0186
