1 1 1 0 72.896 -11.435 -2.2537 -1.03 2.7566 0.30609 -6.0104 0.8196 -6.4552 -0.79385 -7.2851 -1.4951 -4.8796 -2.4465
1 1 1 0 72.913 -12.264 -1.0227 -0.11044 0.34508 0.068851 -7.2165 1.4254 -6.4677 0.96082 -3.5912 -4.4348 -0.22277 -3.5064
1 1 1 0 72.224 -13.557 -1.5176 -0.11102 0.56102 -1.241 -6.1514 -1.3442 -6.8161 -3.7374 -3.4635 -5.0823 1.1898 -3.0422
1 1 1 0 71.784 -11.459 -0.88365 0.21516 -1.3408 0.66249 -6.3006 0.91481 -0.92141 -3.1925 1.0222 -8.8769 3.5539 -3.4801
1 1 1 0 71.453 -12.39 5.4514 -4.7091 3.6649 -0.6191 -2.4994 0.55516 0.34157 -2.0513 1.3846 -0.61248 -2.0109 2.792
1 1 1 0 71.739 -13.187 2.9024 -0.60694 -0.62483 1.4652 -4.952 1.7011 -0.63211 -3.4273 3.8031 -4.1504 0.41894 -0.84612
1 1 1 0 73.108 -12.55 0.89215 -0.33259 -0.76766 1.5899 -2.0277 -5.6427 2.3026 -6.2386 2.4378 -4.7727 0.11884 0.56176
1 1 1 0 73.099 -12.94 1.5946 -1.3149 0.58022 3.8687 -9.0058 7.0765 -6.3013 4.1289 -3.2188 -5.6153 2.5358 -4.3443
1 1 1 0 73.873 -12.328 -0.25567 0.84556 -0.82158 8.9297 -11.943 2.7873 -5.0913 -3.4027 3.2962 -9.2052 3.545 -3.1916
1 1 1 0 71.653 -13.493 2.0051 -0.63872 1.7729 1.2115 -5.3122 4.4712 -5.4546 1.3962 -0.23299 -6.1206 4.703 -4.4762
1 1 1 0 71.683 -13.902 0.5016 -0.73893 0.743 5.5367 -5.5518 3.5807 -3.8318 -4.5586 0.32036 -6.1624 2.5048 -5.3265
1 1 1 0 72.404 -10.656 0.080003 1.7901 0.74779 5.22 -5.7771 2.0486 -5.6105 -4.5442 -2.1915 -7.4573 5.5953 -5.3957
1 1 1 0 71.957 -11.811 -1.7595 2.5048 -1.6176 2.7336 -8.6201 -2.7213 3.4548 -8.4792 0.20859 -9.3065 -2.5157 -1.0938
1 1 1 0 71.754 -12.177 1.1426 0.029103 -1.1116 1.7656 -5.6249 -0.60894 -3.2084 -2.8959 2.0882 -4.449 -0.98838 2.3143
1 1 1 0 70.626 -11.834 -0.40426 -0.45267 -2.5764 3.5438 -9.3785 -2.3728 -2.4729 -5.6536 0.18928 -3.5489 -1.2113 0.40137
1 1 1 0 72.838 -10.388 -0.35746 2.1793 -2.3267 1.9955 -3.2754 -2.2203 1.9757 -0.59225 -0.081602 -0.28686 -0.90525 0.92436
1 1 1 0 71.32 -11.649 4.0925 -2.8874 2.0193 2.6092 -7.1647 4.2433 -1.8257 -0.94949 -0.18783 -2.6501 2.3739 -4.2535
1 1 1 0 69.876 -12.445 2.117 -0.80896 0.13658 5.9589 -9.1414 5.9009 -4.1086 -1.188 -1.7204 -5.2703 2.8821 -5.0076
1 1 1 0 71.767 -11.613 4.3393 -2.567 -0.13356 2.2503 -6.5779 7.738 -7.7958 4.0239 -1.0542 -2.2955 3.4156 -4.3246
1 1 1 0 73.079 -13.405 1.8918 2.028 -3.5416 4.2935 -6.6129 3.8834 -0.75561 -3.0973 4.5393 -7.2731 5.78 -1.5787
1 1 1 0 72.364 -12.702 1.4732 1.5358 -0.04717 1.8132 -6.7395 1.8377 -1.361 -4.7124 1.6122 -8.211 -0.64482 -2.138
1 1 1 0 72.424 -11.782 -0.5413 -0.49937 -3.3545 0.035547 -6.4417 1.2527 1.642 -3.3874 3.8313 -2.793 -3.2298 2.0373
1 1 1 0 72.68 -14.21 -2.228 -4.0443 -1.1058 1.3668 -2.6078 -2.7138 0.22748 -7.4939 -4.1749 1.5695 2.378 0.03336
1 1 1 0 72.049 -13.5 -0.28647 0.8972 -2.2967 4.18 -7.8042 4.7674 -4.1979 -1.8874 -1.68 -8.4042 2.3819 -4.8206
1 1 1 0 70.008 -14.937 1.2547 -0.28335 -3.3354 2.5622 -5.9739 1.6177 -1.5538 -6.9536 4.9994 -3.6107 3.2464 -0.40059
1 1 1 0 74.428 -13.543 5.4276 -2.7057 1.5403 -1.2169 1.1392 -2.4168 4.8038 -5.4767 2.2483 0.80511 -0.83925 2.0908
1 1 1 0 73.218 -11.869 3.8035 -2.7058 2.3293 -0.18443 -3.429 1.5919 1.2596 -1.905 2.4124 -2.5966 2.2094 0.37461
1 1 1 0 69.78 -13.499 0.0072488 -0.6977 -0.55323 5.2726 -9.9522 5.5837 -12.608 6.4113 -8.45 -4.212 2.9821 -8.1252
1 1 1 0 72.434 -13.635 -2.4464 -0.65872 -3.8356 4.2641 -11.11 5.3975 -6.4873 -3.3121 2.1166 -6.7547 8.4154 -0.66431
1 1 1 0 71.662 -12.382 -0.27269 1.7014 -1.4106 2.1914 -7.4797 2.0954 -6.3229 2.0742 -1.8958 -3.9925 4.0501 -2.9275
1 1 1 0 72.56 -11.158 0.6339 1.2932 -1.9419 3.3262 -8.3388 3.2829 -3.454 -1.0931 -0.68773 -4.2326 1.9309 -3.1864
1 1 1 0 71.616 -12.48 -0.65676 1.6219 -1.9691 3.6682 -10.38 2.412 -3.4039 -2.9082 -0.85818 -6.106 1.2714 -2.6796
1 1 1 0 72.176 -11.57 -2.1304 1.106 -1.377 3.7258 -6.0913 0.47449 -1.0599 -2.8362 5.465 -6.6711 -0.53156 -0.72951
1 1 1 0 70.846 -12.101 -1.1612 -0.71958 1.4057 0.24859 -7.9096 6.4667 -5.9563 2.7763 -2.2727 -1.4145 3.3949 -1.4186
1 1 1 0 70.835 -12.927 -1.18 2.1914 -0.072964 0.54827 -8.5776 4.2397 -5.2283 0.27713 1.8811 -1.774 3.799 -4.0184
1 1 1 0 69.097 -15.625 6.3204 -4.2593 3.7099 -2.0654 -5.8139 4.6487 -9.3783 2.8166 1.9529 -6.0965 2.8955 -2.3596
1 1 1 0 71.732 -11.812 3.1607 0.23701 -2.5621 2.9589 -4.5012 2.5197 0.24689 -4.4047 3.8772 -3.5698 1.1378 1.3022
1 1 1 0 72.603 -12.045 1.153 1.72 -1.8101 0.07657 -4.1166 2.8454 0.93631 -3.4492 2.0927 -5.0618 1.5376 0.32796
1 1 1 0 71.579 -11.12 0.63737 1.7735 -1.6109 1.3388 -1.9706 -2.3629 4.8123 -5.5381 2.5086 -0.97762 0.94107 0.52638
1 1 1 0 72.333 -10.997 1.6958 1.0088 -1.2228 0.26043 -1.5157 -3.0608 5.0698 -7.0255 2.5252 -1.4616 1.6183 0.3152
1 1 1 0 72.439 -11.966 -3.6769 2.4874 -0.66406 2.2084 -4.2807 0.42241 -0.84467 -1.7587 1.4178 -6.2249 2.2005 -2.0707
1 1 1 0 72.307 -11.338 -2.3809 2.1821 -1.5372 1.2127 -4.4264 2.0936 0.64597 -6.5727 2.2081 -4.4095 1.4969 -0.63476
1 1 1 0 70.736 -12.768 -3.1231 1.8707 -4.0194 1.6022 -4.1803 -2.5248 1.4327 -5.8951 0.47153 -5.6244 -4.0056 2.5128
1 1 1 0 69.429 -12.721 1.284 0.66777 -0.76504 3.7971 -10.514 9.6318 -10.889 4.151 -2.7532 -2.2339 3.4898 -6.3797
1 1 1 0 72.647 -11.931 0.12961 3.4522 -3.605 4.4869 -8.2679 6.4514 -4.1372 -3.0935 4.3659 -6.7728 4.7058 -2.1948
1 1 1 0 71.757 -12.416 1.1739 -0.18563 -1.1025 3.6046 -6.661 5.4049 -6.1212 -0.27787 1.1943 -5.484 4.229 -4.8775
1 1 1 0 71.65 -11.688 -0.33463 1.0881 -0.11397 0.83909 -2.2358 -1.5275 1.5877 -6.4598 3.2452 -2.6186 -0.63156 0.85124
1 1 1 0 71.843 -11.261 -0.51094 2.5596 -2.5537 2.7535 -3.8633 1.1279 1.0417 -3.7795 2.1111 -6.0595 1.138 0.83359
1 1 1 0 72.171 -13.689 1.1623 -0.02279 0.80472 1.2449 -4.5569 -1.3098 -1.1529 -2.0004 -0.67249 -1.7058 0.20376 1.1795
1 1 1 0 72.944 -13.34 -2.0702 0.31241 0.98904 1.0683 -5.7734 -1.5197 -3.6698 -2.428 0.95921 -3.0413 1.1969 -1.1873
1 1 1 0 72.062 -12.122 -3.177 -0.60723 1.1049 -0.027309 -8.5212 -0.44586 -5.099 5.9779 -8.1571 -1.9942 -4.593 1.7459
1 1 1 0 69.582 -16.099 0.3064 -1.9463 -1.9401 3.3773 -14.637 8.8232 -7.6064 -2.4919 -2.7332 -8.6796 0.31182 -3.414
1 1 1 0 72.524 -14.481 0.23141 1.2494 -3.6664 5.4162 -10.522 0.48624 -1.0626 -6.1456 5.4902 -7.2683 2.8792 -0.44373
1 1 1 0 72.694 -12.805 -1.6923 0.5757 -0.23611 0.57617 -12.062 6.8624 -6.1127 0.044454 -3.3381 -6.2963 2.9768 -3.1659
1 1 1 0 72.008 -11.331 -2.6003 0.15496 0.55509 0.045696 -6.3033 1.7361 -3.2459 -3.8942 -1.3378 -2.3979 0.32688 -3.5431
1 1 1 0 70.043 -14.514 0.096921 -3.1035 0.61173 -0.33665 -8.9635 3.3066 -5.5655 -4.0387 -1.6446 -5.0661 4.0934 -3.4801
1 1 1 0 71.517 -11.732 1.6268 -1.6624 0.071579 3.3282 -7.7119 5.2923 -0.010954 -2.1509 0.34164 -4.1348 5.2196 -2.3858
1 1 1 0 72.658 -15.496 0.17531 -3.2168 1.5821 1.4769 -0.014556 -5.6615 3.7286 -6.7068 2.0992 -6.7468 -0.30667 2.6445
1 1 1 0 73.342 -14.717 -0.53694 -3.9703 0.75417 0.55259 1.1923 -3.5237 5.0868 -8.5443 1.7812 -7.4337 -1.3268 0.37908
1 1 1 0 72.942 -12.358 -1.6667 -0.59123 1.2215 3.7203 -3.6162 1.3753 -8.1661 -5.0174 -2.186 -4.0176 -2.8244 -4.6697
1 1 1 0 73.059 -11.757 -2.7333 -0.63081 1.594 1.7197 -4.7584 3.6482 -6.0069 -0.79533 -5.0614 -2.3533 0.79269 -2.5211
1 1 1 0 72.879 -12.054 -2.6882 -0.13246 0.50906 0.65601 -5.6012 2.4585 -4.9516 -0.63588 -5.0281 -1.595 0.82467 -2.3158
1 1 1 0 72.229 -12.72 -1.8269 2.2148 -3.3654 1.256 -7.8882 2.51 0.59157 -6.2731 0.22446 -6.3169 -1.8814 -1.0819
1 1 1 0 71.879 -12.789 -2.2802 1.7559 -3.4232 0.7782 -8.6319 -1.5623 1.6297 -8.4784 0.53968 -7.3561 -1.9395 -0.53156
1 1 1 0 70.881 -16.158 -1 0.33379 -2.1055 3.011 -8.8122 3.4447 -0.83746 -2.117 1.6966 -6.0653 3.2059 -2.7562
1 1 1 0 72.908 -13.114 -2.1453 0.52177 0.58436 0.72818 -9.1277 1.8615 -6.0641 2.1313 0.18655 -8.18 2.4786 -5.0801
1 1 1 0 73.395 -11.281 -1.0722 2.1561 -0.72561 1.8506 -5.0289 -0.32653 3.3073 -4.4626 4.006 -3.2138 -0.87901 1.7528
1 1 1 0 72.496 -10.983 -1.4158 1.8576 -0.74373 2.4812 -3.5018 0.66547 1.1179 -5.0045 5.0918 -1.884 -1.7669 -1.3666
1 1 1 0 70.989 -12.7 -2.7368 0.59725 -1.0632 1.8757 -6.0343 -2.3637 0.27647 -6.8272 4.5765 -3.6098 -3.1111 -2.5073
1 1 1 0 72.985 -12.208 0.25351 1.1249 2.0698 0.36735 -1.4512 -5.1239 5.0351 -6.5927 2.5372 0.092493 -2.0002 -0.1499
1 1 1 0 73.173 -13.882 -2.0194 -3.0434 0.73231 -0.21512 -9.4997 4.267 -5.6897 0.36405 -2.4828 -6.0854 4.3424 -4.759
1 1 1 0 72.907 -13.526 -1.5113 -1.7595 -0.66703 1.9728 -10.255 5.0974 -6.7433 0.08749 0.035536 -6.0633 3.9055 -3.8974
1 1 1 0 73.618 -11.764 -0.7046 0.74901 -0.68321 4.1099 -7.8978 3.9367 -3.2527 1.4 1.1605 -3.6388 -0.67866 -0.42703
1 1 1 0 73.167 -12.547 -1.6322 1.3421 1.5334 0.65495 -5.5028 2.9242 -2.7594 0.965 -0.16514 -4.0687 4.5941 -2.7928
1 1 1 0 72.602 -12.963 -4.0821 0.48645 1.5894 -1.0204 -4.825 2.0068 -4.1597 -3.2366 -2.4965 -6.2466 4.4222 -1.5623
1 1 1 0 72.819 -12.179 -2.5995 1.6682 -0.93515 1.0562 -5.8582 0.29106 -7.163 -0.52545 -0.27145 -1.3609 -1.1633 -2.2215
1 1 1 0 72.729 -11.649 -0.34987 0.65196 1.8783 -0.1511 -5.8155 1.4644 1.2268 -2.5024 3.0123 -6.3079 3.3362 -0.80495
1 1 1 0 68.785 -14.124 -1.2954 -4.1803 -0.8937 3.3397 -7.5654 6.1376 -8.0853 5.5801 -4.971 -4.854 0.43509 -4.4987
1 1 1 0 71.426 -13.163 -0.73561 0.23471 -0.84317 6.661 -9.374 3.8063 -6.6293 -4.0552 5.5826 -8.6939 4.0621 -2.9505
1 1 1 0 70.958 -12.486 0.17471 0.26405 -1.607 3.5327 -8.1996 2.865 -1.145 -3.5307 6.2875 -5.7258 3.2911 -1.3398
1 1 1 0 72.188 -14.309 -2.7264 -0.19269 -0.50085 3.7739 -0.079257 -6.1114 2.8822 -7.1505 4.3263 -5.8652 -0.45034 -3.4365
1 1 1 0 72.68 -13.661 -1.168 0.3429 -0.34124 3.2451 0.59996 -6.6881 1.6287 -6.2945 3.25 -6.5182 0.20354 -2.0359
1 1 1 0 73.761 -10.698 -0.34852 1.0146 1.7356 1.6014 -1.992 -0.62936 -3.0985 -1.511 2.4829 -4.642 -0.37117 -2.0182
1 1 1 0 72.612 -13.015 -3.4735 0.37856 -1.1727 1.932 -6.8937 0.61191 -5.1357 -2.3258 -3.1326 -6.1965 2.5866 -1.1503
1 1 1 0 72.015 -13.032 -3.5564 -0.068485 -0.80707 0.88296 -4.6752 2.0483 -11.714 -1.1117 -4.5325 -4.7305 -0.017255 -4.1678
1 1 1 0 72.47 -12.529 -2.4088 0.37615 -1.9474 2.0508 -5.4793 4.385 -6.2621 0.24478 -1.2468 -6.5369 2.1148 -0.60999
1 1 1 0 71.837 -11.911 -2.1122 -0.23536 -0.36983 -1.5166 -4.1272 0.16517 -8.3758 0.30862 -4.7197 -1.8452 -1.4381 -1.1388
1 1 1 0 71.322 -11.562 4.144 -2.2444 -1.1913 4.1802 -5.2193 3.4182 -2.6024 1.2104 0.39592 -1.931 0.70137 -1.1205
1 1 1 0 71.005 -13.943 1.9612 -0.31376 -1.016 3.8111 -4.1194 0.82294 -2.6613 -4.4524 3.8339 -2.2122 -0.032522 -0.70964
1 1 1 0 72.144 -14.853 1.4972 -0.55805 0.17576 1.4184 -1.9978 -5.563 1.7895 -8.3306 1.4676 -1.8571 -2.2254 -1.035
1 1 1 0 72.788 -14.43 0.15119 -3.0973 2.9291 4.6518 -4.289 3.8434 -7.5807 0.47294 -2.3058 -6.2649 0.051222 -5.8438
1 1 1 0 73.024 -11.461 -0.51009 1.4826 -0.2816 3.6544 -7.6964 6.6166 -6.4672 2.2386 2.0867 -5.6828 5.0279 -3.5994
1 1 1 0 73.279 -12.007 -0.96732 1.5941 1.048 1.1998 -6.5359 -1.0516 -4.123 -3.1186 2.7087 -2.6074 -0.95379 2.7038
1 1 1 0 72.459 -12.26 -1.8759 0.90914 1.6514 1.9719 -4.5243 2.6098 -4.7765 -2.8518 0.77971 -3.452 1.6778 -0.73585
1 1 1 0 72.992 -12.534 -1.2493 0.0079035 0.19875 3.7427 -6.5155 1.3566 -2.3534 -2.3459 -3.7947 -4.2602 -1.2197 -2.1893
1 1 1 0 72.962 -12.668 -2.2233 -0.42059 2.3002 2.4764 -6.1242 3.0649 -3.6053 2.4681 -1.2541 -5.0817 2.3663 -0.60856
1 1 1 0 72.213 -13.014 -2.2364 0.032316 4.2006 0.69403 -5.484 5.5708 -6.0611 3.4318 -4.5909 -1.4674 -1.2622 -3.855
1 1 1 0 71.809 -11.769 -1.4984 2.2342 -0.7048 2.2036 -4.2481 1.6751 -2.7237 1.686 -2.0374 -5.6365 -1.2434 -2.0204
1 1 1 0 71.823 -12.367 -0.0052633 0.17633 -2.0153 1.9204 -3.3557 -1.8427 1.2026 -6.2878 1.6005 -2.5659 -2.7003 0.82027
1 1 1 0 72.001 -11.114 2.6567 -0.93161 -0.6698 4.072 -8.1632 9.0086 -6.8193 2.7604 0.53552 -3.1991 3.9881 -2.7745
1 1 1 0 72.835 -13.718 0.72534 1.1068 -2.4605 4.881 -7.3455 4.9854 -4.6499 -4.7469 2.6983 -7.968 4.0889 -1.4196
1 1 1 0 72.738 -11.448 -0.4658 -1.4611 0.51828 -0.079684 -2.894 5.819 -5.8752 2.8292 -1.166 -3.2204 2.134 0.16387
1 1 1 0 72.264 -13.447 -1.0907 0.36011 0.88226 1.7714 -9.4387 2.0715 -5.4 2.9305 -0.13277 -4.2361 2.9048 -3.8049
1 1 1 0 72.841 -12.313 -2.822 0.88784 -0.67192 2.9726 -3.9919 1.7099 -1.8445 -2.1779 2.1629 -5.7397 -0.68478 -2.4068
1 1 1 0 71.394 -12.474 0.50824 -0.68913 1.0106 1.9533 -5.2878 2.5014 -1.1588 -0.14781 -0.664 1.7654 -2.7033 2.2641
1 1 1 0 72.044 -11.262 1.501 -0.18318 -0.49909 2.5851 -4.6652 3.2864 -2.855 0.36825 0.17362 1.163 -1.7207 0.86426
1 1 1 0 72.042 -12.535 0.91269 -0.32097 -0.38692 1.6495 -1.5784 -0.48961 -1.4143 -2.1323 1.906 -1.9774 -2.5402 4.1364
1 1 1 0 72.163 -12.226 0.47903 -0.20374 -0.93275 1.5165 -2.5754 -1.0679 -0.76278 -3.0926 1.7921 -1.9355 -2.3475 3.0643
1 1 1 0 72.134 -11.038 1.3622 -0.98853 0.20674 1.9862 -4.5784 2.0957 -4.0108 0.36181 0.36061 -5.7182 5.1596 -4.643
1 1 1 0 70.637 -12.803 0.57081 0.06108 0.83033 3.8679 -5.2929 5.1954 -4.6367 -2.8616 0.75823 -5.2235 4.2297 -4.6865
1 1 1 0 70.808 -12.972 -0.014363 1.8496 -0.42325 3.5097 -4.6657 1.9486 -4.1804 -4.8016 3.1062 -5.5164 3.0065 -1.6325
1 1 1 0 71.827 -10.996 2.496 -0.3557 -1.7223 4.5324 -8.7324 8.9378 -6.5816 2.0926 0.14848 -3.3453 4.461 -3.8376
1 1 1 0 70.238 -14.605 -0.89996 2.6493 -2.3247 5.7395 -14.099 2.8593 -5.411 -6.9336 5.1091 -11.562 2.02 -3.7788
1 1 1 0 72.196 -13.42 0.026655 0.73968 0.0019072 2.6712 -4.3937 3.6354 -1.3174 -2.2739 1.3082 -4.6439 1.8051 -1.1922
