1 1 1 0 63.722 -16.038 -5.934 -0.56971 -0.51014 -2.777 2.7159 -0.63452 1.5666 -0.60542 -6.0641 1.796 -1.8947 -1.2222
1 1 1 0 63.904 -15.769 -6.0884 -0.8566 -0.76585 -2.8552 2.8199 -0.99604 1.5496 -0.90356 -6.1315 1.4854 -1.7625 -0.54886
1 1 1 0 63.987 -15.427 -6.3678 -2.1001 0.78341 -0.62072 2.438 -0.56618 -0.82439 -0.65993 1.3131 1.5363 -1.4045 -2.4384
1 1 1 0 64.367 -15.482 -6.8978 -1.605 -1.3872 -1.0491 2.2096 0.22102 -0.63926 0.12857 -1.084 0.35541 1.3586 1.6498
1 1 1 0 64.367 -15.482 -6.8978 -1.605 -1.3872 -1.0491 2.2096 0.22102 -0.63926 0.12857 -1.084 0.35541 1.3586 1.6498
1 1 1 0 64.479 -15.232 -6.5014 -1.4628 -0.73341 -1.2709 0.81451 0.53059 -1.57 -1.5331 -2.9966 -0.0036055 0.94643 0.85684
1 1 1 0 63.865 -15.244 -6.0974 -2.6042 -1.2438 -1.616 3.6277 -0.45129 0.64276 -1.2895 -4.3274 -2.4512 0.66066 0.61323
1 1 1 0 64.473 -13.894 -4.1394 -1.0766 -0.30059 -1.9351 2.8958 -0.86846 2.0511 -0.57003 -3.6044 -0.67394 1.4788 0.72411
1 1 1 0 64.863 -13.274 -3.1011 -0.34022 0.36961 -1.7472 2.1079 -1.2427 2.1715 -0.74023 -4.4092 -0.7554 0.5097 0.1993
1 1 1 0 64.863 -13.274 -3.1011 -0.34022 0.36961 -1.7472 2.1079 -1.2427 2.1715 -0.74023 -4.4092 -0.7554 0.5097 0.1993
1 1 1 0 64.863 -13.274 -3.1011 -0.34022 0.36961 -1.7472 2.1079 -1.2427 2.1715 -0.74023 -4.4092 -0.7554 0.5097 0.1993
1 1 1 0 64.496 -15.6 -6.4889 -1.5957 0.2278 -0.26419 1.5804 -1.5758 1.3921 -0.53201 -0.15416 0.42332 0.57558 -2.9166
1 1 1 0 64.615 -15.899 -6.5773 -2.1058 0.44858 0.3915 1.2786 -0.84615 -0.25421 0.12644 0.11462 0.92223 -0.36126 -3.117
1 1 1 0 65.162 -14.742 -4.7699 -0.64283 1.1257 0.20548 1.7066 -1.0336 -1.9513 0.77967 0.39309 0.90761 -0.76878 -2.3872
1 1 1 0 64.365 -15.479 -6.4387 -1.6373 -0.98131 -2.1955 4.1954 -1.7371 -2.2434 1.107 -0.80435 -1.4129 0.75565 -0.47672
1 1 1 0 64.306 -15.084 -6.7232 -2.1345 0.37033 -1.1235 2.1856 -4.6486 0.41789 1.3271 -2.859 -1.462 -0.92634 -0.69512
1 1 1 0 64.376 -15.359 -7.6491 -1.9772 -0.20755 -1.5336 2.3387 -2.1189 3.3247 2.7064 -0.093169 0.46399 -1.0848 -1.0267
1 1 1 0 64.291 -15.609 -7.7939 -1.6803 -0.61129 0.055492 4.2701 -0.93495 4.2616 2.4268 -0.69824 1.8299 -1.2712 -1.844
1 1 1 0 64.212 -15.936 -7.6419 -2.6782 -0.69359 1.1448 4.6349 -0.66392 1.8969 0.59902 -1.7004 0.96948 -1.5391 -0.57156
1 1 1 0 64.07 -15.956 -6.4751 -2.7001 -2.2549 -0.16831 3.7076 -0.84818 -2.0377 2.5144 0.52811 3.8777 -0.011494 1.2891
1 1 1 0 63.81 -15.998 -6.2305 -2.0842 -2.3843 -0.9176 2.6677 -2.2895 -2.0717 2.9482 1.7055 5.1797 1.3072 1.4725
1 1 1 0 63.84 -15.788 -5.6727 -1.3147 -1.2702 -0.76166 3.0921 -2.555 -1.4995 1.4361 1.2391 3.8035 0.97872 1.1925
1 1 1 0 63.916 -15.598 -5.5363 -1.0644 -0.064589 -0.55121 3.047 -2.4494 -1.7765 -0.34198 0.36737 1.8996 0.67759 -0.26719
1 1 1 0 63.641 -15.644 -6.8716 -2.984 0.093063 -2.8966 -1.7895 -2.2313 0.14432 0.50418 0.012041 0.86389 -1.0845 -0.69241
1 1 1 0 64.102 -15.525 -6.7386 -3.3689 -0.5197 -2.7966 -0.32671 -3.5556 0.86967 -0.80692 -0.094262 -0.79249 -3.2786 0.60357
1 1 1 0 64.034 -15.844 -5.7729 -1.4201 -2.7071 2.6304 4.3138 2.0394 -2.3283 -2.2574 -0.93154 1.1857 -0.82441 -0.32268
1 1 1 0 64.51 -14.895 -4.8849 -0.80526 -2.5634 2.7539 3.8191 1.0682 -2.181 -1.3639 -1.052 0.23479 -0.84264 -0.12854
1 1 1 0 65.48 -13.844 -3.7149 1.2736 -1.7938 0.52241 1.3113 -1.7186 -1.8516 -0.41808 0.16163 -0.66124 1.5473 0.56339
1 1 1 0 64.888 -15.267 -5.5783 0.4337 -2.1978 -0.1424 0.77277 -2.4174 -2.3836 -0.56174 0.12492 0.87276 2.6047 1.0452
1 1 1 0 65.236 -14.404 -4.9204 0.725 -1.6568 -0.08203 1.1125 -2.2904 -1.8155 -0.11828 -0.063641 1.4009 1.7501 0.15127
1 1 1 0 64.237 -15.875 -6.7852 -1.5372 -1.9334 -0.52837 -0.090104 -3.2126 -3.0434 -2.8026 -1.1373 1.7461 -0.065243 0.34655
1 1 1 0 64.985 -13.808 -3.85 -0.23356 0.59149 0.94379 0.51675 -1.762 -0.55361 -2.2005 0.38636 0.74592 -2.4234 0.40672
1 1 1 0 63.997 -15.958 -6.2133 -2.2176 -0.49149 0.20422 -0.055319 -2.8939 -0.75237 -2.6244 -0.97415 -0.36749 -3.0589 -0.12836
1 1 1 0 64.056 -15.384 -5.6026 -1.1177 -0.84332 -0.88987 0.69306 -5.0215 -0.045961 -3.0962 -4.5151 0.052275 -1.8062 -0.55033
1 1 1 0 63.904 -15.068 -5.3654 -0.54003 -0.77089 -0.39603 1.6644 -6.6584 -3.7368 -3.8396 -2.1734 -1.8383 -0.41297 -0.05088
1 1 1 0 64.472 -14.263 -4.625 -1.2753 0.53842 -2.6576 1.653 -3.8244 -4.1056 -1.2416 -3.3801 -2.9122 0.099358 -0.77275
1 1 1 0 64.611 -14.63 -5.5398 -1.2487 -0.2211 -1.5006 1.9549 -5.1267 -4.5812 -1.7917 -1.7579 1.9813 0.053332 0.88553
1 1 1 0 64.389 -14.989 -5.4629 -1.546 -0.037795 -0.88365 1.2845 -3.8778 -3.6149 -2.6354 -1.035 3.5516 0.36733 1.1407
1 1 1 0 64.329 -14.887 -5.893 -0.607 1.0243 -0.67313 -0.43787 -2.2908 -3.9791 0.21171 -2.4649 0.50396 2.3644 0.90987
1 1 1 0 64.28 -14.726 -5.3307 -0.17569 1.4602 -0.52403 -0.58276 -2.4688 -2.7762 0.9392 -3.8122 -0.74381 1.8482 1.116
1 1 1 0 64.078 -14.494 -6.4688 -0.46132 0.060837 -0.33268 3.5785 -3.6786 1.1198 0.94407 -2.6255 -3.8736 -1.3166 -0.0033962
1 1 1 0 64.263 -14.205 -5.6048 -0.71139 -1.1393 -1.67 3.4136 -0.41521 0.60549 -2.522 -3.1479 -3.1949 -2.567 -2.3192
1 1 1 0 65.048 -13.44 -3.1594 1.2949 -1.2544 -1.7764 1.8262 0.2783 -0.97526 -1.7509 -2.1247 -0.61639 1.7926 -0.24795
1 1 1 0 64.595 -15.027 -4.8085 0.24561 -0.6635 -0.731 2.012 -2.4078 -2.1938 -0.1249 -3.195 -1.2631 2.4275 1.5418
1 1 1 0 64.933 -14.598 -3.0664 0.73071 -0.57214 -1.4536 2.7847 -2.3626 -1.0243 2.3825 -2.1941 -0.79536 2.307 1.2164
1 1 1 0 64.811 -14.937 -2.9855 0.69175 -1.0347 -1.7724 2.7448 -1.8894 -0.82841 2.3969 -2.4793 -1.447 2.0087 0.78606
1 1 1 0 64.491 -15.546 -3.5686 0.55108 -1.6916 -2.2527 1.9311 -2.1494 -1.1396 1.2428 -2.4206 -2.0533 2.4308 0.70035
1 1 1 0 64.726 -15.868 -5.8642 -1.0121 -0.57707 1.341 -0.35976 0.1848 0.81038 -2.8277 -0.13411 -3.2893 0.93874 -0.58608
1 1 1 0 64.947 -13.425 -3.8045 0.10751 1.9943 -0.70669 1.2369 -3.3998 -1.3751 -0.17102 -4.2615 -0.43775 1.7189 -0.22691
1 1 1 0 64.545 -14.136 -4.9291 -1.5498 -0.27503 -0.36472 4.9308 -3.6151 -6.1589 -1.3758 -2.2418 -0.0831 -2.5811 -2.7111
1 1 1 0 64.903 -13.899 -4.725 -0.64755 -1.3308 -1.7387 6.0613 -3.5484 -6.1901 -3.3727 -1.2144 0.034806 -2.1173 -0.89571
1 1 1 0 65.002 -14.168 -5.0356 -0.60441 -2.6972 -1.659 6.0077 -1.8247 -4.2411 -3.383 0.36022 -0.43294 -2.7427 0.071879
1 1 1 0 64.973 -14.079 -5.2899 0.00056607 -1.0966 -0.051218 4.8931 -0.16631 -1.8754 -2.0164 0.58364 -1.3869 -3.1078 -0.79164
1 1 1 0 64.233 -14.799 -4.0433 -0.068107 0.81541 -0.17735 2.0473 -4.1509 -4.2828 -5.8684 -3.3538 1.0268 -1.2103 1.6705
1 1 1 0 64.212 -14.497 -3.9084 -0.51522 1.8187 -3.5648 2.4329 -0.83012 -3.1613 -4.7931 -5.7496 -0.33374 -1.9005 2.4809
1 1 1 0 64.338 -14.701 -4.7208 -0.57908 1.6477 -2.5945 1.8992 -2.9052 -1.4765 -2.1913 -3.9739 -1.1718 -2.2112 -0.61179
1 1 1 0 64.502 -15.077 -5.3738 0.64898 0.89291 -1.4021 3.2762 -2.5188 0.35715 -1.4803 -1.0711 -3.1036 -5.1023 1.3909
1 1 1 0 64.496 -14.484 -4.7554 0.7288 -0.048779 0.1588 3.1458 -3.3444 -2.2253 -3.7249 -2.0276 -2.6299 -4.0726 1.3106
1 1 1 0 64.185 -14.866 -3.884 -0.36681 0.96177 -1.0546 0.84057 -2.1188 -4.8131 -0.57494 -3.3828 -1.935 1.5989 0.38899
1 1 1 0 64.362 -15.198 -3.6318 0.30354 0.22805 -1.8844 1.5047 0.3944 -2.772 -2.4914 -2.3696 -2.121 2.2858 -0.60668
1 1 1 0 64.575 -14.802 -3.4894 -0.37875 -0.088933 -0.80758 1.855 0.32798 -2.7909 -3.6203 -0.77826 -2.5901 2.8953 -0.8869
1 1 1 0 64.84 -13.524 -3.2001 0.51369 0.26356 -2.1388 1.1173 -2.1415 -0.83693 0.374 -2.496 1.0839 -0.40109 0.89714
1 1 1 0 63.99 -15.053 -4.5532 -0.03606 0.41419 -2.1143 1.0249 -1.0319 -0.25019 0.15024 -2.1132 1.4911 0.13948 0.22775
1 1 1 0 65.031 -13.476 -2.2639 -1.5108 -1.9415 1.9613 0.1694 -2.5845 -0.986 -2.4574 -0.77568 -0.74573 0.69624 -0.47897
1 1 1 0 64.678 -13.348 -1.8392 -1.2731 0.72456 -0.85572 1.1092 -1.2258 3.1726 0.60756 -5.2219 0.38794 -0.60111 -1.5964
1 1 1 0 64.242 -15.444 -6.6595 -0.61046 -0.7652 -4.0317 0.039542 -1.227 -3.7863 -2.6417 0.83896 -2.183 0.96684 3.4783
1 1 1 0 64.181 -15.693 -6.9646 -0.36945 -0.54481 -4.9267 0.05865 -1.2813 -3.3088 -1.316 1.2741 -2.5652 -0.57951 2.5214
1 1 1 0 64.208 -15.881 -5.4117 0.66402 0.17544 -1.7213 4.0926 -1.4218 -0.046834 0.25269 0.19746 0.55496 -3.3541 0.28662
1 1 1 0 64.326 -15.524 -4.8465 -0.13682 0.80296 -2.6503 4.4327 -2.6081 1.3434 2.4372 0.32352 -1.5318 -2.4736 0.97674
1 1 1 0 63.984 -15.549 -5.0238 -0.20896 -1.4498 -2.2336 1.9954 -5.8321 -1.0928 0.27764 -0.80554 -0.051798 0.43751 0.62388
1 1 1 0 64.372 -14.714 -4.7136 0.36683 -1.5745 -4.2443 3.6933 -1.7228 -1.5889 -1.7298 -3.7059 -0.92858 0.12834 0.8271
1 1 1 0 64.381 -15.392 -6.1016 -1.6452 -1.0434 -2.7767 2.6117 -0.24179 -1.6472 1.9205 -2.6593 0.15863 -2.5268 0.50242
1 1 1 0 64.316 -16.21 -6.9939 -1.7544 -2.7548 -0.82083 2.3677 -0.53721 -2.5492 2.3562 -3.9274 -4.3353 -2.4215 -1.3668
1 1 1 0 64.468 -15.785 -6.3155 -1.2228 -2.3593 -1.4975 1.2826 -0.70132 -2.8225 1.9257 -2.5294 -4.6551 -1.8001 -0.96324
1 1 1 0 65.311 -14.107 -3.856 -1.7225 1.1245 -0.81041 -0.49049 -3.542 -0.69775 2.839 1.2697 0.84698 -1.7216 -0.99814
1 1 1 0 65.311 -14.107 -3.856 -1.7225 1.1245 -0.81041 -0.49049 -3.542 -0.69775 2.839 1.2697 0.84698 -1.7216 -0.99814
1 1 1 0 65.025 -14.292 -4.2258 -1.1641 0.69576 -1.1844 -0.77886 -4.0639 -0.80878 3.5172 1.403 -1.0565 -1.0607 -0.49256
1 1 1 0 64.46 -15.394 -6.1435 -1.6912 -2.1675 -5.4072 -2.4476 -5.6138 -2.8374 2.1796 1.7563 -2.2999 -1.0722 0.31442
1 1 1 0 64.483 -15.307 -5.7404 -1.2432 -1.9368 -3.419 -1.7664 -5.7242 -4.0396 0.5876 1.6712 -3.7762 -1.5736 1.1719
1 1 1 0 64.704 -15.522 -5.6855 -2.2161 -1.855 1.0199 -1.8049 -5.9761 -4.098 -2.8983 -3.358 1.7553 2.1599 3.7339
1 1 1 0 63.922 -14.864 -6.451 -0.97891 0.026241 -2.4898 1.5209 -2.2577 -3.1108 -2.0635 0.56432 1.5602 1.7222 -1.0195
1 1 1 0 63.965 -14.905 -7.4403 -1.9437 0.42623 0.2364 -0.53396 -2.8928 0.58057 0.87021 0.32502 2.7721 1.2628 -0.97549
1 1 1 0 63.996 -14.857 -6.5736 -1.832 0.16835 0.53674 -0.86753 -3.7378 1.6213 1.1399 1.0047 2.0541 0.55211 -0.40121
1 1 1 0 64.825 -16.148 -6.9413 -1.4788 -2.747 -3.3616 3.8584 -5.852 0.52404 1.3143 -2.3909 -2.523 2.7363 3.3998
1 1 1 0 64.281 -15.146 -5.7245 -2.0682 -0.0365 -3.0442 0.27216 -1.3476 -0.40738 -1.8459 -1.9968 0.77808 0.31436 1.4125
1 1 1 0 64.355 -15.268 -5.1 -2.3936 -0.58275 0.18122 1.2176 -5.4695 -1.1843 -0.61432 -2.5904 0.24311 0.2381 0.46572
1 1 1 0 64.947 -13.871 -3.3378 -0.081262 -0.022017 -2.4774 1.592 -0.78159 -1.6047 -0.040281 -1.7287 -1.4155 0.33604 2.6599
1 1 1 0 64.382 -14.51 -4.9916 -0.56696 -0.10771 -2.4754 1.3034 0.013151 2.0358 -0.65024 -3.7658 -1.6097 -1.3223 2.2436
1 1 1 0 64.664 -13.785 -4.6426 -0.17427 0.92988 -1.4634 2.6397 -0.60437 1.0283 0.0017319 -2.2064 -1.2452 -1.0194 1.4949
1 1 1 0 64.4 -14.927 -5.05 -1.7746 0.17435 -0.989 0.24366 -1.8611 -1.708 0.991 1.4205 -0.35446 1.1675 1.1718
1 1 1 0 65.248 -13.837 -3.2629 -0.18064 -0.071963 0.42449 0.17944 -1.7417 1.1225 -1.7367 -0.57588 -1.3433 2.5456 0.83041
1 1 1 0 64.177 -15.468 -6.052 -2.0502 -2.4294 -0.77424 2.4215 -2.8472 -3.599 -3.3469 -2.2269 -0.2408 3.4991 -0.010322
1 1 1 0 64.232 -15.517 -6.0446 -1.9483 -2.3836 0.03632 2.3871 -3.7722 -3.2107 -3.7221 -2.0495 -0.3586 4.1538 -0.0065523
1 1 1 0 64.249 -15.222 -5.9688 -0.90995 -1.1598 1.8596 1.6229 -4.9836 -1.2359 -4.7029 -0.41167 0.80952 4.1663 0.096974
1 1 1 0 64.372 -14.883 -5.2845 0.61095 -2.3141 -0.98794 -0.50552 -3.1195 -0.20334 -3.1942 -1.8125 2.2341 -1.6395 -1.3304
1 1 1 0 64.647 -15.324 -6.0762 -0.74439 0.23511 -2.639 1.4176 -1.9896 -0.23127 -0.55222 -2.0265 1.3246 -1.4161 1.6468
1 1 1 0 64.328 -14.972 -6.0049 -1.7586 -1.003 -1.418 3.7459 -2.3162 1.6256 -0.49035 -0.26435 -0.64265 -2.5079 1.9718
1 1 1 0 64.164 -15.495 -6.4507 -2.7227 -3.0781 -0.82313 1.4866 -3.1092 0.2742 -0.52402 0.43153 0.69287 -1.2941 2.1868
1 1 1 0 64.249 -15.766 -6.4874 -2.6894 0.58216 0.747 0.53909 -2.4332 -3.9377 -1.5726 -0.99119 0.21477 -1.5828 1.7431
1 1 1 0 64.16 -16.172 -6.9325 -2.4356 0.6651 1.5912 1.0959 -2.2727 -3.6609 -1.8691 -1.6858 0.18424 -1.716 1.6731
1 1 1 0 64.041 -16.467 -7.1995 -2.0383 0.66466 2.3742 1.839 -1.9921 -3.2403 -1.8247 -2.1159 0.28222 -1.7632 1.7071
1 1 1 0 63.678 -16.709 -7.0868 -1.4231 0.29188 2.3047 3.0722 -1.6461 -2.7826 -0.99723 -3.6005 0.49798 -1.3583 2.4251
1 1 1 0 63.978 -15.082 -5.7653 -0.13676 -2.9018 -3.1455 1.9338 -4.9719 0.37256 2.0375 -1.648 1.7581 3.7078 1.6212
1 1 1 0 64.958 -14.035 -4.3296 -0.56832 -0.18592 -0.12795 1.2777 2.0289 1.2727 -1.3163 -0.53807 -0.063714 0.5648 -0.060307
1 1 1 0 64.904 -14.449 -4.8025 -0.5259 0.18897 -0.10056 0.66648 0.33669 0.64993 -2.0782 -1.5844 0.051148 -0.14794 0.81289
1 1 1 0 65.157 -14.283 -3.7268 0.44608 0.02274 -0.33914 0.62641 0.19177 0.41983 -0.48926 -3.9411 0.54027 2.2092 0.31527
1 1 1 0 64.415 -15.962 -5.5643 -0.91541 -0.50925 -0.30839 0.53627 0.55398 0.38049 -0.35812 -4.323 0.88411 2.973 0.41789
1 1 1 0 64.979 -14.948 -4.8739 -0.65527 0.35034 -0.00062304 -0.4695 0.30215 -0.082933 -0.052674 -3.0493 0.95695 2.5346 -0.716
1 1 1 0 64.887 -15.147 -5.3541 -0.58819 1.1276 0.27047 -0.5151 0.689 -0.44234 -0.21902 -1.9101 1.3708 1.8167 -1.1692
1 1 1 0 64.046 -16.727 -7.4786 -1.9291 0.90713 -1.1865 -0.70036 -0.079893 -1.62 -1.2475 0.30351 2.1705 0.79161 -0.38974
1 1 1 0 64.255 -15.571 -5.1119 -1.0857 -0.94727 -1.9826 2.7767 0.11084 -2.0235 -2.7281 -0.64264 2.2948 3.4601 1.3009
1 1 1 0 64.277 -15.629 -5.0777 -1.4009 -1.4768 -2.0926 3.1046 -0.16459 -2.0461 -2.5066 -1.3669 2.5074 2.7972 1.4737
1 1 1 0 64.404 -15.429 -4.9505 -1.8285 -2.1778 -2.0056 3.5803 0.52133 -1.1208 -1.6462 -1.8022 2.851 1.9803 1.3103
1 1 1 0 64.28 -15.741 -5.4295 -2.9352 -3.1295 -2.48 2.9376 0.65415 -0.36497 -1.6296 -2.8861 2.3664 0.84648 1.4907
1 1 1 0 63.787 -15.817 -6.4897 -4.5857 0.99495 -2.4428 1.9965 1.2417 0.67684 -1.626 -0.74065 -0.86077 0.77504 3.4622
1 1 1 0 64.627 -14.392 -4.8235 -1.2892 -0.33708 -3.4144 0.96077 -1.4736 -2.7933 -2.7111 -1.8127 -0.023685 0.67272 0.43207
1 1 1 0 64.691 -14.615 -4.7903 -0.69649 0.18646 -2.6105 0.3313 -0.42974 -1.027 -2.2345 -3.0756 -0.4939 -0.55555 0.42108
1 1 1 0 64.727 -15.034 -4.8578 0.12233 0.24727 -0.23196 0.89147 -1.5688 -1.2624 -2.3587 -4.3034 0.32135 -0.4894 3.0011
1 1 1 0 64.738 -15.078 -4.9234 -0.089417 -0.12371 0.3303 1.6481 -1.1475 -1.2486 -2.8454 -4.0171 0.62145 -0.29765 3.3017
1 1 1 0 64.672 -15.073 -5.1519 -0.96421 -1.6049 0.67875 3.1098 -0.50073 -0.4682 -2.9795 -2.5361 1.1346 0.19372 3.0369
1 1 1 0 64.306 -15.369 -5.178 -1.8007 -2.89 -0.051023 4.6015 1.33 0.82283 -3.2549 -4.3383 -0.13415 1.7677 1.2853
1 1 1 0 64.3 -15.556 -4.582 -0.77526 -1.1629 0.37598 3.58 0.69655 0.3869 -3.4599 -4.9891 -1.0609 1.1349 1.7139
1 1 1 0 64.481 -15.534 -4.9743 -0.56172 -0.57746 0.58643 3.6344 -0.62218 0.88456 -3.2912 -4.3213 -0.65316 0.49028 1.123
1 1 1 0 64.585 -15.518 -5.8134 -0.75947 -0.37768 -0.97413 2.5493 -1.8702 0.38843 -1.828 -2.9288 0.96356 -1.6283 0.5959
1 1 1 0 64.408 -15.799 -6.1825 -0.75602 -0.2426 -2.253 0.91506 -1.0651 -0.51161 -0.41958 -1.555 1.959 -2.4711 0.44052
1 1 1 0 64.212 -16.023 -6.1521 -0.65898 -0.36143 -2.672 0.53676 0.34965 -1.8189 -0.21488 -0.55585 1.4538 -2.5901 0.45081
1 1 1 0 64.173 -16.158 -5.6373 0.28913 -2.2796 -2.9601 2.8602 -1.3544 -2.6559 -1.8795 -2.1879 -0.86272 -0.86247 -1.0337
1 1 1 0 64.03 -15.692 -5.127 0.36075 -3.0996 -1.0024 2.878 -4.6532 0.22088 0.80484 -0.84338 2.6228 -1.413 -1.1477
1 1 1 0 64.373 -15.097 -6.6694 0.80492 -1.6342 -2.457 1.3172 -1.4191 2.0655 1.9297 -1.1664 -0.68328 -2.7005 -0.74826
1 1 1 0 64.284 -15.038 -6.8108 -0.72024 -1.726 -4.621 0.54507 -1.9754 1.3827 1.6658 -2.1317 -0.74801 -0.66932 1.0172
1 1 1 0 64.371 -14.991 -5.7465 -0.9793 -2.4505 -3.8306 2.7752 -2.5488 -0.19107 0.86578 -1.38 0.32023 -0.34013 1.1001
1 1 1 0 64.699 -14.265 -6.0623 -1.2268 0.68701 -4.5895 1.9386 -0.16139 -1.5136 0.15505 -1.588 -0.6521 -2.1735 2.0624
1 1 1 0 64.698 -14.61 -5.9314 -1.215 0.41286 -3.5589 1.5542 -0.1129 -1.5916 0.011853 -3.5449 -0.71472 -2.4234 2.4529
1 1 1 0 64.833 -14.598 -5.5761 -0.61179 0.27271 -1.4565 3.2436 0.42911 -1.3322 -0.14788 -2.1858 -0.097542 -1.6073 1.9109
1 1 1 0 64.833 -14.598 -5.5761 -0.61179 0.27271 -1.4565 3.2436 0.42911 -1.3322 -0.14788 -2.1858 -0.097542 -1.6073 1.9109
1 1 1 0 64.451 -15.223 -5.7224 0.2261 -0.43926 -0.6457 3.8667 -1.7916 -1.1352 -0.88494 -0.40401 -0.97009 1.3436 -0.45571
1 1 1 0 64.506 -14.997 -5.0177 0.60679 -0.55132 -1.1873 3.2206 -2.7267 -1.3071 -1.0306 -0.45745 -0.72885 2.6437 -0.16044
1 1 1 0 64.126 -15.786 -3.5579 -1.2502 -2.9722 -1.764 3.1875 -1.198 -1.6099 -3.2375 -3.0952 0.33764 2.811 1.3113
1 1 1 0 64.102 -16.034 -4.3803 -0.30092 -2.7631 -1.5137 1.3869 0.29385 -0.16752 -4.6443 -0.23758 -0.26074 2.633 2.485
1 1 1 0 63.931 -14.648 -5.5945 -1.9454 -0.60745 -2.8124 2.0298 -2.8116 -1.4005 -0.27486 0.53281 0.18705 -0.76302 -1.5642
1 1 1 0 64.651 -14.762 -5.0621 -0.013194 0.68216 -1.959 0.16756 -4.2948 -3.091 -0.97782 -0.36468 -0.82091 -0.85555 3.0501
1 1 1 0 64.68 -14.944 -4.5577 0.051396 1.1735 -1.1036 -0.59383 -4.7038 -2.2035 -0.79236 -0.38336 -0.7213 -1.2183 3.8967
1 1 1 0 64.6 -15.055 -4.4763 -0.1193 1.1685 -0.50244 -0.57459 -4.7366 -1.7755 -0.93598 -0.57233 -0.54889 -1.0693 3.7266
1 1 1 0 64.682 -14.912 -4.5407 -0.93178 -0.73014 -0.74108 2.1277 -3.0913 -0.38076 -2.3359 -1.9939 -1.7874 -1.4098 -1.3151
1 1 1 0 64.543 -15.336 -4.8536 -1.2601 -0.93878 -0.43323 4.1904 -0.25902 -1.6869 -1.9391 -0.60384 -1.4185 -1.7832 -0.045026
1 1 1 0 64.49 -15.16 -5.367 -1.906 -1.3114 -0.81184 3.4984 0.47483 -2.1657 -0.39271 0.82936 -0.55595 -1.1692 0.86757
1 1 1 0 65.091 -14.779 -6.1217 -1.6912 -1.0533 -2.0749 1.2079 -3.4192 1.9889 2.7847 -2.5 -1.0095 0.062472 1.4022
1 1 1 0 64.939 -15.469 -5.806 -1.0685 -0.3407 -0.9755 0.25556 -2.6711 1.9417 0.43622 -0.86332 -2.1965 -4.0942 -1.6257
1 1 1 0 64.852 -15.447 -5.5744 -0.42838 0.025075 -0.39578 0.3947 -2.2773 1.0556 -0.099245 -0.37799 -2.0888 -4.5137 -1.6062
1 1 1 0 64.299 -15.353 -5.5276 0.35307 -0.016149 -0.68993 2.6008 -2.6397 -0.41135 -2.6203 -2.8462 -1.4336 -2.995 -2.8157
1 1 1 0 64.632 -14.504 -5.6484 -2.0473 -0.62853 -0.11187 1.533 -1.1482 -2.3369 -2.6077 -0.81484 0.13812 -1.8551 -1.5363
1 1 1 0 64.646 -14.322 -5.6182 -1.7958 -0.6069 0.25177 1.2759 -1.2089 -1.8109 -2.2359 -1.2121 0.042791 -1.65 -0.82445
1 1 1 0 64.646 -14.134 -5.5576 -1.5831 -0.78249 0.14574 1.0184 -1.2169 -1.3308 -1.7072 -1.65 -0.1277 -1.164 -0.21848
1 1 1 0 64.379 -14.75 -5.906 -1.8568 -1.3006 1.3618 0.17626 -1.8215 1.0308 -0.97123 -0.61594 -1.7348 0.46345 0.03474
1 1 1 0 64.443 -15.245 -5.7979 -1.1369 -1.7894 -0.48323 1.3472 -3.0697 -0.28565 -1.1044 -2.3789 -0.78864 -1.7088 -2.6791
1 1 1 0 64.454 -15.368 -5.7078 -0.58085 -1.0459 -0.56872 1.9346 -3.0465 -0.73007 -1.3314 -2.268 -2.2208 -1.3875 -2.0744
1 1 1 0 64.59 -14.919 -4.5601 -0.46488 -1.9365 -4.1031 2.1842 -2.7991 0.059273 -0.050165 -2.4702 0.68572 -2.751 -0.54966
1 1 1 0 64.59 -14.919 -4.5601 -0.46488 -1.9365 -4.1031 2.1842 -2.7991 0.059273 -0.050165 -2.4702 0.68572 -2.751 -0.54966
1 1 1 0 64.788 -13.845 -5.1441 -0.2838 -1.2646 -0.97696 1.5232 -1.7863 -0.14853 -1.0893 -0.18362 2.0325 -1.337 -2.4229
1 1 1 0 64.621 -14.148 -4.7584 -0.48829 -1.1461 -1.6178 0.53077 0.17685 1.1133 -0.58411 -2.5595 2.2345 -2.1266 -2.3087
1 1 1 0 64.984 -13.984 -3.118 0.88375 -1.6625 -1.6888 1.3343 0.49233 -1.866 -0.27043 -4.4329 1.1041 -1.7314 -0.83982
1 1 1 0 64.754 -14.661 -3.4621 0.90804 -2.373 -1.4618 2.0032 -1.1077 -2.5178 -0.33466 -4.5595 0.98758 -0.81101 -0.30909
1 1 1 0 64.6 -15.109 -4.4053 0.46694 -2.4447 -1.4469 2.0072 -2.1305 -2.4089 -1.3606 -3.6526 0.96622 0.1205 -0.44187
1 1 1 0 64.517 -14.792 -4.8867 1.1617 0.24643 -0.96922 -1.2522 -2.7315 -1.6395 -3.4498 1.5883 0.67071 0.23623 1.7427
1 1 1 0 64.571 -14.132 -5.4751 -1.6553 -0.054801 -3.4639 2.0718 -2.361 -3.9286 -0.85071 -0.3951 2.5732 -1.9151 -1.2722
1 1 1 0 64.867 -13.914 -4.8709 -0.7271 0.24549 -0.78431 4.0874 -2.1064 -4.6793 -2.8757 0.15511 2.8218 -2.1561 0.1441
1 1 1 0 64.867 -13.914 -4.8709 -0.7271 0.24549 -0.78431 4.0874 -2.1064 -4.6793 -2.8757 0.15511 2.8218 -2.1561 0.1441
1 1 1 0 64.305 -15.141 -5.4451 -1.7678 0.21886 -1.807 3.2617 -2.356 -2.2096 -4.7158 1.3196 3.2007 1.2255 0.40181
1 1 1 0 64.579 -15.366 -5.9997 -1.7747 -0.30665 -0.781 1.4879 -3.7559 -3.5505 -0.85171 -0.36998 -1.258 1.0158 -1.0513
1 1 1 0 64.698 -15.483 -5.2793 -1.0584 -0.53792 0.073971 -0.94613 -3.5203 -3.339 -2.1673 0.68632 0.1044 -1.905 0.12756
1 1 1 0 64.698 -15.483 -5.2793 -1.0584 -0.53792 0.073971 -0.94613 -3.5203 -3.339 -2.1673 0.68632 0.1044 -1.905 0.12756
1 1 1 0 64.17 -15.436 -4.8095 0.53087 1.2602 1.1336 -0.53039 -2.8407 -2.2877 -1.8254 0.36875 -0.85362 -4.7247 -0.57124
1 1 1 0 63.986 -15.006 -5.2222 -0.57728 -1.4598 -1.7806 3.0114 3.1263 -0.77093 -1.2772 -2.84 -1.7993 -3.2147 -0.91205
1 1 1 0 64.154 -14.666 -4.4163 1.0834 -0.75128 -2.1858 3.0665 0.78102 -1.0317 0.77338 -0.10471 0.13009 -2.8516 -0.32896
1 1 1 0 64.241 -14.632 -4.0504 2.0501 0.7116 -1.513 1.8744 -1.57 -1.4603 2.1415 0.85006 0.73768 -3.0664 -1.4788
1 1 1 0 64.241 -14.632 -4.0504 2.0501 0.7116 -1.513 1.8744 -1.57 -1.4603 2.1415 0.85006 0.73768 -3.0664 -1.4788
1 1 1 0 64.583 -14.369 -5.1839 1.0517 2.2297 -0.11856 1.9726 -3.9944 -1.2552 1.595 -0.8315 1.1916 -2.155 -2.5557
1 1 1 0 64.726 -14.646 -6.1686 0.77653 1.6212 0.30353 3.3377 -3.1607 -0.80011 2.2281 -0.19577 0.52388 -1.2524 -1.2747
1 1 1 0 64.612 -13.748 -4.1296 1.2646 -1.401 -4.1271 2.7839 -0.97585 1.1453 2.1882 -3.0179 -2.3896 0.087374 -1.0968
1 1 1 0 64.546 -14.445 -5.2499 0.060964 -2.6521 -4.8739 4.6677 -0.064303 2.2283 3.0687 -2.194 0.35025 0.2976 -0.29813
1 1 1 0 64.803 -14.46 -6.0477 -0.3539 -0.3465 -2.2657 3.1793 0.072555 0.70523 2.5316 -0.84845 2.919 0.12333 -0.90503
1 1 1 0 64.193 -15.435 -3.8845 2.433 2.7871 -1.4686 1.6999 -0.68452 -0.59108 -1.2017 0.043152 -2.1333 -1.7449 2.7533
1 1 1 0 64.906 -14.908 -4.2587 1.0888 1.4452 -0.60733 0.074585 1.2231 0.90414 0.73661 -1.7534 -2.489 -3.3435 -2.7388
1 1 1 0 64.906 -14.743 -4.4372 0.56083 1.214 -0.31793 -0.42399 1.1531 1.2846 0.83367 -1.4219 -1.6834 -3.0298 -3.5281
1 1 1 0 64.637 -14.452 -4.8548 -0.17359 0.26327 2.7531 0.41239 0.8474 -2.6824 -4.2019 -3.4606 -0.36126 0.30749 -4.0905
1 1 1 0 64.789 -14.276 -4.444 0.1218 0.17282 2.9096 3.7494 -2.6813 -1.952 -2.0989 -4.0671 0.51214 -1.8422 -2.9968
1 1 1 0 64.73 -14.131 -4.6726 0.20979 0.92504 2.7393 4.2383 -2.8194 -0.43458 -1.1311 -3.7019 1.2568 -2.3932 -1.6265
1 1 1 0 64.438 -14.773 -5.5948 1.0136 2.0083 0.53034 3.5007 -2.2525 0.67559 -0.23836 -1.4673 -1.3302 -2.6282 1.6456
1 1 1 0 64.329 -14.989 -5.4785 0.87116 2.1555 -0.038687 3.55 -2.2543 0.073733 0.17599 -1.0974 -1.9009 -2.6557 1.9145
1 1 1 0 64.493 -14.789 -4.1071 1.1233 3.1295 0.1366 2.7134 -2.0588 -2.4464 1.2482 -1.3039 -0.97507 -3.1972 0.3093
1 1 1 0 64.576 -15.093 -3.7019 1.2467 2.9992 2.5132 3.1009 -1.4067 -1.6294 -3.2108 -2.3173 -0.29603 -2.3149 0.90713
1 1 1 0 64.646 -14.946 -4.3298 1.092 2.4997 1.7422 2.6487 -0.75898 -0.90793 -3.1283 -2.2274 0.76709 -1.956 -0.42175
1 1 1 0 64.675 -14.223 -5.2218 3.1074 1.5095 -2.5658 2.1195 -2.2867 2.6855 -0.065595 -4.506 -4.5821 -0.77119 0.45899
1 1 1 0 64.876 -14.525 -5.3644 2.2503 1.797 -2.2055 4.1065 -0.50735 2.1966 -0.80846 -4.679 -4.9331 -2.7828 -0.57381
1 1 1 0 64.607 -14.233 -4.0608 1.3901 -0.24695 0.70108 2.4153 -0.97326 -4.1233 -1.8891 -3.5508 -5.2465 -0.59626 -2.3415
1 1 1 0 64.607 -14.233 -4.0608 1.3901 -0.24695 0.70108 2.4153 -0.97326 -4.1233 -1.8891 -3.5508 -5.2465 -0.59626 -2.3415
1 1 1 0 64.519 -14.599 -4.3525 0.82762 -0.21174 1.2929 3.5098 -0.38948 -3.8239 -1.7515 -5.0955 -4.9426 -2.1497 -1.3134
1 1 1 0 64.263 -15.033 -4.5968 1.1659 -0.62913 -0.56621 5.2746 1.4734 -2.5868 -0.94732 -4.6327 -4.0836 -5.5867 -0.69063
1 1 1 0 64.263 -15.033 -4.5968 1.1659 -0.62913 -0.56621 5.2746 1.4734 -2.5868 -0.94732 -4.6327 -4.0836 -5.5867 -0.69063
1 1 1 0 64.104 -15.531 -5.5475 2.0738 0.51572 -0.8991 6.4481 3.7952 0.22803 -1.1698 -2.0849 -3.8484 -4.7405 -3.3957
1 1 1 0 64.19 -15.562 -5.6958 1.8505 1.6752 0.074163 6.0274 4.869 -0.38997 -2.942 -2.8985 -3.9922 -2.1381 -4.1448
1 1 1 0 64.373 -15.342 -5.1356 1.3456 1.5029 -0.074396 6.1247 4.281 -1.6307 -2.0024 -2.414 -3.52 -2.2455 -3.9424
1 1 1 0 64.77 -14.675 -4.6467 3.2074 1.8191 2.7614 3.0916 -1.5666 3.5368 -0.19645 -0.61771 -2.59 -3.1985 -2.368
1 1 1 0 64.272 -15.024 -3.8701 4.1155 2.8532 2.3079 2.478 -1.0982 3.0739 0.21621 -0.64081 -0.084317 -3.6253 -2.6181
1 1 1 0 64.233 -15.044 -3.8615 4.3028 3.1621 2.1173 3.0091 -0.9995 2.7066 0.20302 -0.18903 0.70751 -3.4551 -2.6287
1 1 1 0 64.053 -14.669 -4.6114 1.4743 1.2671 0.32071 7.718 3.4228 2.1056 -0.92767 -1.7418 -1.3316 -3.1218 -4.3399
1 1 1 0 63.926 -15.164 -3.8741 2.0142 3.7178 -1.2294 7.381 2.4078 -1.075 -2.5281 -2.8546 -3.8333 -2.6042 0.027624
1 1 1 0 64.388 -14.96 -3.9348 2.2872 4.2084 0.78223 4.4437 2.9449 2.0604 -2.3484 -3.5926 -3.1669 -2.7826 0.17148
1 1 1 0 64.388 -14.96 -3.9348 2.2872 4.2084 0.78223 4.4437 2.9449 2.0604 -2.3484 -3.5926 -3.1669 -2.7826 0.17148
1 1 1 0 64.583 -14.27 -3.0943 2.9059 3.0587 -0.10998 2.2289 2.836 3.2697 -1.3357 -2.569 1.118 -2.1166 -2.3061
1 1 1 0 64.711 -14.143 -3.5613 2.5074 0.7319 -2.351 1.7358 2.4126 2.4336 -0.80113 -3.4893 2.2628 -2.3499 -4.078
1 1 1 0 64.711 -14.143 -3.5613 2.5074 0.7319 -2.351 1.7358 2.4126 2.4336 -0.80113 -3.4893 2.2628 -2.3499 -4.078
1 1 1 0 64.774 -14.36 -4.5374 1.8488 0.59909 -2.2904 1.8303 -0.60105 0.80837 -0.061851 -2.2196 -0.055891 -2.2527 -3.1406
1 1 1 0 64.626 -15.126 -2.0045 2.2869 -0.46863 1.7609 4.6792 -1.3598 -0.79207 0.4963 -2.7509 -1.8901 -1.137 -1.0557
1 1 1 0 64.346 -14.713 -4.7602 1.4269 0.4737 0.65471 2.736 -1.5094 -1.6046 -1.3334 -1.2623 -0.50404 -1.0282 -1.7999
1 1 1 0 64.298 -14.667 -4.9728 1.33 1.2233 2.5648 2.5798 -1.5544 -2.7411 -2.1959 -2.4219 -0.46339 -1.3481 -1.8229
1 1 1 0 64.488 -14.356 -5.1666 0.62783 0.4463 2.6387 1.9654 -1.373 -1.6047 -0.51401 -1.1566 -1.1515 -3.2782 -2.8163
1 1 1 0 64.52 -14.424 -5.1821 0.54799 0.19966 2.368 2.4877 -1.2604 -1.3803 0.38701 -0.86888 -1.865 -3.6672 -3.1533
1 1 1 0 64.106 -14.104 -3.6143 1.3036 -2.4246 0.96486 5.8868 -2.1323 -2.271 3.4966 -0.82431 -3.8354 -0.84811 -0.71494
1 1 1 0 64.119 -13.359 -3.5865 0.91579 -2.2062 0.70703 4.9684 -2.1729 -1.0783 -0.79564 -1.3934 -2.5837 0.41096 0.41065
1 1 1 0 64.292 -13.984 -5.406 0.55023 -0.96256 1.2947 2.75 -1.1605 0.25229 -0.64604 -2.7166 -1.514 -1.8749 -1.3922
1 1 1 0 64.228 -14.456 -5.8493 0.26653 -1.3748 1.6632 2.7577 0.76909 0.35416 -1.2328 -3.9902 -1.6748 -2.0924 -1.9295
1 1 1 0 64.475 -14.175 -4.9492 -0.074452 -0.86342 0.73245 2.3453 1.7873 0.69954 -1.519 -1.9508 -2.8237 -2.3683 -1.6238
1 1 1 0 64.316 -14.403 -5.455 -0.037649 -1.4463 -1.1285 1.4177 -1.1201 0.73606 -2.3067 -1.3996 -1.3623 -2.1364 0.35316
1 1 1 0 64.348 -14.763 -5.1945 0.70372 -1.807 -0.16117 3.2528 -1.511 -1.8525 -2.8802 -1.4487 2.2909 0.75247 1.9088
1 1 1 0 64.291 -14.836 -5.2729 1.1825 -1.9305 0.074289 3.264 -1.3513 -2.0609 -2.8898 -1.0383 1.9804 0.36954 2.0007
1 1 1 0 64.123 -15.182 -4.211 2.3673 -0.66273 0.93462 6.1706 0.86612 -2.4072 -0.28815 -2.62 -0.46649 -0.87536 -2.6667
1 1 1 0 64.123 -15.182 -4.211 2.3673 -0.66273 0.93462 6.1706 0.86612 -2.4072 -0.28815 -2.62 -0.46649 -0.87536 -2.6667
1 1 1 0 63.919 -15.632 -5.1095 2.3701 1.0832 -0.23588 5.7107 -0.46439 0.085595 -1.1207 -1.939 -0.52579 -0.88723 -1.4275
1 1 1 0 64.025 -14.866 -3.9042 1.0839 3.0034 -0.080083 4.8923 4.503 0.20147 2.8608 -0.60669 -2.795 -0.42473 -3.7528
1 1 1 0 64.354 -14.539 -3.3858 0.25014 0.62306 0.18998 3.1561 2.4702 2.4114 1.9326 -3.0294 -2.2219 1.4 -1.9856
1 1 1 0 64.584 -15.228 -3.8629 1.7928 1.589 1.9181 2.0468 -3.7843 -0.5721 0.22898 -2.6286 0.011932 -2.8331 -1.3303
1 1 1 0 64.591 -15.173 -3.916 2.1924 2.2032 2.3523 2.0969 -3.5259 -1.3577 -0.50483 -3.0462 -0.0033392 -3.4086 -1.6461
1 1 1 0 64.323 -14.3 -5.6103 2.101 1.0701 0.61217 7.0402 0.62545 2.267 -2.7871 0.88883 -0.22089 0.79228 -0.21461
1 1 1 0 64.112 -15.123 -5.3983 3.5021 0.8864 -0.26017 5.9753 0.17961 3.5743 -2.3714 -1.483 0.34137 0.68419 -1.0479
1 1 1 0 64.188 -15.521 -4.8588 2.2342 1.6998 -1.3326 3.7349 -0.069127 3.0302 1.7941 -3.9071 -2.5516 1.094 -0.99279
1 1 1 0 63.82 -15.941 -4.792 1.5718 1.0739 1.9162 6.6137 -2.5959 -0.19666 0.60379 -1.0295 -1.658 1.0728 2.9794
1 1 1 0 64.169 -15.262 -4.4384 -0.01956 -1.253 0.19398 2.9733 3.7745 0.51842 0.88962 0.6319 -0.14733 -2.0928 -0.72406
1 1 1 0 64.4 -15.519 -5.1991 0.72828 -2.0548 0.044631 2.9798 2.4193 1.9728 0.67268 -1.154 -2.2748 0.3035 -0.18774
1 1 1 0 64.422 -15.475 -5.3661 0.44398 -1.6603 0.55724 3.9111 1.7156 1.7632 0.71009 -1.5764 -2.6581 0.36464 -1.7601
1 1 1 0 64.33 -15.112 -4.9872 0.083107 -0.91654 0.91639 4.536 0.1005 0.59634 1.3332 -0.40615 -2.2013 0.071948 -2.0161
1 1 1 0 64.046 -14.881 -4.5622 -0.13887 2.3974 0.63186 3.443 -2.193 2.7221 0.75248 2.2489 -1.1943 -1.7635 1.8002
1 1 1 0 64.832 -14.792 -6.8611 0.54642 0.76214 0.092708 5.1436 -0.30489 0.57033 0.52159 0.868 1.7705 0.32942 0.019711
1 1 1 0 64.342 -14.739 -5.4208 0.79482 0.54864 0.17853 2.7399 0.90868 1.5062 0.44736 -1.4334 -0.8175 -0.37894 2.1237
1 1 1 0 64.154 -14.706 -3.9076 0.57456 0.45119 -1.3615 0.90772 2.3326 0.27781 -0.90359 0.16991 1.1871 -0.46209 1.2007
1 1 1 0 64.154 -14.706 -3.9076 0.57456 0.45119 -1.3615 0.90772 2.3326 0.27781 -0.90359 0.16991 1.1871 -0.46209 1.2007
1 1 1 0 64.154 -14.706 -3.9076 0.57456 0.45119 -1.3615 0.90772 2.3326 0.27781 -0.90359 0.16991 1.1871 -0.46209 1.2007
1 1 1 0 64.284 -14.547 -4.2203 0.088747 0.1554 -0.11467 0.91364 -1.6258 1.3287 2.2819 -1.1783 -0.31201 3.0484 -0.92502
1 1 1 0 64.294 -14.936 -3.5732 -0.45388 -0.84941 1.2822 2.711 -1.0906 1.1529 2.7001 -3.7421 -4.7531 -2.1598 -2.4753
1 1 1 0 64.294 -14.936 -3.5732 -0.45388 -0.84941 1.2822 2.711 -1.0906 1.1529 2.7001 -3.7421 -4.7531 -2.1598 -2.4753
1 1 1 0 64.357 -15.558 -6.5561 0.39557 1.0885 -0.26288 3.4738 -0.23892 6.0288 3.9494 -0.68929 -1.7538 0.8359 0.57871
1 1 1 0 64.404 -15.366 -5.4652 1.2822 2.1723 0.23246 2.0725 -1.2513 5.6513 1.2034 -0.68823 1.0581 0.10822 4.2811
1 1 1 0 64.09 -15.59 -5.0705 0.5072 2.0531 1.2109 1.2689 -3.1794 3.2941 1.032 2.382 1.4513 0.069075 -0.93353
1 1 1 0 64.047 -15.576 -4.875 0.42968 1.7766 1.1686 0.96122 -2.8345 2.785 0.95332 2.3845 1.439 -0.32563 -0.97369
1 1 1 0 64.117 -15.521 -4.8594 0.74033 3.0349 1.5175 2.71 -1.211 -0.7941 1.7987 -1.3289 1.0853 0.22669 -2.2121
1 1 1 0 64.212 -15.538 -5.1137 0.86159 3.2568 1.7123 3.0426 -0.75041 -0.49413 1.0353 -1.7213 1.0653 0.16181 -2.2576
1 1 1 0 64.151 -15.579 -5.9274 0.9571 2.611 0.92298 2.6247 1.7082 1.4498 -0.18848 -0.85084 0.86566 0.20524 -2.0171
1 1 1 0 64.074 -15.618 -5.8848 0.85195 2.4543 0.74947 2.8321 2.3466 1.7686 -0.16542 -0.48269 0.76815 0.29886 -2.3471
1 1 1 0 63.692 -16.044 -4.8549 0.4134 1.4844 1.0208 5.4177 2.7934 2.1173 0.50857 1.7584 -0.061845 -0.045074 -2.7404
1 1 1 0 64.673 -15.232 -5.3573 1.2062 -2.2305 -1.2115 2.0379 1.0372 5.2991 0.69731 1.4351 0.35046 0.5986 -1.4149
1 1 1 0 64.684 -14.776 -5.3308 1.1384 -0.84028 -2.0116 2.1998 -1.2325 2.0035 -0.2537 -1.1224 1.5939 0.26722 -1.2277
1 1 1 0 64.012 -15.223 -4.7313 -0.21265 0.37157 -0.11744 4.0738 1.41 0.92911 -0.071188 -0.88908 0.21652 1.913 -0.77899
1 1 1 0 63.8 -15.271 -4.7781 0.36203 0.436 -1.5864 4.4541 0.11574 -0.67834 1.6803 2.6357 -2.4439 -0.10283 1.3892
1 1 1 0 64.018 -14.771 -4.6845 1.3458 0.42038 -2.7198 2.0593 -1.4769 -1.7448 4.9985 2.2078 -0.71631 -2.3136 1.5444
1 1 1 0 63.999 -15.001 -5.3561 0.51911 -0.28145 0.71301 3.3096 -1.1947 -3.6981 4.1751 0.74032 -0.97562 -0.46436 2.9065
1 1 1 0 63.958 -15.125 -5.5414 0.097879 -0.63394 0.58722 3.6402 -0.51536 -3.0087 4.422 1.4261 -0.65481 -0.74711 2.3078
1 1 1 0 63.784 -15.362 -5.4371 -1.5764 -1.882 -0.58159 3.7006 0.44866 -0.90789 3.2273 0.62124 -0.27091 -1.339 1.2684
1 1 1 0 64.462 -15.323 -6.1906 0.6469 -2.7921 -1.5013 -0.36471 -2.167 0.57956 -0.11248 -0.025455 2.4931 1.77 -0.94792
1 1 1 0 64.378 -15.36 -6.1544 0.59788 -2.6501 -1.7191 -0.81224 -2.0551 1.1223 -0.43179 -0.67207 1.9674 1.7565 -0.095189
1 1 1 0 64.371 -14.601 -5.7104 -0.48849 -0.93029 -1.6948 1.9266 0.88675 -0.59897 0.88135 1.2044 -2.0827 0.88265 2.1604
1 1 1 0 64.371 -14.601 -5.7104 -0.48849 -0.93029 -1.6948 1.9266 0.88675 -0.59897 0.88135 1.2044 -2.0827 0.88265 2.1604
1 1 1 0 64.347 -14.571 -5.3872 -0.019483 -0.67237 -0.91703 2.0814 0.4917 -0.1483 0.92486 0.87382 -2.9878 0.34005 1.9966
1 1 1 0 64.214 -15.299 -4.7869 0.93124 1.8685 -2.7201 1.5548 -0.65429 0.9927 0.028057 1.996 -1.9293 -1.29 0.17672
1 1 1 0 64.295 -15.374 -4.2569 0.64611 0.18701 -2.0233 2.6697 0.33887 2.5682 1.5488 1.1036 -1.3737 -0.19149 0.20271
1 1 1 0 64.098 -15.17 -5.2396 -0.6565 -0.72791 -0.91154 4.7012 1.0147 4.4887 1.7788 -0.81849 2.1523 1.0212 -0.27823
1 1 1 0 64.013 -15.188 -5.5149 -0.92232 -1.0712 -1.249 4.5477 0.78445 4.0323 1.0064 -1.2945 3.1012 1.6791 -0.025878
1 1 1 0 64.031 -14.987 -5.3877 -0.7523 -1.084 -2.7562 4.4847 4.0154 1.0086 -1.612 3.8603 1.1019 0.26181 -0.21895
1 1 1 0 63.989 -15.057 -5.2063 -1.0458 -1.8242 -2.2124 3.3495 2.7478 2.0853 -1.0499 3.6332 0.61866 -1.0458 0.032794
1 1 1 0 64.002 -15.066 -5.2571 -2.4351 -2.2742 -1.882 1.81 -0.71421 3.8591 1.4191 2.5128 1.6618 -0.39914 1.0958
1 1 1 0 64.115 -15.044 -4.3378 -1.2786 -0.11014 -2.5306 1.6543 -1.7991 2.0629 2.7072 2.4375 2.6561 -0.02181 2.1319
1 1 1 0 63.991 -15.4 -4.1615 -0.51499 0.062248 -3.211 2.0038 -1.8307 1.398 1.7405 1.9055 1.9341 0.64938 2.7994
1 1 1 0 63.937 -15.851 -4.8324 -0.0487 -0.93796 -3.1694 2.0751 -1.5103 1.3341 0.2565 -1.0772 -1.1945 1.8515 3.8163
1 1 1 0 63.951 -15.891 -5.0326 0.05767 -0.8154 -2.8104 2.0835 -0.7282 1.4704 -0.34598 -1.95 -2.4289 1.9257 3.6705
1 1 1 0 63.923 -15.534 -4.9928 0.75009 -0.57856 -3.5228 1.6103 2.1229 1.7936 -0.50897 -0.50667 -2.734 1.7662 2.4475
1 1 1 0 64.006 -15.145 -4.684 1.1986 -0.38828 -3.2532 1.7379 2.5802 1.7988 -0.085131 0.73235 -1.5994 1.6695 2.0494
1 1 1 0 64.28 -14.771 -5.225 0.34966 0.38869 -0.88095 -1.2814 -1.1184 2.8384 1.2485 2.2054 1.0168 1.2719 0.14598
1 1 1 0 64.564 -15.003 -5.7997 -1.7886 0.0042049 -0.81481 -1.1848 -2.6991 2.2467 1.2883 -0.58693 -1.3116 0.61879 -0.353
1 1 1 0 64.615 -15.686 -5.9808 -1.7855 -1.3615 -2.5392 1.5231 -2.3235 1.1769 3.3396 -0.57839 -0.77055 0.24351 0.040767
1 1 1 0 64.542 -15.801 -5.8348 -1.6037 -1.9489 -3.2976 2.2726 -1.9739 1.0011 3.5221 -0.033946 -0.31109 0.17177 0.04887
1 1 1 0 64.123 -14.88 -5.6577 -2.4707 -0.31527 -1.7366 2.7983 -0.10324 3.862 -1.3896 -3.3319 -0.37206 -1.6974 -0.59847
1 1 1 0 64.361 -15.024 -5.8764 -2.4884 -0.39456 -1.4872 2.8866 -2.1001 3.0483 -0.12158 -2.4621 2.8427 -1.1853 0.2387
1 1 1 0 64.36 -15.368 -5.9465 -1.5919 -1.0024 -2.2337 2.7116 -2.8594 3.0644 1.5657 -0.89661 3.5309 0.11037 0.057346
1 1 1 0 64.306 -15.347 -5.2141 0.065532 -0.42921 -0.21107 1.0681 -1.1695 2.3781 4.0404 -0.67649 -0.87095 -2.6165 -0.99937
1 1 1 0 64.013 -15.969 -4.9743 -0.25105 -0.076796 0.29226 3.5249 -1.897 0.15755 2.8451 -1.725 -2.022 -2.1192 0.2107
1 1 1 0 64.02 -15.935 -5.7513 0.597 -0.039064 -3.2508 3.052 -0.52508 -0.7186 1.5888 0.077607 -1.1514 1.5532 0.89058
1 1 1 0 64.555 -15.14 -5.3034 0.4575 -2.1093 -0.91996 2.4813 -1.4188 2.9087 -0.89968 -1.1099 -1.2248 1.4011 0.088187
1 1 1 0 64.514 -15.106 -5.3926 0.33906 -2.3818 -0.19556 3.2662 -0.87913 3.5144 -0.019217 -1.0749 -0.88257 2.5206 -0.58841
1 1 1 0 64.375 -15.431 -6.0381 0.41258 -1.8753 -1.8218 3.0887 -0.5168 2.9652 1.4484 -0.91184 0.917 3.2743 -0.82326
1 1 1 0 64.348 -15.165 -3.9199 -1.003 -0.5421 -1.9271 0.98847 -0.69368 2.1317 -1.3836 -1.065 1.6505 -0.51771 2.022
1 1 1 0 64.338 -15.368 -3.8386 -1.4181 -0.53296 -2.1962 -0.59157 -1.9642 1.5331 0.23355 -0.77018 1.9634 -0.20072 2.6635
1 1 1 0 64.512 -15.513 -4.6213 1.0631 0.99908 -2.0911 -0.78676 -1.4785 -2.7659 1.175 1.0577 2.5057 -0.22024 1.1994
1 1 1 0 64.512 -15.513 -4.6213 1.0631 0.99908 -2.0911 -0.78676 -1.4785 -2.7659 1.175 1.0577 2.5057 -0.22024 1.1994
1 1 1 0 64.317 -15.908 -4.6937 0.95726 -0.15274 0.1409 1.3991 -4.9715 -0.6749 0.0054068 -1.5698 -3.0099 -1.987 1.0167
1 1 1 0 63.852 -15.666 -5.051 -2.1892 0.79428 0.76631 3.9313 1.695 -1.0725 -1.4798 1.5334 0.45313 -1.1224 -0.48234
