0 1 1 0 62.087 -5.6439 -5.4451 -4.9492 -4.4445 -2.4847 -8.5513 4.9052 -7.503 -2.3267 -2.9649 -0.10441 -4.2701 -2.1764
0 1 1 0 62.087 -5.6439 -5.4451 -4.9492 -4.4445 -2.4847 -8.5513 4.9052 -7.503 -2.3267 -2.9649 -0.10441 -4.2701 -2.1764
0 1 1 0 62.087 -5.6439 -5.4451 -4.9492 -4.4445 -2.4847 -8.5513 4.9052 -7.503 -2.3267 -2.9649 -0.10441 -4.2701 -2.1764
0 1 1 0 54.372 -7.5334 -0.86406 -4.2113 -4.0342 -1.8594 -1.3303 -1.7911 -6.4916 -4.863 -4.3075 -0.38147 -3.6001 -3.5403
0 1 1 0 56.574 -9.7827 -0.32018 -10.553 -0.51279 -1.8811 -5.1559 4.3225 -2.7473 -0.31662 -7.8878 -3.1517 -1.1893 1.4224
0 1 1 0 70.51 -12.212 -3.2175 -14.461 -9.5488 1.1931 -7.7881 -7.4931 -6.5455 -5.8042 -2.5662 -6.2164 -3.0793 -1.8216
0 1 1 0 70.51 -12.212 -3.2175 -14.461 -9.5488 1.1931 -7.7881 -7.4931 -6.5455 -5.8042 -2.5662 -6.2164 -3.0793 -1.8216
0 1 1 0 70.415 -12.429 -3.3186 -14.584 -9.5251 1.2618 -7.2428 -7.8201 -6.5142 -5.681 -2.7761 -6.1561 -2.5984 -1.8343
0 1 1 0 59.444 -8.7865 -5.9626 -14.629 1.6881 5.3989 -2.9284 -8.6802 -1.9669 -1.1427 -1.1226 -7.9886 -2.4094 -1.4796
0 1 1 0 55.751 -8.0798 4.1747 -10.658 3.2108 -8.604 1.2326 -1.2159 -4.0576 4.178 -9.912 0.82781 -4.5388 1.3537
0 1 1 0 54.866 -6.4021 0.60801 -7.0556 -2.4544 -0.58355 -4.5822 8.4767 -10.844 3.7215 -6.6926 -3.4684 -1.1202 -7.1626
0 1 1 0 55.249 -8.6235 4.5438 -11.478 2.7096 -9.5971 2.3591 -0.62976 -5.5854 -0.56572 -7.14 -0.56798 -4.0056 1.6317
0 1 1 0 54.235 -7.1658 -0.51548 -7.1194 -3.2958 1.5951 -6.7938 4.5716 -14.512 2.5062 -8.4041 -1.2684 -1.0779 -6.4643
0 1 1 0 54.092 -6.488 -2.746 -7.2975 -2.743 -7.2008 0.57973 2.1043 -1.4429 -0.78177 -2.082 -1.8377 -4.4937 -0.34664
0 1 1 0 54.902 -6.9819 -0.34176 -5.5517 -0.4654 1.3445 -5.9309 6.0204 -13.847 1.4448 -6.1976 -2.3357 -2.7737 -7.4816
0 1 1 0 55.571 -7.3197 1.4626 -4.8004 -1.2611 -3.0311 -6.8041 3.7039 -7.0459 3.0356 -3.165 -3.4406 -0.018761 -5.6999
0 1 1 0 54.999 -7.413 0.78907 -3.9865 -2.368 1.0504 -4.5325 5.7626 -9.2063 0.96362 -5.3476 -4.2123 -3.397 -3.9521
0 1 1 0 56.475 -10.287 4.2994 -11.049 3.0941 -6.8733 0.60948 -1.5471 -2.9398 2.7051 -2.4433 2.2774 -3.5974 0.30163
0 1 1 0 54.285 -7.6661 -0.95615 -7.5122 -4.03 -4.8143 -4.1818 -2.5116 -6.5002 -1.7424 -3.6259 -3.5151 -5.7877 0.17498
0 1 1 0 54.255 -6.0997 -1.5731 -5.4166 -2.885 -0.90048 -3.694 1.0318 -5.8734 -2.4607 -6.4466 -2.1847 -0.16162 -2.9405
0 1 1 0 54.334 -7.3006 0.6731 -5.3496 -0.72057 2.4402 -6.911 5.1266 -8.4971 3.2877 -6.1252 0.041573 1.5804 -2.774
0 1 1 0 54.049 -7.3694 -1.9436 -4.3887 -5.927 -2.0848 -5.1149 -1.0349 -5.9671 0.17169 -0.62237 -1.0221 -3.041 -0.65034
0 1 1 0 55.707 -7.1331 0.37889 -6.0382 -3.7911 0.58809 -4.9998 4.2847 -8.7148 4.4316 -3.0534 0.13115 1.1785 -6.3273
0 1 1 0 54.823 -6.4688 -0.19017 -4.3702 -0.6834 -2.989 -3.4697 -2.0775 -3.8742 -0.86351 -2.7077 -0.39071 -3.6108 -0.64875
0 1 1 0 54.534 -7.0233 -2.2067 -4.334 -3.4285 -1.0075 -2.9279 0.5232 -5.7654 0.75813 -4.7047 -3.8192 -3.9666 -2.596
0 1 1 0 54.447 -7.3539 -1.786 -4.8634 -2.5563 -1.8389 -2.4046 -0.38061 -4.5057 -3.26 -2.7297 -1.3782 -3.4727 -3.3469
0 1 1 0 54.847 -6.5791 -2.3206 -4.2743 -6.6278 -3.1225 -3.5411 -0.22195 -6.6821 -1.6387 -2.3402 -3.9145 0.0068886 -0.015501
0 1 1 0 54.971 -6.6678 -1.3397 -3.2634 -5.1145 -3.4302 -4.0103 0.95328 -5.0448 -1.1745 -0.5999 -3.8051 0.46289 -0.026038
0 1 1 0 54.618 -7.4957 -0.043455 -3.1869 -3.962 -4.0643 -2.446 0.46129 -7.1243 -1.4031 -0.88749 -4.2311 -2.0451 -1.5951
0 1 1 0 56.107 -11.777 4.4926 -11.789 1.4991 -5.6581 0.32395 4.3716 -3.6984 0.5424 -7.7194 -3.2388 -4.2965 -4.6629
0 1 1 0 53.913 -6.5381 -1.6834 -4.5969 -3.2239 -3.516 -3.2784 0.10021 -6.446 -1.6596 -5.9624 -0.70652 -3.1519 -1.9741
0 1 1 0 54.913 -7.7368 -2.0773 -5.112 -5.3629 -2.9076 -2.7449 1.0209 -4.5412 0.71297 -0.7036 -1.4597 0.86747 0.31368
0 1 1 0 56.065 -7.8622 0.77081 -4.0953 -3.9519 1.0526 -7.1674 5.6485 -6.3519 2.8201 -4.9788 -5.0948 -3.7279 -6.8417
0 1 1 0 54.54 -7.799 -2.4671 -4.2215 -6.0692 -1.5336 -4.2983 0.92846 -4.9188 -5.1867 -1.9038 -0.019033 -2.5076 -2.0313
0 1 1 0 54.488 -7.9562 -2.5613 -4.0132 -3.3784 -0.52004 -5.8017 -0.027436 -5.3316 -5.5463 -2.2126 -0.14595 -2.8504 -0.56964
0 1 1 0 55.443 -9.1562 0.25279 -5.7532 -6.0098 0.24948 -2.6233 6.886 -7.48 0.27598 -6.4908 -4.6341 1.3291 -2.4382
0 1 1 0 56.605 -10.556 4.0979 -9.3249 1.8404 -8.7557 4.2018 -0.14919 -6.1083 1.591 -3.3539 -1.946 -2.7032 0.94199
0 1 1 0 55.229 -7.9808 -1.6097 -6.0785 -6.2249 -0.19354 -3.7728 3.6242 -2.7099 -0.55291 -5.2044 -0.91085 1.0069 -1.1459
0 1 1 0 55.27 -7.3593 -0.70363 -4.4256 -5.2202 -3.8192 -1.0093 -1.1288 -0.55731 -4.4763 -0.088081 -7.108 -1.1318 -3.0171
0 1 1 0 55.576 -8.7205 0.18699 -4.1065 -6.5269 0.62514 -3.1332 7.4426 -6.2984 0.36925 -6.7491 -3.5806 -3.5846 -3.3739
0 1 1 0 54.861 -7.548 -2.2644 -3.8026 -8.014 -2.0572 -0.59391 0.74955 -5.2804 -0.060979 -2.2184 -1.5601 -1.3536 -2.5223
0 1 1 0 55.458 -8.0601 -0.70379 -3.0229 -5.7882 -0.25401 -1.9111 1.2394 -5.5794 -3.7813 -6.4775 -4.2246 -1.3451 -2.4918
0 1 1 0 56.685 -9.3681 0.091299 -4.4028 -6.4564 -1.8949 -4.3909 5.9837 -7.0228 -2.0536 -8.5982 0.15068 -0.7824 -3.2961
0 1 1 0 55.508 -8.272 -1.1879 -3.355 -8.1302 -0.4043 -3.3941 3.0547 -4.0105 -1.6273 0.16817 -1.7975 -0.28051 -0.67725
0 1 1 0 55.761 -7.8625 -1.3482 -3.9258 -7.4187 -0.66046 -3.7153 2.189 -4.2635 -1.2075 -2.5763 -2.888 -1.125 -1.3374
0 1 1 0 57.591 -12.643 1.3625 -9.5593 -2.595 -4.4287 1.5675 -2.7423 -2.5135 0.21288 -2.0899 -2.1307 -5.3415 1.4928
0 1 1 0 56.797 -9.9271 0.086998 -3.5884 -6.0655 -2.4624 -2.5932 3.7073 -4.7476 -0.23503 -3.4786 -0.28524 -3.3535 -2.0211
0 1 1 0 56.69 -9.9153 1.3949 -3.0765 -7.9923 -0.77017 -3.9448 5.6214 -6.7149 -2.8736 -6.4641 -3.1741 0.0021759 -2.1998
0 1 1 0 56.174 -8.4601 -1.42 0.046641 -5.5027 -2.1176 0.23403 -3.0167 -2.139 0.53914 -0.9571 -6.27 -3.1836 -2.3916
0 1 1 0 56.075 -8.5257 -0.6517 -0.85354 -6.5743 -3.3172 -2.0715 -3.9655 -4.322 -0.95039 -3.0578 -5.498 -3.459 -2.4874
0 1 1 0 56.251 -8.946 -1.3586 -2.0032 -6.0908 -0.6964 1.5026 3.492 -3.0281 0.29492 -3.4545 -5.5825 -2.684 -2.4869
0 1 1 0 56.207 -9.0874 -1.2416 -1.7188 -6.2142 -0.20387 1.6444 3.633 -3.3036 -0.39259 -3.5087 -6.3696 -3.0187 -2.617
0 1 1 0 56.207 -9.0874 -1.2416 -1.7188 -6.2142 -0.20387 1.6444 3.633 -3.3036 -0.39259 -3.5087 -6.3696 -3.0187 -2.617
0 1 1 0 56.048 -9.2982 -0.63731 -1.9013 -7.229 0.069587 0.43433 2.5068 -2.9678 -1.3975 -2.3887 -6.2677 -3.6211 -3.5612
0 1 1 0 57.885 -11.579 3.0041 -5.836 -1.7623 -3.5459 1.5654 -2.2655 -4.2094 -1.6609 -5.909 0.31925 -3.6898 0.0045769
0 1 1 0 56.595 -10.501 -0.3651 -3.5931 -6.4765 -4.0542 -3.8142 1.7095 -3.4907 3.6815 -1.9501 -2.3617 -2.099 -0.8085
0 1 1 0 56.762 -10.44 -0.43503 -1.7102 -5.4331 -1.7758 -6.1298 4.3952 -3.7076 3.5504 -2.2543 -0.35709 -2.6848 -2.2025
0 1 1 0 56.511 -9.7398 -1.407 -2.1439 -7.1347 -3.4132 -4.8629 0.55115 -3.725 -1.8332 -2.3908 -2.5527 -3.1637 -4.8583
0 1 1 0 56.666 -9.8653 -2.1188 -1.9455 -7.9524 -2.3439 -2.1601 0.44095 -1.3546 0.31216 0.29196 -2.3728 -1.1599 -3.0619
0 1 1 0 56.533 -9.7046 -2.6054 -1.8484 -8.2202 -2.2213 -2.4795 0.73606 -1.3609 0.5694 1.4133 -1.9248 -0.27204 -2.013
0 1 1 0 56.813 -10.272 -1.0733 -3.4105 -6.2817 -0.64426 -1.4074 0.71602 -4.1501 -2.983 -2.8215 -1.4276 -4.4576 -2.3726
0 1 1 0 57.175 -12.881 2.3877 -5.7402 -1.3073 -5.7019 4.3135 -0.15296 -2.505 1.3875 -2.7611 -0.35313 -1.2954 -3.8606
0 1 1 0 57.175 -12.881 2.3877 -5.7402 -1.3073 -5.7019 4.3135 -0.15296 -2.505 1.3875 -2.7611 -0.35313 -1.2954 -3.8606
0 1 1 0 57.302 -10.049 -1.1362 -2.3852 -5.0371 -1.5656 -4.7212 0.27437 -6.7368 -0.38783 -3.2288 -1.161 -1.7189 -1.272
0 1 1 0 56.904 -10.525 -2.1727 -0.61745 -5.9519 0.031307 -1.3007 -0.5758 -8.1571 -2.6446 0.26927 -0.62638 -1.653 -0.71181
0 1 1 0 56.874 -10.607 -2.4659 -0.33043 -5.7997 0.3194 -1.7299 -0.85445 -8.1084 -2.6276 0.36848 -0.01054 -1.7878 -0.91715
0 1 1 0 56.793 -9.5453 0.61777 -2.2745 -7.3033 -1.2298 -2.7065 0.29494 -2.9684 -2.3929 -3.2798 -4.0052 -0.39632 -0.4837
0 1 1 0 56.454 -10.507 -0.19842 -2.8454 -7.5837 -0.6847 0.29431 1.661 0.51644 -2.7626 -4.4078 -3.5894 -0.79496 -0.89888
0 1 1 0 56.899 -11.456 -1.7838 -4.5691 -8.784 -2.6952 -1.6567 1.5476 -3.0377 -3.8746 -2.6016 -5.5789 -0.51671 -1.4868
0 1 1 0 56.895 -11.826 -2.2324 -5.0224 -9.1359 -3.264 -2.0823 1.4121 -4.5481 -4.5832 -2.7146 -5.1725 -0.71422 -1.4386
0 1 1 0 56.735 -11.589 -2.2692 -4.999 -8.9122 -4.8019 -1.847 3.9629 -7.3442 -4.8273 -3.9585 -4.0503 -1.9115 -1.5481
0 1 1 0 56.746 -11.118 -1.8116 -4.6787 -8.127 -5.0353 -1.9002 4.981 -7.0171 -3.3979 -3.0307 -2.5344 -1.7463 -1.795
0 1 1 0 56.88 -10.728 -1.4351 -3.1217 -6.2463 -5.0717 -2.2196 4.6944 -4.6326 -1.5083 -0.67616 -1.3637 -2.133 -1.5986
0 1 1 0 56.723 -10.598 -1.1624 -2.3488 -8.1951 -1.2808 -3.4718 -2.1926 -4.6762 -2.8708 -1.3469 -4.9888 -1.0139 -1.8443
0 1 1 0 56.723 -10.598 -1.1624 -2.3488 -8.1951 -1.2808 -3.4718 -2.1926 -4.6762 -2.8708 -1.3469 -4.9888 -1.0139 -1.8443
0 1 1 0 58.287 -12.942 1.5554 -6.4951 -3.4839 -2.669 1.8282 -2.1626 -0.83117 -1.8743 -3.0777 1.5234 -1.3059 -3.1008
0 1 1 0 57.961 -13.139 2.2992 -7.5879 -2.712 -2.2147 0.59198 0.17108 -0.59718 -0.048147 -1.8717 1.0257 -2.7852 -1.9508
0 1 1 0 57.507 -9.5801 -1.7576 -0.24733 -8.5979 -1.2749 -2.671 1.7951 -2.2609 -0.54975 -2.1366 -1.0012 -0.82455 -0.29283
0 1 1 0 57.576 -9.0884 -0.30243 -1.8818 -7.1386 0.20961 0.957 -0.17957 -3.1131 -3.8114 -0.28155 -3.5926 -0.57315 -2.0242
0 1 1 0 59.158 -13.218 0.022202 -5.8571 -2.3776 -2.3672 1.6026 0.22128 -1.3917 -4.5761 -1.7754 -0.51567 -0.52315 0.93444
0 1 1 0 59.256 -13.083 -0.041427 -6.0765 -0.69698 0.029917 1.5462 -0.61145 -3.8702 -4.0726 -0.89589 1.0453 -1.1794 0.45835
0 1 1 0 58.918 -12.739 -0.94505 -6.2428 -2.1901 2.4336 -0.58385 0.70757 -7.2489 -3.0358 -1.6406 0.6652 -1.8973 -1.2852
0 1 1 0 57.751 -12.29 0.26565 -3.2178 -6.61 -2.7049 -4.9479 -0.21281 -7.3985 -0.96462 -5.1542 -4.0971 -0.41143 -2.1281
0 1 1 0 57.526 -11.681 0.63421 -1.9547 -4.944 -0.7449 -2.7449 3.199 -9.6553 -0.36784 -5.963 -2.8487 -1.9382 -2.3186
0 1 1 0 57.616 -10.446 -1.1637 -1.2674 -5.9289 1.6981 -1.4316 1.6153 -3.6667 -1.9243 -0.6497 -1.8517 0.99974 -2.3657
0 1 1 0 57.124 -11.186 -1.4238 -0.99707 -7.1472 0.43321 -1.7289 1.2679 -3.9949 -3.0188 -4.3868 -5.4361 -1.561 -1.1023
0 1 1 0 57.653 -10.695 -0.7489 -2.4328 -6.5449 -0.55867 -3.0353 2.4155 -3.0368 -0.056802 -0.63121 -2.8442 -0.63929 -1.7231
0 1 1 0 57.827 -10.522 -0.20836 -4.1409 -6.9832 -3.2698 -2.3989 0.94667 -6.5516 -1.6358 0.018523 0.064378 -0.46887 0.84655
0 1 1 0 57.984 -11.16 -0.50615 -4.4575 -6.8313 -4.2491 -3.6598 -0.15827 -6.393 -2.4533 -0.36438 -1.5039 -0.32595 0.11115
0 1 1 0 58.179 -11.698 -1.0691 -3.0681 -5.4318 -3.2715 -4.8231 -0.336 -3.3018 -4.0645 -2.319 -3.7749 -0.6657 0.041496
0 1 1 0 58.695 -13.316 1.5431 -4.9505 -1.8027 -1.8905 2.2406 0.080006 -2.4962 -4.119 -5.5679 -1.546 -2.4004 0.41472
0 1 1 0 57.919 -10.214 0.29221 -0.92708 -6.655 -1.5322 -4.7464 3.0132 -6.0633 -2.0162 -0.17034 -4.5737 -1.1075 -2.9579
0 1 1 0 57.881 -10.431 -0.30007 -1.4727 -7.4916 -1.0873 -5.3151 2.5356 -6.2966 -2.5022 0.37562 -6.5959 -1.5228 -1.9302
0 1 1 0 57.835 -10.264 -0.010613 -1.4314 -7.456 -0.84272 -5.0352 2.7654 -5.2692 -2.9934 1.2402 -6.5739 -2.0419 -1.2403
0 1 1 0 57.734 -10.958 -0.56353 -0.23224 -5.3507 -0.96843 -2.7778 3.1036 2.2205 -0.19376 -2.7289 -4.6006 -1.4873 -4.3269
0 1 1 0 57.578 -11.238 -0.80063 0.23317 -4.4294 -0.84311 -3.5487 2.5318 2.1477 0.62418 -2.5746 -3.9935 -0.65056 -3.6761
0 1 1 0 57.367 -11.751 -0.57118 -0.11507 -4.1554 -2.0883 -2.3638 0.33613 -3.3564 -1.2404 -3.4241 -2.8979 -1.2695 -3.2289
0 1 1 0 58.58 -10.893 0.44716 -1.2002 -6.4746 -0.75333 -2.4338 -0.09025 -2.438 -2.7143 -3.2017 -4.0561 -3.5005 -3.249
0 1 1 0 59.113 -10.922 0.65216 -0.81125 -5.6057 -1.1276 -2.8331 1.2547 -2.0723 -2.0871 -3.2303 -3.5792 -2.3955 -3.7348
0 1 1 0 59.072 -11.241 0.59086 -1.3124 -5.4079 -1.9971 -3.1796 1.2663 -0.83734 -2.2044 -3.3147 -4.2429 -2.2206 -4.4954
0 1 1 0 59.436 -12.651 2.2713 -2.5932 -3.0869 -4.7003 1.4955 -0.74784 3.2799 -1.4917 -2.5616 -3.2144 -5.0467 -2.186
0 1 1 0 59.733 -13.046 2.7522 -3.0206 -2.6235 -4.1131 1.3992 -0.81246 -1.2557 -1.394 -3.6454 -1.0544 -5.6302 -2.8376
0 1 1 0 58.841 -11.589 0.55917 -2.2294 -5.6553 -2.3591 -2.5901 3.6911 -2.3834 -1.5362 -1.8443 -2.0077 -4.1792 0.65422
0 1 1 0 58.358 -11.488 -0.29018 -2.2782 -7.1614 -3.8741 -3.9215 3.544 -3.034 -2.8569 -3.1126 -4.1772 -4.2734 0.95079
0 1 1 0 58.282 -10.824 -0.16174 -1.4942 -7.7446 -4.3493 -4.9017 4.1586 -3.193 -1.9062 -5.301 -5.3533 -4.6977 -1.1047
0 1 1 0 57.974 -11.46 -0.12988 -2.2274 -5.7366 -2.8462 -5.5577 1.7076 -3.1061 -4.4764 -4.2488 -5.2315 -4.0573 -3.8863
0 1 1 0 58.128 -11.925 -1.2134 -2.9558 -8.8917 -1.7815 -5.842 0.72834 -7.4138 -4.1088 -2.0508 1.548 -1.8317 -2.7698
0 1 1 0 58.08 -11.828 -1.089 -3.4016 -8.6797 -1.8137 -6.4008 1.184 -6.9955 -3.8043 -2.2438 1.293 -2.4956 -2.7555
0 1 1 0 59.246 -13.387 1.9643 -4.8831 -2.4016 -4.9703 -1.6355 2.5352 -1.1287 -2.7332 -4.3221 1.6987 -0.37208 0.20426
0 1 1 0 59.165 -11.491 0.65633 -3.8728 -5.9627 0.76669 -5.8957 4.0191 -6.9722 -6.5345 -2.0735 -0.36488 -0.42754 0.9607
0 1 1 0 58.239 -11.63 -0.974 -2.7791 -5.309 -2.6908 -2.8454 0.21817 -4.3683 -0.28992 -2.1141 -5.3193 -3.0792 0.5658
0 1 1 0 58.316 -11.848 -1.2112 -2.6995 -5.7023 -1.1572 -3.6224 0.43082 -5.178 -0.68211 -2.3291 -4.9934 -3.386 0.3942
0 1 1 0 58.042 -12.177 -0.025714 -0.20997 -3.8389 -1.0486 -3.7932 1.3993 -1.6255 -1.6985 -4.0968 -4.5008 -1.458 -1.057
0 1 1 0 57.887 -12.428 0.11645 0.43077 -3.5337 -2.0866 -4.0887 0.85494 -0.98583 -2.2988 -4.262 -4.7385 -1.2256 -0.91869
0 1 1 0 57.887 -12.428 0.11645 0.43077 -3.5337 -2.0866 -4.0887 0.85494 -0.98583 -2.2988 -4.262 -4.7385 -1.2256 -0.91869
0 1 1 0 58.535 -13.173 -0.35699 -3.0389 -2.9327 -3.6931 -3.2266 -0.99649 -1.9399 -3.7844 -2.9229 -0.54243 -1.31 -2.044
0 1 1 0 59.108 -13.138 0.90931 -5.08 -1.8218 -0.93195 -2.8503 -1.376 -5.3601 -2.065 -4.0467 -1.3645 -1.1715 -3.0892
0 1 1 0 59.108 -13.138 0.90931 -5.08 -1.8218 -0.93195 -2.8503 -1.376 -5.3601 -2.065 -4.0467 -1.3645 -1.1715 -3.0892
0 1 1 0 58.514 -11.014 -0.71348 -2.1357 -8.1331 -1.3146 -6.3379 -2.0016 -7.2236 -6.2449 -7.6301 -2.6054 -1.4582 -3.555
0 1 1 0 57.957 -11.283 -0.52282 -1.8657 -7.4071 -1.2236 -5.814 1.761 -4.9402 -7.2691 -3.8126 -5.9025 0.82399 0.28644
0 1 1 0 57.894 -11.446 -0.42561 -1.546 -7.9973 -1.8626 -4.0177 1.5597 -4.0211 -5.326 -2.8322 -7.6003 -0.95781 -1.5007
0 1 1 0 58.101 -11.254 -0.10164 -1.2658 -7.7219 -1.1471 -3.105 1.5169 -3.741 -3.2856 -2.7226 -7.6518 -2.0723 -3.3196
0 1 1 0 57.809 -11.29 0.7393 -2.6251 -4.9454 -0.33995 -3.2634 -0.080898 -6.6538 -1.3109 -0.32814 -1.344 1.4393 1.8096
0 1 1 0 57.809 -11.29 0.7393 -2.6251 -4.9454 -0.33995 -3.2634 -0.080898 -6.6538 -1.3109 -0.32814 -1.344 1.4393 1.8096
0 1 1 0 58.126 -11.31 1.0846 -3.0254 -5.6427 -0.84398 -5.3126 2.8141 -8.6181 -3.1772 -0.57362 -5.4646 -5.3843 -2.3081
0 1 1 0 58.275 -10.856 0.70663 -2.9867 -5.3015 -1.7482 -4.6106 3.8152 -7.2953 -1.8781 -0.71403 -5.4666 -4.27 -2.0477
0 1 1 0 58.747 -10.934 1.9912 -2.2542 -4.1423 -2.7629 -3.8902 1.2704 -4.9726 -3.9018 -3.7733 -5.7398 -3.0843 0.8691
0 1 1 0 58.899 -11.873 2.2981 -3.2855 -3.2815 -1.6327 -3.2145 -0.78218 -6.7394 -3.7842 -4.5044 -0.83541 -2.7541 1.2154
0 1 1 0 58.444 -12.446 1.218 -3.6071 -4.3388 -2.3963 -3.7245 -1.4374 -9.015 -4.5076 -5.5398 1.3074 -2.5273 1.0135
0 1 1 0 58.623 -10.295 0.73223 -1.6786 -3.7634 -1.6339 -7.1171 0.081598 -8.4854 1.5332 -2.7042 -5.7829 -2.4048 -4.0041
0 1 1 0 58.341 -10.379 0.94181 -1.081 -3.4112 -0.87947 -5.2585 -0.82648 -8.664 0.026292 -1.7585 -4.9741 0.62613 -4.2982
0 1 1 0 58.658 -11.086 0.35707 -1.9405 -4.3632 -1.1948 -3.9031 0.93983 -7.4574 -3.8804 -0.72752 -4.2062 2.3417 -0.1456
0 1 1 0 58.342 -12.045 -0.51555 -3.4634 -6.2738 -3.2241 -7.1859 -0.1949 -8.6342 -6.0455 -3.0003 -3.9105 1.3662 0.013698
0 1 1 0 58.32 -11.949 -0.30525 -3.1053 -5.2177 -3.2549 -7.4709 0.46609 -8.5568 -5.9807 -2.7154 -2.4343 1.0385 1.0381
0 1 1 0 58.335 -10.903 -1.1144 -1.8999 -4.1216 -3.6685 -5.5637 -1.198 -8.7913 -5.2825 -2.6634 -1.5353 0.25444 -0.25376
0 1 1 0 58.449 -10.303 -0.25289 -0.9102 -4.7165 -2.2724 -4.6239 -1.4091 -6.2899 -5.7507 -3.1762 -3.7088 -1.3311 -0.11536
0 1 1 0 58.449 -10.303 -0.25289 -0.9102 -4.7165 -2.2724 -4.6239 -1.4091 -6.2899 -5.7507 -3.1762 -3.7088 -1.3311 -0.11536
0 1 1 0 58.343 -11 0.9574 0.36291 -8.0851 -3.8695 -4.289 2.4723 -5.1288 -3.3117 -2.67 -3.562 -3.29 -0.068644
0 1 1 0 58.377 -11.163 1.2508 0.42135 -8.111 -3.7481 -4.7158 2.227 -4.7951 -3.5816 -3.3762 -3.6862 -3.2195 0.011414
0 1 1 0 58.617 -11.494 0.73242 0.64559 -6.0325 -1.1665 -3.3078 -0.4222 -5.6655 -3.9315 -6.6044 -3.8446 -0.75043 -0.34578
0 1 1 0 58.243 -11.134 2.0902 -0.069771 -5.5858 -1.3202 -6.1068 -2.2111 -6.5509 -3.6483 -6.1716 -2.7795 2.6206 0.63962
0 1 1 0 57.756 -11.531 -0.78144 -2.1942 -5.7261 -3.2238 -1.9878 2.6024 -3.3638 -3.3899 -2.4597 2.2352 -1.9064 -1.6276
0 1 1 0 57.963 -11.372 -0.83119 -1.8779 -6.7929 -2.7202 -2.4646 1.4516 -4.6984 -2.3682 -3.087 -0.57525 -1.3675 -0.84858
0 1 1 0 58.098 -10.785 -1.3274 -1.7069 -7.2392 -0.23725 -4.1592 -0.35869 -6.5674 -5.7799 -2.9806 -4.3147 -0.0068317 -1.8571
0 1 1 0 57.788 -10.512 -1.6272 -3.1941 -7.0143 -1.633 -3.8309 -0.061892 -6.807 -5.5005 -1.3054 -4.0941 -2.3821 -0.5998
0 1 1 0 57.942 -10.136 0.45327 -2.5967 -5.5316 -0.90412 -2.6425 0.12834 -6.2733 -2.9757 1.9251 -3.586 -3.6016 -2.1827
0 1 1 0 57.713 -10.903 -0.99955 -0.58137 -4.9799 -5.2013 -1.2071 -0.33352 -4.6632 -6.3744 -4.9881 -5.6529 -3.6102 -3.0501
0 1 1 0 57.856 -10.447 -0.84576 0.923 -4.1257 -3.017 -1.8249 0.11997 -5.5927 -5.2986 -5.6167 -7.5285 -4.5982 -2.588
0 1 1 0 57.688 -9.9187 -0.75767 0.84139 -4.3736 -2.4717 -1.6031 -0.3918 -6.7513 -4.6168 -5.6736 -6.712 -3.1734 -2.4924
0 1 1 0 57.536 -10.678 0.69576 -0.48688 -3.2526 0.17898 -1.7857 -0.33998 -5.8819 -6.3096 -2.9053 -6.1737 0.04404 -2.6033
0 1 1 0 57.796 -10.85 -0.90557 -1.4119 -4.4945 -0.57409 -3.1232 -1.021 -5.9848 -4.6486 -1.4135 -5.8691 -1.1547 -1.8885
0 1 1 0 57.354 -9.6112 0.14127 -2.238 -5.3651 -0.61356 -3.1167 -0.98632 -5.2076 -6.1555 -6.0945 -4.8834 -3.0883 -3.1753
0 1 1 0 57.226 -9.5049 0.70923 -1.8599 -4.8721 -2.9409 -2.3334 0.11851 -6.9437 -5.9724 -5.4066 -4.2677 -1.478 -2.4231
0 1 1 0 57.226 -9.5049 0.70923 -1.8599 -4.8721 -2.9409 -2.3334 0.11851 -6.9437 -5.9724 -5.4066 -4.2677 -1.478 -2.4231
0 1 1 0 57.069 -9.6685 0.23393 -2.0185 -4.938 -2.0268 -1.857 -2.4286 -4.8483 -2.7722 -4.9709 -3.7897 -2.1296 -4.3398
0 1 1 0 57 -9.6438 0.10162 -2.1168 -4.7974 -1.8693 -1.6268 -2.9968 -5.1656 -2.4164 -5.3498 -3.9068 -1.9402 -4.5771
0 1 1 0 57.268 -9.1021 0.29889 -2.426 -4.3808 -1.397 0.26469 -1.1348 -6.3088 -4.8988 -2.7107 -4.2828 0.9556 -1.786
0 1 1 0 57.268 -9.1021 0.29889 -2.426 -4.3808 -1.397 0.26469 -1.1348 -6.3088 -4.8988 -2.7107 -4.2828 0.9556 -1.786
0 1 1 0 56.935 -9.4268 0.3337 -2.6954 -4.4025 -3.6522 -2.3007 -2.6971 -7.3926 -5.9237 -3.3123 -5.2268 -2.549 -1.2079
0 1 1 0 56.406 -10.174 -0.084445 -1.5951 -4.7189 -4.2156 -3.9527 -2.3268 -9.087 -6.0338 -3.9133 -6.6542 -5.2804 -0.85687
0 1 1 0 56.436 -10.349 0.50862 -1.2614 -3.5093 -0.98904 -3.1524 -0.90432 -7.5292 -4.9957 -5.2714 -7.8348 -5.2761 0.32029
0 1 1 0 56.564 -9.9162 1.1849 -2.1343 -3.4615 -0.81406 -1.9475 -0.57118 -5.1394 -3.0462 -5.4056 -8.2665 -5.5171 -0.61075
0 1 1 0 56.742 -9.3163 0.62488 -3.822 -6.2285 -4.3293 -3.9697 -1.9777 -5.1811 -2.2895 -5.8625 -6.1325 -4.0988 -2.339
0 1 1 0 56.867 -9.1564 0.21982 -4.3163 -5.2923 0.026014 1.0867 3.9192 -5.5994 -2.2039 -5.5758 -4.2983 -0.37225 -3.0525
0 1 1 0 57.268 -8.3116 0.96005 -3.2808 -5.5734 0.65664 0.25136 3.0183 -5.0522 -1.6744 -4.8539 -5.9175 -0.33484 -2.6399
0 1 1 0 57.159 -8.2343 0.86243 -2.5141 -5.1714 0.063928 -0.44427 2.5175 -4.1744 -2.2733 -4.7645 -6.8984 -1.1256 -2.2695
0 1 1 0 56.549 -9.3207 0.58807 -1.5097 -3.9889 0.42912 -3.1059 -0.61791 -4.2602 -4.8431 -4.664 -8.1387 -3.7222 -3.7121
0 1 1 0 56.645 -9.5291 0.78095 -1.7807 -2.4597 0.52218 -2.3742 -1.8866 -5.4809 -2.6221 -4.9439 -7.486 -1.6543 -3.0528
0 1 1 0 56.819 -9.3029 0.44667 -1.4799 -1.6294 -0.51274 -1.4892 -1.5007 -6.9744 -3.8199 -5.7676 -8.19 -0.93097 -2.8796
0 1 1 0 56.857 -8.9692 0.3053 -1.6929 -2.2912 -2.2336 -1.1441 0.39972 -7.6055 -4.6463 -4.5949 -8.2234 -0.66794 -3.1263
0 1 1 0 56.46 -8.9018 -0.39955 -2.2586 -4.0653 -2.6964 -2.4537 -2.9423 -4.1776 -5.0678 -3.62 -5.7148 -4.0908 -2.93
0 1 1 0 56.702 -8.9227 0.61108 -0.44534 -5.1232 -2.8756 -3.5079 0.36075 -4.81 -4.1903 -6.4118 -6.9357 -1.5747 -1.204
0 1 1 0 56.62 -9.2036 0.155 0.038773 -5.5148 -1.1929 -1.3852 0.0892 -6.4473 -3.8561 -5.5019 -6.9571 -1.6158 -0.53846
0 1 1 0 56.608 -9.2958 -0.096558 0.048695 -5.4781 -0.53179 -0.25098 0.18664 -7.2916 -3.8326 -5.2492 -6.923 -2.0561 -0.28634
0 1 1 0 56.482 -8.9582 -0.49585 -1.1033 -3.5378 -1.7134 -1.1617 -2.9014 -4.2476 -5.3136 -5.9845 -6.9712 -4.5784 -4.3298
0 1 1 0 56.36 -8.8964 -0.46976 -0.86121 -3.6622 -1.8533 -3.1112 -3.6217 -3.7481 -5.1217 -6.4352 -7.305 -4.3163 -4.2079
0 1 1 0 56.593 -9.1949 -2.0842 -2.6043 -4.771 -2.2944 -2.6688 -0.25481 -5.8381 -4.3151 -6.6744 -9.6332 -3.6463 -4.0906
0 1 1 0 56.434 -9.1722 -2.8115 -4.2829 -7.3366 -3.0523 -3.4167 -0.13367 -5.4519 -2.0392 -8.8668 -6.7366 -2.6282 -2.1979
0 1 1 0 56.198 -9.0948 -1.6312 -3.2922 -6.1042 -3.471 -5.2074 1.7786 -6.604 -2.1929 -7.0321 -5.3478 0.65165 -2.6602
0 1 1 0 56.244 -8.4017 -0.71729 -3.4355 -4.5648 -1.1052 -1.7086 0.76371 -4.7882 -0.57506 -1.846 -4.1779 0.8322 -3.2194
0 1 1 0 56.126 -8.7695 -1.4908 -3.8596 -3.3141 -0.48176 -1.9403 -1.5906 -8.4645 -0.14505 -2.0696 -5.2876 1.2979 -0.78677
0 1 1 0 56.001 -9.2056 0.14044 -0.25017 -4.9229 -1.5197 0.39293 -1.2337 -1.1657 1.1192 -2.8343 -4.2048 -2.9459 -4.3878
0 1 1 0 56.059 -9.3863 0.28094 -0.27081 -4.2912 -0.23602 0.077531 -0.87813 -0.69624 1.6645 -2.7572 -5.2091 -2.6709 -4.2944
0 1 1 0 55.997 -9.4262 -0.38517 -1.2583 -4.0737 0.85928 0.61546 0.41638 -0.97968 1.1388 -2.2464 -6.2311 -1.268 -3.2685
0 1 1 0 56.171 -9.2586 -1.8075 -2.1971 -3.126 -0.18713 -1.0866 3.3537 -5.5281 -3.1626 0.48401 -5.3618 -1.3518 -2.9234
0 1 1 0 56.256 -9.2269 -1.6497 -2.2483 -3.0138 -0.24375 -1.7969 2.6774 -6.229 -3.5963 0.75667 -5.3529 -1.8956 -3.2087
0 1 1 0 56.566 -8.8066 -1.4888 -3.2835 -4.0502 -1.2177 -1.8729 2.3348 -6.9339 -2.6307 0.32611 -2.823 -3.3978 -1.9482
0 1 1 0 56.395 -7.6095 -1.2731 -2.0695 -3.5315 -4.4793 -4.5917 2.0259 -6.4616 -5.2173 -3.2754 -4.9693 -3.791 -0.35956
0 1 1 0 56.395 -7.6095 -1.2731 -2.0695 -3.5315 -4.4793 -4.5917 2.0259 -6.4616 -5.2173 -3.2754 -4.9693 -3.791 -0.35956
0 1 1 0 56.253 -8.5591 -0.145 -1.6246 -5.8953 -2.2661 -5.0087 -2.1764 -3.0629 -6.9515 -1.5604 -2.2217 -1.5389 -2.3678
0 1 1 0 56.377 -8.3447 0.097587 -1.2848 -4.5483 -2.3659 -4.8441 -0.98325 -2.6712 -6.7609 -1.7118 -3.5072 -0.77335 -2.4568
0 1 1 0 55.803 -7.8308 0.05843 -1.381 -5.1396 -3.4578 -1.7697 0.85644 -2.621 -2.2924 -1.8809 -5.7079 -3.5889 -4.1631
0 1 1 0 55.961 -8.8238 -0.88379 -1.5837 -1.3886 -2.094 -2.715 2.3372 -6.581 -1.4216 -3.742 -7.7117 -4.771 -2.6108
0 1 1 0 56.344 -8.0924 -0.32196 -1.8696 -3.7014 -2.8657 -0.2289 -1.6924 -5.451 -3.8165 -5.0572 -6.4902 -0.82863 -1.9431
0 1 1 0 56.387 -7.9209 -0.29504 -2.3028 -4.6612 -2.813 -1.1425 -3.4364 -4.8871 -3.5377 -6.0526 -7.0028 -1.6736 -1.6367
0 1 1 0 56.118 -8.4632 -2.0842 -2.6566 -2.8496 -4.3115 -2.2128 2.621 -4.3637 -1.8507 -3.551 -4.6575 -1.2697 -1.2019
0 1 1 0 55.676 -8.3448 -1.9916 -4.6349 -3.0197 -3.3865 -3.8163 3.0988 -3.9446 0.46887 -3.1998 -3.7578 0.80867 -1.7087
0 1 1 0 55.54 -8.0445 -1.4573 -5.1735 -3.5079 -2.1721 -2.9634 2.1042 -3.975 0.50447 -4.2267 -3.7925 1.1498 -2.3412
0 1 1 0 55.191 -8.3668 -1.3817 -0.5908 -3.0757 -4.2328 -0.15704 2.4323 -4.4222 -0.62873 1.4074 -5.9779 -0.97066 -2.6243
0 1 1 0 55.515 -7.595 -0.85397 -1.0313 -4.1584 -4.1261 -2.1531 -0.6694 -4.7863 -1.6902 -0.11821 -5.5874 -3.0471 -5.4561
0 1 1 0 56.188 -7.2767 -3.1874 -5.1354 -3.427 -0.19919 0.81165 -1.4247 -6.0846 -2.6515 -3.9199 -4.6597 -2.9458 -7.0306
0 1 1 0 56.109 -6.7376 -0.53903 -3.7471 -4.8642 -1.6862 -0.78772 1.6316 -6.1177 -1.1598 -6.7494 -3.6345 -1.9432 -1.5003
0 1 1 0 55.619 -8.1044 -1.1099 -3.1336 -1.3876 -1.6533 -1.0564 1.6494 -3.4565 -5.5504 -1.4494 -4.4701 -1.1931 -2.9069
0 1 1 0 55.534 -8.3202 -1.6047 -5.3766 -5.6944 -3.8526 -2.4731 3.304 -5.1988 -1.9058 -4.6199 -2.5597 -3.5834 -5.6646
0 1 1 0 56.353 -8.0962 0.53972 -5.6675 -2.243 -1.7582 -0.73883 -2.9492 -1.9418 -4.6815 -2.1363 -3.6809 -0.54647 -1.7818
0 1 1 0 55.681 -8.7019 -0.45716 -6.0386 -5.9326 -0.56907 -4.1297 4.5675 -8.774 1.6093 -6.3854 -5.1887 -2.4939 -3.9241
0 1 1 0 55.882 -6.9134 -1.2596 -1.5623 -4.6798 -3.0574 -0.8291 -1.3036 -5.1245 0.19898 0.44529 -4.5428 -0.43721 -1.7627
0 1 1 0 55.589 -7.0739 -2.1259 -2.2545 -6.0659 -3.0791 -1.2042 -2.3651 -5.3032 -1.2507 -0.37932 -6.5203 -1.2375 -2.9483
0 1 1 0 56.441 -10.6 3.8585 -9.0225 0.67028 -4.0202 0.65922 0.93283 -3.2736 -4.3238 -4.3655 -2.3154 -4.8983 -1.6184
0 1 1 0 56.428 -9.5016 1.4635 -6.1878 -3.0998 -2.9094 -3.2202 3.4755 -5.1457 0.73797 -6.5749 -0.013169 -2.3365 -1.248
0 1 1 0 56.192 -7.9106 0.59841 -2.6592 -2.8312 -2.2246 -4.9586 6.4585 -8.7296 1.6585 -5.7055 -0.89391 -2.4723 -3.1193
0 1 1 0 56.097 -7.1638 -2.8719 -2.7417 -4.5159 -1.8678 2.234 0.81543 -5.0052 0.60242 -3.0599 -5.793 -1.4147 -0.67618
0 1 1 0 55.74 -6.837 -2.7485 -2.3409 -4.8929 -2.4202 1.0909 -0.40666 -5.6189 -1.2502 -3.5389 -7.1645 -1.7181 -1.6472
0 1 1 0 55.068 -6.3959 -2.3658 -1.9622 -3.7005 -3.6624 -2.5522 -0.77274 -4.1504 -4.392 -1.3056 -4.6911 0.1044 -3.0135
0 1 1 0 55.596 -6.5035 -1.2064 -2.9534 -5.2904 -2.4409 -2.3601 -0.86995 -6.1946 -1.1919 -3.4888 -8.9696 -3.2138 -4.3776
0 1 1 0 55.135 -7.2344 -1.8596 -0.81567 -2.5811 -4.1552 -2.2321 3.4596 -6.5481 -3.3134 -1.8609 -6.0867 -2.5582 -1.0022
0 1 1 0 56.434 -7.7923 1.766 -3.8751 -2.5136 -1.2879 -6.0509 3.1177 -11.283 -1.492 -7.9974 -7.1922 -0.9612 -3.2559
0 1 1 0 55.793 -8.0001 -0.92678 -3.5725 -4.5034 -4.379 -3.068 1.7466 -6.8522 -5.7761 -3.6538 -5.2067 -0.020064 -5.1212
0 1 1 0 55.829 -7.563 -0.68712 -3.0398 -3.6823 -2.981 -3.3631 1.7944 -6.3916 -4.1981 -2.7436 -6.9051 0.11098 -3.4905
0 1 1 0 55.482 -9.1113 -0.97273 -5.2879 -3.4273 -0.332 -5.2478 7.2273 -4.1457 2.659 -4.1605 -1.8016 -0.48437 -6.3308
0 1 1 0 57.025 -9.6679 3.5173 -8.1685 2.4283 -5.6733 1.4123 -2.2504 -1.1948 -0.013314 -2.2457 1.6384 -4.7657 -0.60883
0 1 1 0 55.212 -8.12 -2.1235 -2.617 -4.7274 -3.2014 0.85712 2.7132 -2.4541 3.1087 -1.2716 -4.9324 -0.87385 1.0488
0 1 1 0 55.091 -8.5861 -1.3579 -3.3331 -4.8866 -1.5353 -1.535 1.8212 -5.2729 0.47703 -0.59226 -6.1166 -0.1905 -1.0688
0 1 1 0 54.984 -8.6717 -2.1141 -3.2997 -5.2609 -1.4548 -3.4415 0.70234 -7.2651 -2.9495 -3.3338 -6.2742 -0.44064 -3.212
0 1 1 0 55.404 -7.6045 -0.14321 -2.9112 -4.3362 -6.7582 -0.054226 -1.7916 -5.9731 -3.2941 -4.7933 -4.7312 -1.3446 -2.5633
0 1 1 0 56.144 -10.9 1.5151 -8.8453 0.28655 -9.2626 2.0428 -0.55741 -3.6489 0.17475 -3.2296 -0.26597 -4.9442 0.60661
0 1 1 0 54.339 -7.6788 -1.1835 -2.7407 -4.2018 -3.3838 -0.001269 -1.6413 -5.5239 0.12203 -5.2644 -1.6032 -3.0759 -3.8562
0 1 1 0 56.583 -10.214 3.6597 -8.9549 0.21843 -5.7582 -1.8753 -2.9222 -4.2817 -2.6368 -6.539 -0.50334 -7.1198 -2.943
0 1 1 0 56.672 -9.4225 2.1899 -5.3127 -3.3444 -2.4264 -2.8902 1.0432 -9.1027 -1.0016 -4.9868 3.8051 -5.0322 -2.2139
0 1 1 0 55.489 -8.2217 -0.13517 -4.0694 -3.0866 -4.4845 -7.4879 6.2606 -9.1846 -0.13356 -6.8512 -3.5998 -2.8068 -3.3718
0 1 1 0 57.408 -10.91 0.47524 -7.4446 0.65133 -7.5645 3.9986 -6.0173 -4.7406 0.35862 -8.6593 0.66518 -4.6025 -3.1196
0 1 1 0 57.334 -10.866 0.41869 -6.8995 0.39206 -7.584 2.8135 -5.9741 -6.2 0.99366 -9.0192 1.8233 -4.9291 -2.8966
0 1 1 0 56.422 -9.9312 -0.045647 -5.0056 -1.2109 -5.7448 -0.46455 -3.0098 -9.3071 3.4475 -8.5384 3.4921 -4.4996 -1.9334
0 1 1 0 55.007 -7.6643 -0.36242 -5.3604 -4.2933 -0.81252 -4.6116 2.9708 -11.669 2.1625 -5.5903 -3.417 -2.0073 -7.9498
0 1 1 0 55.794 -9.2871 3.8921 -9.2194 1.4164 -9.0762 4.2468 1.2622 -3.183 -0.67967 -7.942 -1.5853 -4.9667 -1.7213
0 1 1 0 55.536 -8.4406 2.8077 -6.8995 -1.9289 -5.6654 -0.55034 4.471 -7.2359 1.0536 -9.5843 0.57026 -4.6543 -4.0579
0 1 1 0 54.892 -7.1621 0.79939 -4.4467 -3.9278 -3.3619 -4.9092 3.1523 -8.767 2.7906 -5.3705 -3.8075 2.3236 -4.3147
0 1 1 0 56.031 -9.3974 3.7917 -8.4984 2.2047 -7.109 -2.2599 -1.4142 -6.062 -2.0588 -9.6429 -2.7453 -1.6165 3.4447
0 1 1 0 55.747 -9.0757 2.4974 -8.3076 -2.0447 -1.0504 -4.2018 2.2118 -8.42 0.087146 -7.8694 -3.6123 -4.3343 -2.3098
0 1 1 0 55.216 -8.5366 -0.62386 -4.8626 -2.5566 -0.49969 -2.3685 6.1869 -5.5735 -0.64179 -6.9643 -3.0359 -1.7769 -4.3577
0 1 1 0 54.42 -6.1274 1.1441 -5.2233 -2.0219 -6.3326 -0.89501 1.4173 -5.1544 0.56254 -6.4969 -1.1908 -0.59492 -1.9484
0 1 1 0 56.608 -8.168 2.7518 -6.2749 0.89868 -1.9132 -3.3199 3.8394 -12.072 1.828 -3.9809 -5.8314 -1.4171 -4.6399
0 1 1 0 56.135 -7.8552 2.0341 -5.899 -2.7853 -0.5038 -4.4259 6.4654 -11.126 3.2883 -3.6538 -3.6592 -1.3714 -4.7522
0 1 1 0 55.595 -8.6747 1.1822 -6.697 -4.6492 -1.4245 -5.9522 6.6318 -10.01 3.1466 -6.8417 -0.83484 -1.4349 -1.7524
0 1 1 0 55.351 -6.6877 -2.2251 -1.5349 -6.8024 -5.5938 3.0543 -2.4343 -10.404 1.9666 -6.6738 -6.9592 2.1402 -5.9703
0 1 1 0 55.145 -7.2038 -2.403 -2.4667 -7.4173 -5.1584 0.35017 -2.2365 -8.4773 1.6365 -6.0702 -8.2294 -0.69544 -6.875
0 1 1 0 55.564 -9.1343 4.3039 -9.1992 1.7664 -8.2788 0.68824 -1.8178 -4.2767 -0.37524 -5.8156 -0.5116 -1.6313 1.0399
0 1 1 0 55.281 -8.4338 2.261 -7.2158 -0.34443 -4.7666 -2.3595 5.5434 -7.8586 3.3799 -5.5254 -1.8798 -5.1955 -2.1598
0 1 1 0 54.79 -7.2058 -0.27987 -5.5693 -2.2595 -1.4049 -4.0333 4.6583 -8.3065 4.9076 -7.8564 -4.8203 -3.9108 -4.5685
0 1 1 0 55.787 -9.1452 2.859 -9.3084 3.4921 -8.5302 2.1115 0.014247 -7.169 -0.19487 -3.6233 0.71948 -3.2009 -0.08149
0 1 1 0 54.198 -7.8184 1.0064 -4.1381 -2.1179 0.64363 -4.8445 -0.51122 -11.856 1.8152 -7.7153 -2.7978 -3.089 -2.17
0 1 1 0 55.666 -8.9705 4.2649 -9.6942 3.1812 -8.3378 2.051 -2.8971 -6.8548 -3.3969 -8.9682 -1.0256 -5.0001 -2.6513
0 1 1 0 54.795 -6.2183 0.90439 -5.7949 -1.2765 -7.0852 -0.45799 0.058692 -6.6035 2.4919 -5.5044 -0.77446 -3.5294 -3.2327
0 1 1 0 54.501 -6.7667 -0.46215 -3.9107 -2.0546 -3.2362 -3.2146 0.41566 -11.684 -0.2047 -6.9127 -2.3681 -1.2749 -3.4797
0 1 1 0 54.941 -9.2362 3.638 -9.5553 5.1161 -7.2422 1.6076 -2.3403 -7.0334 -0.13061 -7.1159 0.66313 -5.859 0.066447
0 1 1 0 54.234 -8.5918 -1.3514 -5.4233 -1.785 -3.4067 -7.1357 1.6311 -9.795 1.2729 -5.8878 -2.6445 -2.2091 -1.7836
0 1 1 0 55.031 -8.4006 1.4467 -7.488 -0.69676 -0.90357 -4.3904 3.5875 -13.409 -1.0731 -8.4978 -3.9104 -5.5671 -4.1192
0 1 1 0 54.154 -6.188 -0.7833 -4.5407 -1.7002 -2.4596 -2.9562 4.0777 -10.733 -0.77686 -6.0941 -2.0804 -2.307 -4.9624
0 1 1 0 53.792 -5.953 -1.193 -4.0548 -1.1646 -1.1288 -3.3197 1.9527 -8.8815 2.2101 -7.5819 -2.6836 -1.4472 -3.0369
0 1 1 0 54.339 -4.7034 -1.2947 -5.6903 -4.402 -2.3638 -0.80481 4.6648 -8.1928 -1.0215 -3.1261 0.026867 -2.373 -3.265
0 1 1 0 53.887 -5.2729 -0.81199 -6.2017 -2.216 -2.4892 -0.88876 6.6609 -5.5824 -4.5758 -6.3537 -2.5905 -1.3897 -4.3423
0 1 1 0 55.662 -9.6613 4.1436 -9.9155 0.3313 -7.5445 -3.1791 0.58101 -10.872 -1.4277 -8.6963 -1.8473 -5.1213 1.3894
0 1 1 0 55.91 -9.1926 3.018 -9.7448 -1.9511 -5.2039 -3.325 5.5155 -11.985 0.52417 -8.4451 -0.27551 -5.5117 -0.25357
0 1 1 0 54.964 -6.2472 -0.36826 -5.1463 -2.8676 -3.7928 -4.6168 4.0037 -13.006 1.0786 -5.4369 -0.9722 -0.77795 -6.9494
0 1 1 0 56.155 -9.1362 5.5026 -8.7726 1.9416 -8.5048 -0.6969 2.8598 -4.7991 2.9816 -10.547 -1.5983 -1.3908 -1.7966
0 1 1 0 54.576 -7.2192 -0.42644 -6.8265 -3.6414 -6.1239 -8.6777 3.8098 -12.097 0.7736 -7.669 -7.2393 -1.3182 -3.5827
0 1 1 0 55.485 -9.5381 3.2455 -10.186 1.7679 -9.8267 -0.75365 1.3367 -10.3 0.51776 -9.9478 -1.0181 -5.6647 -2.9944
0 1 1 0 55.222 -9.4549 2.7569 -9.09 -0.4374 -6.8552 -4.5535 2.774 -10.218 2.0189 -10.973 -0.19501 -4.919 -2.6162
0 1 1 0 54.84 -5.9738 0.12713 -7.5076 -5.5027 -1.7603 -2.4378 6.0733 -12.242 2.4125 -8.7056 -2.6017 2.2285 -5.2294
0 1 1 0 55.913 -9.4887 2.9511 -12.057 2.0526 -8.758 0.53139 1.9892 -8.2135 -1.8218 -10.508 -1.0162 -5.6968 -0.094356
0 1 1 0 56.354 -9.0024 3.9694 -9.6626 -0.20606 -6.0352 -2.6655 4.3623 -9.943 -0.064935 -10.939 -0.29676 -1.9901 -2.485
0 1 1 0 54.494 -6.2989 1.3596 -5.3612 -3.4738 -0.65527 -6.1434 6.6617 -9.9766 1.9814 -7.9553 -0.93194 -1.4841 -5.0926
0 1 1 0 55.198 -8.8477 3.4647 -10.963 3.6381 -6.5887 3.6589 -0.059831 -6.6729 3.3133 -11.81 -0.068852 -6.2439 1.6708
0 1 1 0 55.529 -8.6385 3.2597 -10.182 3.4344 -2.2627 0.37667 4.5781 -9.2793 4.0323 -9.3273 -2.8159 -4.9025 -0.38906
0 1 1 0 54.672 -7.3079 -0.50563 -4.284 -1.182 1.5164 -4.9298 5.3235 -12.044 3.4553 -7.7463 -3.0922 -0.72118 -4.0827
0 1 1 0 54.685 -9.3188 3.3538 -9.3199 1.6013 -8.7936 3.9029 0.81696 -8.7681 0.98276 -10.659 3.915 -4.539 0.62109
0 1 1 0 54.696 -9.6164 2.4907 -8.4904 0.047488 -4.6758 -1.7522 0.43749 -12.079 4.1384 -10.077 1.3615 -1.6391 0.40656
0 1 1 0 54.507 -7.5343 -1.1078 -5.255 -3.8338 -1.7204 -4.2903 3.8129 -12.037 4.5207 -4.9586 -1.3722 2.9083 -4.5754
0 1 1 0 55.189 -8.7153 3.8643 -9.9888 2.2209 -8.468 0.2926 0.84402 -5.3599 4.081 -6.3648 1.4689 -7.0631 2.7731
0 1 1 0 55.022 -8.5163 2.0371 -10.29 0.17656 -5.0577 -2.2807 6.0377 -8.8908 4.0198 -9.6465 0.77083 -4.0196 0.084704
0 1 1 0 54.293 -7.5307 0.072383 -4.4836 -4.4652 -0.57101 -4.9114 5.1373 -11.322 3.7176 -8.8728 -5.0784 -1.0565 -2.1769
0 1 1 0 54.888 -10.305 2.6808 -8.5028 6.0447 -6.1712 3.6797 1.2553 -7.2901 -0.40867 -7.5743 2.2612 -5.7922 0.0011259
0 1 1 0 55.579 -9.4471 3.7432 -9.6498 2.2636 -6.3395 -4.4064 2.2648 -13.244 -0.51371 -9.8937 1.1712 -5.1427 -3.0304
0 1 1 0 55.788 -9.6246 3.3018 -8.45 0.35286 -4.6156 -4.3457 4.5057 -13.214 1.4835 -9.7692 1.4262 -2.3063 -3.8358
0 1 1 0 53.418 -5.8845 -1.6382 -3.6539 0.80475 -7.1565 1.92 -2.9889 -6.3374 -7.6901 -2.1257 -2.3935 -6.9707 -0.31924
0 1 1 0 55.55 -10.153 3.0599 -10.672 3.4794 -9.0055 -0.015025 0.16103 -10.683 1.6158 -5.2621 0.81271 -8.8483 -2.7457
0 1 1 0 54.799 -8.027 0.88845 -6.087 -2.1262 -3.4308 -3.3391 7.204 -8.8251 1.8329 -4.339 -1.7522 2.2028 -1.9764
0 1 1 0 56.025 -8.8207 0.2809 -1.6118 -7.1746 1.5762 -0.98574 -5.0315 -0.24241 -8.2683 -4.8798 -4.7881 -6.0075 -2.9377
0 1 1 0 56.022 -8.8592 0.015008 -1.726 -7.0927 1.8895 -1.2827 -5.0951 -0.5944 -8.1987 -5.3058 -5.3463 -6.3627 -3.0047
0 1 1 0 55.865 -10.044 3.8605 -7.6325 0.99756 -7.8306 4.4123 -0.2832 -7.3884 3.9939 -10.511 2.4466 -2.5112 0.47821
0 1 1 0 56.339 -10.195 3.9084 -5.8823 -1.6401 -3.7765 -0.70196 2.7025 -6.2438 4.8841 -9.9371 3.8481 -0.65302 -2.1928
0 1 1 0 56.383 -8.99 0.80578 -0.93448 -6.454 1.0101 -3.3237 -1.3284 -3.783 1.7437 -6.2994 2.1036 0.40585 -5.2688
0 1 1 0 55.626 -7.0549 -0.068045 -3.893 -3.9935 -2.1 -10.826 -0.23481 -7.0092 0.76444 -8.8941 -5.0452 -1.2115 -5.9681
0 1 1 0 55.413 -5.3643 1.5452 -5.8202 -3.387 -5.1115 -7.6613 4.8242 -10.588 0.73915 -7.4373 -8.0289 -2.3568 -7.2911
0 1 1 0 56.178 -7.7955 1.831 -9.4177 1.598 -10.462 -2.3419 -0.83236 -13.039 2.8614 -13.242 -1.3475 -6.3737 -2.7384
0 1 1 0 56.01 -7.3804 1.9387 -7.9504 -0.64339 -7.1167 -5.4219 2.3909 -16.095 4.7043 -12.482 -1.8118 -5.5731 -3.7976
0 1 1 0 56.928 -7.3578 2.6553 -10.331 -1.4738 -5.9873 -1.8965 2.263 -8.9382 0.74239 -9.383 5.1333 -6.7495 -1.4876
0 1 1 0 57.067 -7.5538 2.1419 -9.7537 -3.0953 -1.5937 -6.5989 5.3782 -8.661 1.7906 -7.9083 1.0774 -6.8699 -2.8456
0 1 1 0 58.332 -6.2339 -2.7962 -7.1344 -5.5975 0.5172 -4.7219 2.0119 -4.0628 -2.1563 0.82748 -3.3595 -1.6739 -9.3956
0 1 1 0 55.45 -5.6931 -2.0813 -8.9985 -6.0373 -0.85581 -8.471 5.6324 -6.7906 7.2396 -1.8392 -0.51793 1.548 -4.7117
0 1 1 0 55.763 -7.742 2.2044 -9.2198 1.9847 -6.6378 0.0043304 2.1365 -13.378 3.7275 -12.611 -1.7259 -7.4595 -1.8395
0 1 1 0 55.916 -7.6163 1.6862 -8.4408 -0.97434 -5.448 -6.8406 4.0577 -16.96 4.6668 -10.922 -3.9859 -6.1806 -3.8011
0 1 1 0 55.45 -5.7037 -1.621 -6.5112 -1.7905 -0.88836 -5.5244 3.4043 -10.875 2.5438 -6.0349 -7.1508 -3.3257 -8.4437
0 1 1 0 55.486 -5.6281 -0.68983 -7.5743 -4.1278 -2.6515 -3.6108 3.5169 -8.7001 1.4269 -7.571 -5.8664 0.43114 -4.8354
0 1 1 0 56.424 -7.6534 1.7479 -9.5317 2.2435 -3.2344 4.3591 1.8132 -8.9675 1.3116 -10.909 -2.31 -6.5214 0.067705
0 1 1 0 56.073 -8.0839 0.71481 -7.9463 -0.93496 -1.2319 -0.97352 5.1396 -10.225 3.9042 -10.091 -2.1445 -5.5012 -3.5313
0 1 1 0 55.967 -6.9281 -0.35024 -7.0678 -3.7113 -0.49642 -3.2559 2.6039 -6.6213 -3.0716 -3.4223 -6.4127 0.51028 -7.5628
0 1 1 0 55.992 -6.6433 -1.7854 -7.0866 -6.4821 -2.1116 -2.2823 3.2605 -8.2663 0.31752 -7.4278 -2.697 -1.6723 -3.1406
0 1 1 0 55.904 -7.0588 2.6182 -10.84 -1.6969 -7.8169 0.047854 1.7555 -9.7869 1.9002 -13.828 1.4175 -4.1953 2.0761
0 1 1 0 55.713 -7.0056 2.5663 -8.8263 -4.1669 -3.9032 -3.5974 4.2247 -12.394 2.5819 -14.112 0.23264 -2.9452 1.7538
0 1 1 0 56.958 -8.1814 -1.2505 -9.3919 5.334 -4.0313 4.2135 -9.2103 -12.951 3.7471 -6.3562 -3.0554 -7.3282 1.3533
0 1 1 0 56.765 -8.5609 -0.19359 -9.4153 5.703 -2.8126 2.482 -6.5408 -14.279 3.5992 -9.3518 -3.4074 -7.7802 0.29444
0 1 1 0 55.879 -8.5407 1.086 -8.7026 3.4954 -0.043771 -3.1531 -1.8841 -16.068 1.6743 -11.414 -3.9252 -5.6315 -1.3117
0 1 1 0 54.905 -6.9514 -3.1174 -6.1932 0.44131 -0.94733 -8.0661 -2.3411 -9.7546 -1.7081 -6.8412 -8.5 -4.6943 -4.9484
0 1 1 0 54.066 -7.8257 3.6932 -10.288 2.6562 -6.6052 -4.7744 1.6655 -8.6425 1.9195 -12.942 1.4551 -5.8785 -0.80653
0 1 1 0 55.754 -9.0712 2.0664 -10.314 -1.5286 -0.66565 -8.1753 0.50604 -7.5125 -1.0381 -4.9448 1.4624 0.050756 -1.6009
0 1 1 0 58.474 -10.081 -0.23896 -11.799 -5.2283 -1.1794 -7.8807 -4.5557 -4.57 -3.8957 -2.3625 0.17866 4.693 -1.0594
0 1 1 0 54.939 -7.7475 -0.237 -7.4312 -5.2618 -3.1744 -2.8877 4.8921 -8.8753 -1.842 -4.2714 -2.4037 -2.3128 -3.8891
0 1 1 0 52.33 -10.312 3.5137 -8.5808 -1.6231 -1.5205 -7.9357 7.9472 -16.122 2.2976 -10.172 -2.9069 -1.8641 -2.0146
0 1 1 0 51.084 -9.6336 1.5964 -10.462 -0.78828 -10.08 1.8679 1.092 -10.481 3.444 -9.4897 2.9661 -4.6025 2.8001
0 1 1 0 50.641 -9.4984 2.1379 -8.9521 -2.4816 -6.0672 -3.0429 5.0305 -12.299 4.8033 -8.8181 2.1426 -2.7483 0.43519
0 1 1 0 55.217 -7.4799 -3.8896 -8.5714 -2.6959 0.56122 -6.2254 -2.3705 0.63859 -0.69491 -1.5714 -7.8251 -7.0909 0.86906
0 1 1 0 49.831 -9.2696 3.9864 -9.0875 1.4431 -7.6416 0.86894 1.4977 -3.9436 2.6765 -11.527 1.1439 -4.6316 0.53289
0 1 1 0 49.698 -9.6531 3.0363 -7.307 -1.7265 -4.3779 -4.6177 4.6738 -7.6643 2.2405 -11.258 0.64201 -4.6076 -0.9816
0 1 1 0 47.734 -9.9521 2.4556 -7.7653 2.4666 -3.054 -0.22691 3.9691 -7.3032 1.4492 -7.3111 3.3956 -8.2776 -1.2971
0 1 1 0 47.733 -9.9348 1.6445 -7.4431 -0.32047 -0.82371 -1.4477 6.3591 -10.438 2.6607 -6.4339 2.9661 -5.1978 -1.1357
0 1 1 0 46.49 -10.086 3.4164 -8.2263 2.2451 -5.7368 -1.6752 2.3075 -8.3172 2.8444 -7.3702 1.0892 -4.3175 3.1334
