0 1 1 0 63.834 -1.8569 -3.4598 0.83026 3.6402 -0.39403 -3.8422 -0.20933 3.5243 -0.3018 -2.5788 -1.0785 -1.5684 -4.3064
0 1 1 0 63.788 -3.1942 -3.7808 0.53871 1.2205 0.44897 -2.8532 1.0074 3.0862 -3.0518 -5.8057 -1.5414 -0.69509 -2.7516
0 1 1 0 63.185 -3.4037 -5.2489 2.1411 2.812 -0.22123 -2.9361 2.1128 1.4523 -3.0097 -4.2099 0.032533 0.25466 -4.6181
0 1 1 0 63.952 -3.0425 -6.2683 1.7866 -0.45585 -1.6913 -1.1932 2.2526 1.8431 -1.7444 -4.4108 1.1177 -0.40103 -2.5436
0 1 1 0 64.011 -3.7854 -6.8266 1.5597 -0.8214 -2.3602 -1.6218 0.2349 1.1481 -0.66429 -4.8888 -5.3672 -2.4093 -2.782
0 1 1 0 63.783 -3.4256 -5.4428 1.7845 0.42145 -1.902 -2.0673 4.4957 5.7425 -4.0618 -2.1373 -1.4087 -1.7083 -3.6644
0 1 1 0 63.37 -3.5309 -6.2421 -0.31899 -0.99323 -2.7474 -1.1527 3.2923 1.6905 2.2181 -3.4265 -2.5002 -3.3023 -3.4908
0 1 1 0 63.827 -2.4994 -5.2608 1.403 2.3564 -4.0006 -2.1006 0.71403 -1.1969 -1.7978 -3.3158 -0.53434 -4.2455 -2.6313
0 1 1 0 63.568 -4.13 -6.2889 -0.029371 0.92626 -7.0004 -3.7239 1.7056 -0.90958 -1.0354 -4.9403 0.24532 -3.7828 -2.8121
0 1 1 0 63.634 -4.2484 -6.9993 -1.1457 1.8579 -5.7657 -4.202 2.3011 -0.57126 0.49513 -2.9555 1.0348 -2.0857 -1.4267
0 1 1 0 63.099 -3.7775 -6.8039 -0.82531 1.3517 0.20202 -0.55591 5.2297 2.6871 -0.99099 -4.5192 -1.0089 -0.27418 -1.9487
0 1 1 0 63.988 -4.9663 -4.1312 -0.87961 1.2895 1.5319 -2.5223 3.9036 0.2647 -5.722 -0.74702 -1.362 1.5213 -2.9025
0 1 1 0 63.861 -4.7476 -4.1975 -0.52905 1.0353 0.51581 -2.043 4.3087 -0.53365 -6.2105 -0.66951 -1.1079 0.75935 -2.7769
0 1 1 0 63.321 -3.4099 -4.6209 1.7811 2.759 -3.5204 -3.2447 2.0222 -1.1494 -0.78931 -3.2047 -1.672 -1.9288 -2.7528
0 1 1 0 63.57 -2.9673 -4.3796 2.4785 2.1232 -3.2088 -2.0455 0.39857 0.095271 1.4401 -0.21987 0.077402 -4.0807 -6.349
0 1 1 0 63.468 -2.9005 -5.0793 0.67341 0.51089 -2.2952 -0.29865 3.7931 -0.19794 -0.14372 -3.2939 -0.79088 -0.70005 -5.25
0 1 1 0 63.157 -2.9415 -5.2333 -0.0029169 -0.27771 -3.6227 -2.0718 4.2556 -1.8615 -0.87955 -1.8512 -1.0814 0.031289 -4.1415
0 1 1 0 63.589 -3.7893 -4.6556 -0.6066 0.44276 -1.5854 0.36236 7.0545 1.5332 -2.0997 -0.23938 -6.3378 1.0927 -1.8842
0 1 1 0 63.661 -3.9639 -5.3246 -0.99163 1.1392 -1.1295 0.56383 7.7244 3.2551 -1.0783 0.5564 -6.2058 1.203 -3.4036
0 1 1 0 63.683 -4.1048 -5.3864 -1.1364 1.3739 -0.6956 0.25613 7.5541 2.9353 -0.52194 0.60294 -5.7316 1.1716 -3.7468
0 1 1 0 63.79 -4.3669 -4.8164 0.34394 2.4076 -2.6939 -4.2489 3.2492 0.70999 1.2176 -2.8743 -0.14734 -2.492 -1.7559
0 1 1 0 63.651 -4.4306 -4.8767 0.5187 2.4588 -2.5119 -4.4174 3.4991 0.68351 0.46984 -3.1407 -0.12548 -3.3216 -1.9425
0 1 1 0 63.895 -4.079 -5.6267 -0.76114 2.7012 0.65294 -2.8989 7.5563 2.17 -4.3953 -4.5756 1.0303 -2.2109 -3.5357
0 1 1 0 63.783 -4.2855 -6.7904 -0.56293 -0.065614 -2.1988 -2.2446 2.5868 2.7647 -3.3993 0.1312 0.61482 -2.0019 1.2192
0 1 1 0 64.596 -3.6199 -5.6635 0.45259 0.15699 -2.4096 0.71822 6.5057 1.7782 -4.016 -1.8011 0.21027 -3.2792 -0.55026
0 1 1 0 64.455 -4.4573 -6.4202 -0.64026 1.1364 -1.2145 0.71759 3.9849 2.2382 -4.8265 -2.7487 -0.5008 -3.257 0.35331
0 1 1 0 63.937 -5.4069 -7.4365 -2.6035 2.0959 0.718 0.68095 3.0561 1.5564 -4.7723 -4.1226 -1.2999 -3.5502 0.58445
0 1 1 0 63.47 -5.855 -8.0835 -2.8702 2.6063 1.2466 1.1624 5.0568 -0.89062 -4.345 -5.8651 -1.2464 -1.8319 0.9734
0 1 1 0 63.317 -5.2184 -7.4526 -0.96911 2.4268 -0.20252 0.13734 5.3619 -2.0309 -4.1347 -7.4236 -0.75597 0.48779 1.4819
0 1 1 0 63.694 -4.5511 -6.0091 0.98456 3.0166 -0.9127 -0.29419 3.2225 -0.80763 -0.89041 -7.2749 -1.3811 -0.45747 -0.15515
0 1 1 0 63.694 -4.4742 -5.8507 1.175 3.2056 -0.7983 0.61823 3.0757 0.61016 0.17627 -6.6428 -1.3919 -1.7512 -0.82825
0 1 1 0 63.716 -4.3788 -6.5797 -0.91244 1.3875 0.17991 -1.9378 4.2532 3.0763 -4.2086 -5.0181 -1.6855 -1.9661 -4.3037
0 1 1 0 64.122 -4.2744 -6.4024 -0.45735 0.46039 -1.3001 -3.5091 2.6765 2.9274 -1.0644 -8.4511 -2.3662 -4.3938 -5.4036
0 1 1 0 64.128 -4.1177 -6.4248 -1.035 0.34526 -1.3966 -5.3697 3.021 2.8413 0.3068 -7.3843 -2.1862 -3.8671 -4.6558
0 1 1 0 63.685 -3.8413 -6.2114 -1.2162 1.5584 -0.60725 -6.1665 4.8653 2.6843 2.9215 -4.6104 -2.4639 -1.128 -2.876
0 1 1 0 63.684 -3.5537 -6.6824 -0.32556 2.0991 -3.3329 -2.4792 3.773 2.9245 -1.9722 -5.6066 -0.97144 -1.4009 -6.188
0 1 1 0 64.058 -3.0536 -7.2023 1.2057 2.1099 -2.8851 -3.7833 3.7859 3.3929 -2.0149 -4.6453 -0.63575 -2.509 -2.3215
0 1 1 0 64.329 -2.5176 -4.9554 0.75139 3.4953 -1.5892 -5.3559 2.2636 0.27862 -1.2648 -4.5826 -1.5633 -0.05721 -2.1181
0 1 1 0 64.455 -2.5953 -4.9318 0.58546 3.5106 -1.9586 -5.2947 2.0031 0.22293 -1.6199 -4.0101 -1.2356 1.1537 -1.2649
0 1 1 0 64.123 -3.4048 -4.5396 0.87796 1.7167 -0.60882 -2.3492 3.7856 -1.4915 -4.4592 -3.7726 -1.994 -0.11842 -2.7533
0 1 1 0 64.024 -2.7135 -5.0879 0.069466 2.0668 -1.4986 -0.80791 2.8894 -2.8517 -3.7757 -4.0184 -3.1035 -3.7511 -2.1313
0 1 1 0 64.268 -2.726 -4.544 1.2272 3.6838 0.057763 0.33534 3.7919 -1.6839 -5.0448 -3.3189 -3.7323 -2.0043 -2.4264
0 1 1 0 64.705 -2.5337 -4.3433 0.021797 1.6731 -1.7819 0.55827 1.0411 -0.62008 -2.0192 -3.0613 -1.6251 0.64891 -2.0602
0 1 1 0 64.367 -2.9631 -4.6246 0.085887 1.2516 -3.2022 0.35847 1.1939 1.4714 -1.8835 -4.5722 -3.3217 0.12005 -1.3109
0 1 1 0 64.027 -3.1776 -4.5925 0.95616 1.675 -2.2206 -1.8156 1.9934 -0.75732 -4.5891 -5.0804 -3.5455 -2.1986 -0.2258
0 1 1 0 64.46 -3.4501 -5.4283 1.0061 1.9292 0.54304 -1.2449 3.7311 -0.97943 -1.2598 -3.224 -1.0651 -2.9236 -3.6888
0 1 1 0 64.785 -3.8896 -6.2804 0.89832 1.802 -1.4753 -3.0217 4.1753 -2.197 -4.1745 -2.2162 -0.88728 0.11518 -3.2123
0 1 1 0 64.785 -3.8896 -6.2804 0.89832 1.802 -1.4753 -3.0217 4.1753 -2.197 -4.1745 -2.2162 -0.88728 0.11518 -3.2123
0 1 1 0 64.436 -3.9272 -5.1021 1.7871 2.75 -1.5333 -3.782 1.9888 -1.9631 -1.4665 -0.38815 -0.11453 -2.5194 -4.9834
0 1 1 0 64.691 -3.8063 -4.6841 1.9471 1.6957 -0.77741 -2.6058 2.7471 -2.4394 -0.83997 -2.4204 -0.61418 -3.8477 -5.1943
0 1 1 0 64.207 -3.1801 -5.4133 0.86945 1.9784 -1.0205 -0.89211 2.8799 0.51163 -4.2482 -8.2067 -5.3507 -0.25635 -3.7553
0 1 1 0 63.846 -3.5166 -6.1641 0.12566 1.5932 -1.6822 -2.4825 5.3666 2.295 -1.242 -2.365 -1.384 -5.8327 -2.3744
0 1 1 0 63.843 -3.7715 -6.1583 0.62576 1.4738 -2.0862 -3.0615 6.2327 2.4376 -0.36157 -2.2523 -2.1327 -6.0499 -2.0426
0 1 1 0 63.86 -4.3075 -6.1012 -0.75006 1.5552 -1.0657 0.062864 7.4394 2.6974 -3.129 -2.988 -2.7471 -2.4999 -3.7798
0 1 1 0 64.272 -3.2399 -6.6936 -1.8065 4.1175 1.1252 -0.35886 3.375 2.0629 -1.4856 -3.9428 -3.2821 -1.8035 -2.5298
0 1 1 0 64.862 -3.9817 -4.6555 -1.3867 3.2574 -2.3542 -0.23744 3.9818 -2.79 -1.2524 -7.2288 -3.8427 -1.6863 -2.2146
0 1 1 0 64.807 -4.0214 -4.7974 -1.5198 3.1363 -2.1279 -0.12775 4.686 -2.6985 -1.7734 -7.3829 -3.9706 -1.736 -2.1943
0 1 1 0 64.703 -3.4146 -3.3844 -0.98084 0.34831 -1.352 -2.19 4.4813 -4.736 -4.2301 -7.8395 -0.5371 -4.1514 1.4851
0 1 1 0 64.467 -3.6256 -4.2082 0.35689 1.5482 -2.8212 -1.9467 4.7288 -4.4194 -0.93987 -7.3903 0.78709 -3.9101 1.3145
0 1 1 0 64.609 -3.211 -4.5033 0.41619 1.3786 0.78969 -3.2752 2.9715 -0.76121 -1.1093 -4.1436 -0.55302 -0.40913 -2.1035
0 1 1 0 64.522 -3.2262 -4.733 0.10982 0.99528 0.95052 -3.4168 2.9172 -0.9264 -1.4208 -3.6575 -0.78536 -0.082867 -1.9363
0 1 1 0 64.394 -3.3574 -4.8622 -0.45473 0.83947 0.86367 -3.5574 2.8888 -0.82377 -1.8136 -3.232 -1.0659 0.11424 -1.4617
0 1 1 0 63.507 -4.0056 -5.3331 0.17974 -0.34588 -2.6367 -0.77107 3.0609 1.0864 -4.4578 -6.4357 0.78617 -3.1063 -1.8289
0 1 1 0 63.527 -4.0508 -5.3378 0.15049 -0.24545 -2.5127 -0.055734 2.6593 0.36883 -4.1875 -6.7605 1.3746 -2.904 -2.6215
0 1 1 0 63.527 -4.0508 -5.3378 0.15049 -0.24545 -2.5127 -0.055734 2.6593 0.36883 -4.1875 -6.7605 1.3746 -2.904 -2.6215
0 1 1 0 63.452 -3.9619 -5.8645 -0.027505 0.45578 -0.32104 1.8219 1.6285 -0.31701 -3.2985 -6.0288 0.9578 -1.8672 -3.6456
0 1 1 0 63.657 -3.7354 -6.2833 -0.13605 0.69663 0.072313 -0.50983 2.5266 1.3231 -2.1982 -4.8834 -0.25827 -1.7134 -1.3855
0 1 1 0 64.178 -4.6084 -6.3258 0.21493 1.7536 -4.5713 -2.3816 4.954 1.7872 -1.732 -2.902 -3.2013 -3.0952 -2.2041
0 1 1 0 64.364 -5.0562 -6.1929 -0.7075 0.51188 -4.2793 -3.5054 5.809 3.3273 -2.6067 -1.5045 -0.98874 -1.5406 -2.4694
0 1 1 0 64.478 -4.9957 -5.8625 -0.44654 0.53238 -3.8982 -3.1917 6.4043 3.8784 -2.3001 -1.3416 -0.71241 -1.6527 -2.4992
0 1 1 0 64.459 -4.9433 -5.1534 -0.7944 0.56264 -1.2054 0.98348 6.883 4.9534 1.009 -1.4476 2.0065 -2.6093 -2.6492
0 1 1 0 64.442 -5.0032 -5.353 -1.224 0.80864 -1.399 1.3224 6.8081 4.1903 0.77218 -2.2362 2.3808 -2.1185 -1.9334
0 1 1 0 64.558 -5.6207 -4.183 -3.2773 0.18388 -3.405 -0.34875 5.2773 2.7147 -1.5152 -2.7348 0.84486 -3.4369 -4.2518
0 1 1 0 64.558 -5.6207 -4.183 -3.2773 0.18388 -3.405 -0.34875 5.2773 2.7147 -1.5152 -2.7348 0.84486 -3.4369 -4.2518
0 1 1 0 64.166 -5.585 -6.5047 -3.5624 1.1366 0.051993 0.52047 3.7793 3.6595 -0.60119 -2.8507 -0.51339 -1.8956 -1.6428
0 1 1 0 64.401 -6.3184 -4.4151 -3.7384 2.1178 -2.9301 -2.1019 3.3971 2.558 1.5194 -2.872 3.0607 0.13631 -2.2094
0 1 1 0 64.888 -6.366 -3.4386 -3.4011 2.5146 -3.9147 -3.0497 1.74 -0.074364 1.7661 -2.9756 2.6754 -0.21357 -2.8807
0 1 1 0 65.014 -6.27 -3.4473 -3.0133 2.6433 -3.9913 -2.7849 1.4116 -0.91706 1.2442 -3.2606 2.3062 -0.53646 -2.8486
0 1 1 0 64.628 -5.2644 -4.1636 -0.41256 1.5506 -2.0613 0.079055 4.799 -2.1469 -3.0716 -2.7154 3.0848 -0.15333 -1.9251
0 1 1 0 64.525 -4.544 -5.1541 1.2417 1.0785 0.50501 0.53955 4.8899 -3.098 -2.1294 -2.3474 1.6402 1.3058 -1.8344
0 1 1 0 64.627 -4.2149 -5.3586 1.7499 1.1984 1.6771 0.15307 3.3973 -3.6192 -1.6223 -3.4955 -0.57879 1.8103 -1.7063
0 1 1 0 64.627 -4.2149 -5.3586 1.7499 1.1984 1.6771 0.15307 3.3973 -3.6192 -1.6223 -3.4955 -0.57879 1.8103 -1.7063
0 1 1 0 64.462 -4.5629 -5.7612 2.4495 2.5112 -0.54302 0.7041 2.1718 0.55104 -2.9221 -4.6622 -3.7607 -1.0126 -2.0892
0 1 1 0 64.333 -4.7358 -5.7137 2.4406 2.6186 -1.1753 1.0007 1.9371 0.61448 -2.6287 -3.6385 -3.3706 -0.97912 -2.2481
0 1 1 0 63.906 -5.1233 -5.4554 0.45708 2.365 -1.4576 -0.029969 3.0351 1.2034 -2.124 -1.1276 0.93008 2.3037 -2.564
0 1 1 0 64.064 -5.1719 -5.6448 0.14152 1.821 -1.4534 -0.75197 4.7344 2.54 -1.8145 -3.3168 -0.97348 1.018 -1.6599
0 1 1 0 64.053 -5.3629 -6.781 0.33684 2.4967 -1.5364 0.49847 3.0341 5.0878 0.77136 -3.4606 1.4345 -1.59 -1.7869
0 1 1 0 64.187 -5.2895 -5.6895 2.1935 2.8041 -0.61154 0.21118 1.8393 3.0178 0.4625 -3.8098 2.6415 -0.60494 -1.1858
0 1 1 0 64.065 -5.2874 -4.3836 3.216 4.1956 -1.2235 -1.72 1.6317 3.3054 -0.6077 -3.0819 0.89635 0.46883 -0.75015
0 1 1 0 64.001 -5.5171 -5.234 -0.29676 1.9517 -2.2968 -3.0995 1.9164 4.7952 0.25272 -2.8839 -1.1465 0.52247 -3.8102
0 1 1 0 64.001 -5.5171 -5.234 -0.29676 1.9517 -2.2968 -3.0995 1.9164 4.7952 0.25272 -2.8839 -1.1465 0.52247 -3.8102
0 1 1 0 64.001 -5.5171 -5.234 -0.29676 1.9517 -2.2968 -3.0995 1.9164 4.7952 0.25272 -2.8839 -1.1465 0.52247 -3.8102
0 1 1 0 64.105 -5.163 -5.2985 0.2738 2.8188 -1.8804 -0.17746 4.3573 2.971 1.0246 -1.0161 0.55254 -2.7823 -3.6136
0 1 1 0 64.105 -5.163 -5.2985 0.2738 2.8188 -1.8804 -0.17746 4.3573 2.971 1.0246 -1.0161 0.55254 -2.7823 -3.6136
0 1 1 0 64.102 -4.9253 -5.2126 0.61994 3.3249 -1.3419 0.46568 4.6359 2.2017 0.72904 -1.1475 0.59566 -3.0681 -2.8653
0 1 1 0 64.569 -4.6891 -4.3342 0.2671 3.8043 -1.0991 -0.68747 1.1923 -0.61398 2.3921 -1.8312 -0.46208 -4.2946 -2.938
0 1 1 0 65.066 -5.688 -2.9188 -0.49187 4.2663 -3.6583 1.6612 1.4796 0.071849 2.4887 -1.8788 0.38799 -4.8772 -1.2225
0 1 1 0 65.369 -5.95 -2.6973 -0.92685 4.883 -3.446 0.90594 2.8267 0.42963 0.90129 -2.691 1.3521 -2.9841 0.17307
0 1 1 0 64.457 -4.6624 -5.2989 0.07178 3.2382 -0.19015 -3.5401 3.1407 -0.37635 -3.9712 -5.9499 2.2049 1.5933 -3.8087
0 1 1 0 64.393 -5.1945 -5.8817 0.41051 1.7923 0.0027505 -4.1094 0.32414 -2.4847 -5.2051 -2.7938 2.2167 0.022729 -1.7988
0 1 1 0 64.446 -5.2248 -5.8068 0.19122 1.335 -0.62521 -3.9853 0.36509 -1.9656 -4.8129 -2.1939 1.7315 -0.54682 -0.89799
0 1 1 0 64.681 -5.041 -5.6451 -0.14207 2.8467 -0.56152 -1.4423 1.2694 2.6166 -0.80307 -1.16 2.0998 -2.9354 1.053
0 1 1 0 64.695 -5.1021 -5.5678 -0.17211 3.516 0.039795 -1.4713 1.2867 2.1984 -0.81419 -1.6973 2.4838 -2.8512 1.0701
0 1 1 0 64.695 -5.1021 -5.5678 -0.17211 3.516 0.039795 -1.4713 1.2867 2.1984 -0.81419 -1.6973 2.4838 -2.8512 1.0701
0 1 1 0 64.552 -4.8101 -4.3337 0.0005679 4.1452 -0.6585 -4.2864 1.8605 -1.8582 -1.2906 -0.92362 1.7618 -0.46522 -0.64022
0 1 1 0 64.692 -3.8991 -4.7244 0.48222 3.727 -1.914 -1.5576 1.6132 -1.6305 -4.3237 -3.2991 0.61468 -0.69666 -0.68437
0 1 1 0 64.259 -5.4867 -6.0976 0.67825 2.3673 -0.71966 -1.0501 1.5416 0.56061 -4.7606 -1.8713 -0.4726 -0.087204 -1.5868
0 1 1 0 64.194 -5.1035 -5.0845 0.52654 0.2116 -2.7547 -0.41062 -0.40097 0.16715 -2.3411 1.6029 -2.013 -1.5754 -0.27159
0 1 1 0 64.366 -4.7164 -4.7734 0.73745 -0.094183 -2.9171 0.44096 -0.023531 1.196 -0.21847 1.4465 -0.88706 -0.53603 -0.45238
0 1 1 0 64.366 -4.2509 -6.3523 0.90906 0.6893 -1.7902 -0.15003 1.8101 4.1324 0.88886 -3.3358 -0.053337 0.54376 -1.5774
0 1 1 0 64.516 -4.3597 -6.8092 0.50515 2.3789 -0.31117 -0.7841 1.5314 1.7102 -0.54899 -4.0879 0.060729 -0.32009 -1.304
0 1 1 0 64.353 -4.9917 -6.7211 -0.89497 2.1437 -1.3245 -3.3179 4.3849 0.14423 -0.77682 -2.247 1.1073 0.68619 -2.4487
0 1 1 0 64.232 -5.1614 -6.7945 -1.7032 1.6434 -2.1653 -4.0314 4.6778 0.44328 -0.76087 -1.7242 1.7993 1.2648 -2.6229
0 1 1 0 64.03 -5.6078 -6.8242 -3.3872 0.53876 -4.5163 -4.4964 4.8199 1.07 -0.031356 -0.31953 1.0409 3.0743 -1.1422
0 1 1 0 64.602 -5.9219 -4.3811 -1.945 1.2626 -4.7335 1.3852 4.2485 1.0415 -2.2048 -1.3627 -0.81892 -2.4179 -2.8308
0 1 1 0 64.855 -5.7378 -3.1518 -1.1251 3.7824 -3.6132 -1.1188 2.811 3.663 -2.2475 -0.68938 -1.8436 -0.85872 -3.2458
0 1 1 0 64.88 -5.5693 -3.4058 -0.53907 4.727 -2.3985 -1.5627 2.4059 3.2129 -3.5588 0.33811 -0.3038 -0.21875 -2.6779
0 1 1 0 64.592 -5.4238 -4.9574 1.5195 4.7753 -0.90407 -2.5286 3.0752 2.2925 -4.2517 1.1084 1.2894 0.16482 -2.8269
0 1 1 0 64.328 -5.2451 -5.7644 2.3541 3.7376 -0.55061 -3.0254 3.3075 2.23 -3.2742 1.1898 1.8899 0.68791 -2.3697
0 1 1 0 64.328 -5.2451 -5.7644 2.3541 3.7376 -0.55061 -3.0254 3.3075 2.23 -3.2742 1.1898 1.8899 0.68791 -2.3697
0 1 1 0 64.647 -4.4342 -4.3486 1.3068 0.94972 -0.74715 0.4613 4.8943 0.61337 -2.8757 -3.9674 -2.0855 -0.72979 -0.33172
0 1 1 0 64.797 -4.6853 -4.6678 1.1386 1.0573 -0.57694 -0.94796 5.7608 -0.38321 -4.1043 -6.9312 -0.48579 0.0015459 -0.99546
0 1 1 0 64.886 -5.0889 -4.9719 0.59765 0.35132 -0.071099 -1.2219 5.7002 -1.389 -2.5408 -6.1321 1.7662 0.5815 0.71652
0 1 1 0 64.908 -5.2066 -5.0309 0.43623 0.082638 -0.12598 -1.1162 5.4178 -1.368 -2.2982 -5.1365 2.1695 0.713 1.6975
0 1 1 0 65.02 -5.1386 -5.0051 0.34349 -0.18173 -0.12411 -1.4607 4.8628 -1.3541 -2.9386 -4.5395 1.9943 0.60366 2.4589
0 1 1 0 64.984 -5.167 -5.2731 -0.12561 -1.5319 0.059177 -2.7066 3.3803 0.13766 -5.282 -2.9512 1.1598 -0.038368 2.1538
0 1 1 0 64.826 -5.3539 -5.4185 -0.21953 -1.6809 0.0087096 -2.8159 3.1931 0.65667 -5.3959 -2.2759 0.99053 0.47873 2.1881
0 1 1 0 64.841 -4.7035 -4.9437 1.2941 0.98646 -3.263 -5.431 1.9105 -1.8598 -6.7471 -2.7961 0.25849 1.8178 0.1413
0 1 1 0 64.924 -4.5256 -5.0043 1.403 0.70664 -3.3046 -5.0946 2.4168 -1.423 -5.8505 -2.9703 -0.081951 1.4644 -0.75688
0 1 1 0 64.729 -5.1474 -6.1454 1.2242 -1.2687 -3.0169 -2.3389 4.6371 0.89758 -3.0776 2.1122 -1.603 -2.5697 -1.5402
0 1 1 0 64.722 -5.3069 -6.1417 0.80533 -1.138 -3.2129 -2.2407 4.2225 1.0259 -2.6805 3.0551 -1.953 -2.9561 -1.6842
0 1 1 0 64.709 -5.306 -6.1205 0.4144 -1.0205 -3.3439 -2.3267 3.7983 1.3388 -2.4405 3.6141 -2.0889 -3.0491 -1.6791
0 1 1 0 65.024 -5.5751 -5.4589 -0.67606 -0.0078481 -4.6394 -0.94237 3.5433 0.67225 0.29067 4.1993 3.3431 -5.4372 -1.1078
0 1 1 0 64.853 -5.8792 -5.0389 0.32327 -0.079186 -4.9957 -1.0451 4.625 -0.89035 0.24797 3.5225 4.2527 -4.7581 -1.878
0 1 1 0 64.77 -5.9275 -4.8122 0.72588 -0.12626 -5.1659 -1.5568 5.1881 -1.6495 -0.14757 3.0135 4.4614 -3.5109 -1.806
0 1 1 0 64.95 -5.3117 -4.8744 0.39658 0.11343 -0.93687 -4.1978 3.1952 -2.0959 -1.4018 -0.93982 2.9481 0.089694 -1.6138
0 1 1 0 65.125 -5.7372 -4.9768 -0.19971 0.61716 -1.1748 -4.0015 4.5343 -1.915 -0.59227 0.049938 3.2509 -0.73062 -0.34388
0 1 1 0 65.16 -5.8531 -5.2107 -0.79665 0.28314 -1.604 -4.5334 5.1222 -1.02 0.61178 0.4092 2.4856 -0.31991 1.7223
0 1 1 0 65.006 -5.1891 -5.9075 -1.4248 0.73896 1.4407 -2.4603 5.8043 1.7622 -0.88561 -1.8639 -1.1654 1.7969 2.9652
0 1 1 0 65.093 -4.8635 -5.6567 -2.1206 0.35023 2.2567 -2.0711 6.3744 1.0829 -2.1905 -2.9569 -1.4326 1.6374 0.73751
0 1 1 0 65.205 -4.6475 -5.4395 -2.6486 -0.2808 2.7895 -1.8835 5.8198 -0.2215 -2.977 -2.55 -1.2582 1.0959 -0.39658
0 1 1 0 65.218 -4.6248 -5.4313 -2.7379 -0.55861 2.6049 -1.706 5.719 -0.82908 -3.4062 -2.0936 -1.3303 0.40709 -0.52937
0 1 1 0 65.141 -4.4227 -5.1429 -1.8695 -0.98767 0.066638 -2.2817 4.8959 -2.6302 -5.0498 -2.4487 -0.68418 -0.88349 -0.5116
0 1 1 0 65.074 -3.3856 -3.6673 -1.7375 2.0333 1.5869 -1.9386 5.1697 1.2554 -3.0842 -1.0608 0.99151 2.2035 -2.5245
0 1 1 0 65.484 -3.2656 -2.378 -1.2881 2.9903 2.8989 -0.20793 2.6994 1.7565 -3.0624 -3.2236 -0.2066 4.5782 1.4487
0 1 1 0 65.531 -3.3879 -2.2497 -1.0219 2.8619 2.5896 -0.52311 1.8922 1.3957 -2.6756 -3.1658 -0.045715 4.4045 2.1738
0 1 1 0 65.544 -3.6311 -2.5151 -0.51565 2.4834 1.4085 -1.2967 0.93143 0.67378 -1.9894 -2.2612 0.97824 2.8775 1.9006
0 1 1 0 65.523 -3.7578 -2.9631 -0.27519 2.4326 0.79358 -1.3309 1.174 0.73366 -1.7882 -1.6001 1.4949 1.8584 1.4988
0 1 1 0 65.133 -4.3045 -5.3545 -0.37113 1.3389 0.38601 -0.053456 3.9282 2.8524 -1.2529 -4.2682 0.48983 -0.55727 -2.0665
0 1 1 0 65.102 -4.3052 -5.6081 -0.39246 0.99263 0.36083 -1.0018 3.4517 2.1876 -1.5485 -4.2758 0.13699 -0.46134 -1.9492
0 1 1 0 65.011 -4.4021 -5.9751 -0.062484 0.91327 0.083791 -2.4391 3.0511 0.76669 -2.8496 -4.7802 0.11804 -0.40993 -1.6996
0 1 1 0 65.011 -4.4021 -5.9751 -0.062484 0.91327 0.083791 -2.4391 3.0511 0.76669 -2.8496 -4.7802 0.11804 -0.40993 -1.6996
0 1 1 0 64.923 -4.5418 -6.1046 -0.1104 0.94911 -0.47531 -2.8316 2.622 -0.050983 -3.748 -4.9148 0.38671 -0.60083 -1.9587
0 1 1 0 64.635 -4.7197 -6.2207 -0.42274 1.4199 -1.452 -2.7671 1.4928 -1.0854 -4.6019 -5.082 1.1927 -1.1441 -2.2271
0 1 1 0 64.973 -4.0653 -5.6967 -0.94806 1.476 -2.4002 -2.6163 1.868 1.0403 -0.14254 0.22141 -0.59638 -0.055161 -0.35256
0 1 1 0 64.98 -4.0813 -5.7103 -1.3427 1.0908 -2.7105 -2.7527 1.932 1.372 0.14605 0.55798 -0.62611 -0.4868 -0.38546
0 1 1 0 65.008 -4.5561 -4.8667 -1.4586 0.48529 0.258 -3.7212 2.4324 1.1351 -3.5699 0.92556 0.24524 -1.4373 -5.1942
0 1 1 0 65.03 -4.5946 -5.0521 -1.4351 0.31021 0.54161 -3.8887 2.1417 1.4377 -3.306 1.0767 -0.038668 -1.2485 -4.9196
0 1 1 0 64.84 -4.6021 -5.8539 -1.9733 -0.2489 0.43207 -4.7343 3.0001 1.1944 -1.9625 0.34907 -1.4778 -1.0707 -2.7669
0 1 1 0 64.675 -4.5935 -6.1478 -2.0383 -0.20715 0.32689 -4.8569 3.9002 0.62568 -1.6971 -0.076925 -2.1157 -1.1028 -2.2341
0 1 1 0 64.377 -5.9161 -5.7913 -2.117 -0.020436 -0.67578 -2.0849 2.1472 -3.3719 -3.9034 0.67238 1.6593 -0.1055 2.131
0 1 1 0 64.642 -5.4151 -4.4989 -0.080955 1.4635 -0.89491 -2.8113 2.9308 -0.24433 -4.8298 -0.74562 1.4511 -0.18147 0.5055
0 1 1 0 64.704 -5.7954 -4.5582 -0.54044 -0.9292 0.34657 -1.6531 2.0933 2.646 -1.1655 -2.1333 1.3492 -0.77463 -1.201
0 1 1 0 64.346 -6.6036 -6.3625 -2.4245 -1.7386 0.47388 -0.92322 3.9441 1.9263 2.2676 -1.488 2.8979 0.20555 -2.4352
0 1 1 0 64.406 -6.4018 -6.4633 -2.5714 -1.6755 0.13111 -1.7527 3.8282 1.3836 2.5263 -0.6802 3.5985 1.1514 -1.5906
0 1 1 0 64.669 -5.2849 -5.8021 -1.2105 0.12059 -1.816 -5.7594 1.6291 0.066813 2.206 2.8202 0.95504 1.5193 -0.85298
0 1 1 0 64.853 -6.0821 -5.1019 0.14381 0.72033 -1.6806 -6.1897 1.2329 -2.2774 1.8671 0.97975 -2.0489 -1.729 -2.5355
0 1 1 0 65.011 -6.067 -5.2265 -0.231 0.23093 -1.7808 -4.7055 0.82386 -3.2565 2.0093 1.1188 -0.68997 -1.9643 -3.7418
0 1 1 0 65.011 -6.067 -5.2265 -0.231 0.23093 -1.7808 -4.7055 0.82386 -3.2565 2.0093 1.1188 -0.68997 -1.9643 -3.7418
0 1 1 0 65.088 -5.8137 -5.419 -1.16 -0.691 -2.9158 -4.0871 0.25392 -2.0765 2.2854 1.5819 1.4474 -1.2827 -4.1985
0 1 1 0 64.857 -5.5133 -5.6463 -1.0642 -0.38106 -4.5253 -4.1051 0.85758 -0.93739 -1.986 0.84533 2.0871 0.034182 -2.9936
0 1 1 0 64.632 -6.0124 -6.6992 -1.4673 0.028239 -2.6691 -4.4635 5.5743 4.0726 -1.377 -0.97057 2.0974 -1.7435 -0.24388
0 1 1 0 65.479 -5.536 -4.3285 -0.65607 1.2978 -2.2577 -3.2278 6.6063 -1.9217 -3.2043 -2.8569 0.53745 -0.15716 -0.4491
0 1 1 0 65.441 -5.5364 -4.2106 -0.56585 1.4108 -2.4597 -3.8986 6.8897 -2.3713 -2.895 -2.3349 0.80356 -0.13477 -0.34688
0 1 1 0 65.441 -5.5364 -4.2106 -0.56585 1.4108 -2.4597 -3.8986 6.8897 -2.3713 -2.895 -2.3349 0.80356 -0.13477 -0.34688
0 1 1 0 64.693 -5.5351 -5.3929 -1.9473 -0.50772 -2.2727 -5.0479 3.5682 0.12778 -1.5543 -1.8478 2.5565 -1.4918 -3.8223
0 1 1 0 64.752 -5.4716 -5.5008 -2.5903 -1.0239 -2.284 -5.6052 3.4029 0.45012 -2.1409 -0.17466 2.1742 -0.87147 -3.2924
0 1 1 0 64.697 -5.1014 -4.3967 -0.72281 -1.598 -2.8265 -4.5146 1.4417 0.011987 -1.8167 0.30043 0.89074 0.41804 -2.5053
0 1 1 0 64.678 -5.2798 -3.8311 -0.50885 -0.61614 -1.9831 -6.3539 -0.070218 -0.78752 -0.0094509 -2.109 -1.3159 0.7659 -1.3567
0 1 1 0 64.833 -5.532 -3.7393 -0.71088 -0.10184 -0.9068 -5.9973 -0.35563 -0.025937 0.5744 -2.1984 -1.5159 0.73433 -0.82486
0 1 1 0 64.833 -5.532 -3.7393 -0.71088 -0.10184 -0.9068 -5.9973 -0.35563 -0.025937 0.5744 -2.1984 -1.5159 0.73433 -0.82486
0 1 1 0 64.774 -5.4309 -2.3453 -0.0061905 -0.035965 -1.8626 -4.3392 2.5462 3.9114 -0.032537 -0.90216 -1.4844 1.1278 -2.1801
0 1 1 0 64.802 -5.2816 -2.4857 0.64626 0.7513 -1.9407 -4.2268 4.4285 3.897 -2.9083 0.0466 -0.40514 1.5475 -2.1846
0 1 1 0 64.935 -5.2745 -3.0435 0.62942 1.3486 -2.1891 -4.99 5.1521 2.612 -3.0669 0.2542 0.4555 2.1058 -1.3616
0 1 1 0 65.549 -5.0493 -4.6285 -1.2118 1.9357 -4.1335 -6.2194 4.8751 -0.4645 -0.25641 1.4631 1.1854 0.4275 -1.3331
0 1 1 0 65.607 -5.0267 -4.6022 -1.5081 2.1946 -3.8453 -5.8342 5.1883 -0.10905 0.020403 1.6435 0.93822 -0.47013 -1.6907
0 1 1 0 64.901 -5.7041 -3.6626 -1.5431 3.668 -1.3033 0.1867 6.5864 2.6058 0.86307 1.9673 0.14455 -2.8882 -0.97155
0 1 1 0 64.94 -5.0177 -3.6184 -1.6611 3.5193 -1.8084 -0.036748 4.8202 1.4498 0.58154 1.1309 0.3505 -1.3 0.56338
0 1 1 0 65.091 -4.7936 -3.3556 -0.72258 4.1765 -2.0174 -1.8389 3.2461 1.4628 -0.34614 -0.37506 0.31413 -1.0997 -0.16769
0 1 1 0 65.053 -5.0323 -3.2935 -0.28582 4.293 -2.2159 -2.0614 2.9873 1.6101 -0.19506 -0.53192 -0.43567 -1.373 -0.13228
0 1 1 0 65.34 -6.3895 -2.3138 0.093414 5.384 -3.4991 0.07262 1.0739 2.6043 -1.6317 0.017417 -2.1271 1.6645 0.34562
0 1 1 0 65.761 -6.3439 -2.6552 -0.24378 4.5399 -5.2474 -1.4783 -1.1498 3.001 -0.55057 3.2364 0.40192 4.4554 -1.616
0 1 1 0 65.761 -6.3439 -2.6552 -0.24378 4.5399 -5.2474 -1.4783 -1.1498 3.001 -0.55057 3.2364 0.40192 4.4554 -1.616
0 1 1 0 65.709 -6.2056 -2.9674 -0.33623 4.1618 -5.1228 -1.9448 -1.5359 3.0972 -0.36272 3.2945 0.54649 4.5596 -1.856
0 1 1 0 65.021 -5.5875 -4.5636 0.65283 1.2237 -0.13798 -1.8368 1.1527 1.5793 -2.8295 -0.69882 -0.53609 0.61638 0.57295
0 1 1 0 64.881 -6.1035 -4.9612 0.29049 1.7548 -0.60538 -1.8272 2.3882 1.9483 -1.5877 -0.52469 -0.30984 1.2276 0.9253
0 1 1 0 64.774 -6.2974 -5.2966 0.059301 2.1896 -0.92126 -2.0165 3.1779 1.5835 -0.93352 -0.41262 0.081452 1.6992 1.3956
0 1 1 0 64.849 -5.708 -5.1197 -0.13049 2.2868 -2.6416 -6.3764 3.9539 -2.7551 -0.18146 -0.34393 4.1134 2.4571 2.8378
0 1 1 0 64.922 -5.5228 -4.8894 0.24521 1.8287 -2.4731 -6.9398 3.9526 -3.4014 -0.090314 -0.16598 5.0345 2.1323 2.3211
0 1 1 0 65.056 -4.9281 -3.3098 0.23093 2.4321 1.35 -4.2735 2.9583 -1.5377 3.1395 3.3323 3.5898 -2.079 -1.9045
0 1 1 0 64.874 -5.88 -4.1476 1.217 -0.98926 -2.1031 -6.1964 5.1769 -1.7057 -2.0967 4.7576 2.0502 1.8338 -0.58417
0 1 1 0 65.085 -6.4019 -3.0576 1.3442 -2.8209 -3.0817 -7.5873 5.1583 -1.1505 -1.0926 4.1983 1.6459 1.9753 0.57831
0 1 1 0 64.92 -5.127 -3.8104 0.36322 -0.97419 -1.5836 -2.4275 5.8258 -1.4198 4.4125 2.1031 1.3842 -0.14963 -1.3748
0 1 1 0 64.554 -5.6797 -4.5732 -0.83163 0.54156 -1.8644 -5.0229 0.41021 0.9643 -3.3843 1.5849 2.4257 -1.4056 -2.3815
0 1 1 0 64.697 -6.5679 -3.9183 0.20489 -0.55068 0.66237 -2.5242 2.9755 1.3756 1.1389 0.25012 3.095 -0.83542 -1.3895
0 1 1 0 64.594 -6.487 -3.6631 0.76864 -0.66753 0.76644 -2.1734 3.9523 0.94309 1.1877 -0.70951 2.9335 -1.2724 -1.1834
0 1 1 0 64.296 -5.1889 -3.2938 1.2035 -0.15804 -1.9712 -2.9066 6.1749 3.071 -0.3066 -1.0392 1.9465 -2.003 -1.254
0 1 1 0 64.734 -4.9504 -3.6639 0.54861 0.028962 -2.1338 -1.6123 5.5848 3.7463 -0.94488 -1.4965 -0.2168 -0.5253 -3.0211
0 1 1 0 64.565 -5.3678 -3.7697 1.3933 0.50337 -1.4829 -1.2982 3.5432 2.357 -0.92287 -1.7547 -0.5363 -1.5453 -2.7375
0 1 1 0 64.565 -5.3678 -3.7697 1.3933 0.50337 -1.4829 -1.2982 3.5432 2.357 -0.92287 -1.7547 -0.5363 -1.5453 -2.7375
0 1 1 0 64.297 -6.1842 -4.5991 1.9473 2.5854 0.0076314 -0.39946 2.1112 -0.65489 0.9638 -2.8028 -0.2491 -1.169 -1.7255
0 1 1 0 64.535 -6.1688 -4.4475 1.6099 3.914 2.3963 0.72164 4.8404 -0.78318 2.0123 -2.5626 -0.083757 0.37909 -1.9963
0 1 1 0 64.619 -6.1118 -4.2988 1.4607 4.2465 2.9287 0.10696 5.5074 -0.21055 2.2985 -2.3505 0.043829 0.33822 -1.8509
0 1 1 0 64.755 -6.0898 -3.8768 1.4833 4.8789 2.4633 -1.0253 6.4377 0.97244 1.6062 -1.83 0.088113 -0.45611 -1.494
0 1 1 0 64.811 -6.1336 -3.7102 1.5896 4.9515 1.3635 -0.71122 6.5233 1.3432 1.0948 -1.4429 -0.4567 -1.023 -1.5736
0 1 1 0 64.969 -5.9818 -4.1947 1.1227 4.7262 -1.9671 4.0667 3.891 1.388 -2.6186 0.54467 -2.0786 -0.57321 -2.0063
0 1 1 0 65.076 -5.8156 -4.602 0.72992 4.3409 -2.0896 5.0421 3.6109 1.5346 -4.6196 1.9712 -1.3855 1.3945 -1.2121
0 1 1 0 64.966 -5.0929 -4.9622 -0.62508 2.0129 -1.4994 -1.1403 4.1625 4.5111 -2.6993 1.3245 -0.88436 1.5947 0.77326
0 1 1 0 64.661 -5.2605 -4.9223 0.72039 1.0999 -1.0148 -2.74 4.4726 5.5305 -1.1088 -0.84948 -0.71897 -1.7537 0.37975
0 1 1 0 64.979 -5.7246 -4.3889 0.12856 -0.10248 -2.7442 -3.3829 3.7806 4.3589 0.089341 -0.69577 1.5148 -3.2256 1.8381
0 1 1 0 64.979 -5.7246 -4.3889 0.12856 -0.10248 -2.7442 -3.3829 3.7806 4.3589 0.089341 -0.69577 1.5148 -3.2256 1.8381
0 1 1 0 65.142 -6.1368 -3.6379 -1.6633 -0.1039 -3.2452 -4.9232 5.4705 2.7517 2.1326 -1.0771 3.232 -0.57236 2.8621
0 1 1 0 64.964 -5.9441 -3.2335 -1.2642 1.3446 -2.9251 -6.9775 5.9658 1.4929 1.2044 -1.586 0.93997 0.61712 3.0475
0 1 1 0 64.764 -5.5111 -3.0069 -0.57455 2.4053 -1.984 -6.9856 5.8344 0.34938 -0.022361 -1.0484 -0.42923 0.85977 2.8473
0 1 1 0 64.892 -6.2675 -4.2578 1.426 -0.63286 -3.0363 -5.1767 4.3586 0.50717 -0.44003 2.6508 1.7365 -2.2938 2.0003
0 1 1 0 65.096 -6.3445 -4.9309 1.8995 1.2127 -2.8154 -6.0121 2.935 0.29128 2.1641 3.5037 2.8357 -1.6828 0.64383
0 1 1 0 64.635 -6.4435 -5.1227 2.212 3.2044 -1.6892 -7.8241 1.1615 -0.50872 3.6003 1.8738 3.787 -0.78543 -0.67216
0 1 1 0 64.543 -6.2529 -5.4025 1.8326 2.9859 -1.6731 -8.3398 2.541 1.8254 1.4062 -1.484 3.2026 1.031 -0.67134
0 1 1 0 64.543 -6.2529 -5.4025 1.8326 2.9859 -1.6731 -8.3398 2.541 1.8254 1.4062 -1.484 3.2026 1.031 -0.67134
0 1 1 0 65.273 -5.3948 -6.2606 2.6034 -1.0906 -1.2346 -3.584 2.9746 -1.1847 2.9628 4.0409 -0.15344 -2.4253 -2.6653
0 1 1 0 65.287 -5.479 -6.2124 2.9084 -1.4443 -0.76066 -2.95 3.3412 -1.4683 2.1782 3.13 -0.68709 -3.0852 -3.4302
0 1 1 0 65.165 -5.5919 -6.1941 3.2372 -1.6527 -0.11802 -2.9525 3.6162 -1.3432 0.49074 1.7332 -1.3854 -3.6306 -4.3531
0 1 1 0 65.108 -5.5114 -5.9885 3.265 -1.312 -0.12888 -3.4664 3.3055 -0.76709 0.11878 1.7185 -1.0881 -3.3805 -4.654
0 1 1 0 65.043 -5.2899 -5.7548 3.1657 -1.1175 -0.23672 -4.0103 3.0768 -0.18183 -0.08537 1.815 -0.56085 -3.1577 -5.0166
0 1 1 0 64.808 -4.5141 -4.3426 0.75279 1.086 -0.40207 -4.3317 2.9501 3.2365 -3.095 -1.5485 0.9642 -0.32133 -1.4015
0 1 1 0 64.875 -4.938 -5.3526 0.17612 0.93707 1.0224 -2.3014 4.9582 3.281 -3.2699 -2.1844 -0.40809 0.70493 0.6683
0 1 1 0 64.958 -5.1184 -5.8673 -0.49886 1.097 1.0185 -2.2201 4.9679 2.866 -2.5817 -1.3023 -0.003184 0.70854 0.6629
0 1 1 0 65.089 -5.6007 -5.2963 0.67999 0.2532 0.92079 -4.2362 2.9721 2.9272 -0.97378 0.35462 0.96616 0.13421 0.59402
0 1 1 0 65.089 -5.6007 -5.2963 0.67999 0.2532 0.92079 -4.2362 2.9721 2.9272 -0.97378 0.35462 0.96616 0.13421 0.59402
0 1 1 0 65.029 -5.6918 -5.1748 0.81569 0.31597 0.92971 -4.1449 3.1728 2.1155 -1.4431 0.53356 0.53459 0.72181 0.4728
0 1 1 0 64.679 -6.1209 -4.5495 1.2274 0.83548 -1.5105 -7.1844 4.2659 -1.4057 -1.9408 1.9864 1.2724 2.435 0.42629
0 1 1 0 64.588 -6.2566 -4.6218 1.2042 1.1098 -1.4694 -7.0578 4.8116 -1.697 -2.4306 1.7547 1.1822 1.8891 0.36995
0 1 1 0 64.402 -6.4926 -5.3803 0.43103 1.9151 -0.90083 -4.7873 7.9233 -1.8094 -3.0017 0.45999 -0.61154 -1.5394 0.47704
0 1 1 0 64.668 -5.9302 -4.6063 0.76847 1.3756 -1.837 -4.2808 7.218 1.3411 1.0685 1.3064 -0.73726 -3.8946 1.1818
0 1 1 0 64.894 -5.8335 -4.3924 1.1581 1.5819 -1.764 -4.4484 5.919 2.5263 1.5605 0.35259 -0.1993 -2.8094 0.85706
0 1 1 0 65.072 -6.5894 -6.3141 1.6365 2.7426 -1.7719 -4.793 8.3594 2.4589 -2.4397 -2.4619 -1.8824 -1.1847 -3.0248
0 1 1 0 65.027 -6.6399 -6.0294 1.7072 2.1059 -2.3381 -4.2988 9.4879 2.8774 -0.49584 -2.0345 -3.2491 -1.0476 -3.7078
0 1 1 0 65.171 -7.148 -4.1576 0.39933 1.962 -1.3985 -3.9833 4.925 1.4469 1.5634 -4.519 5.7804 -0.91585 -0.093202
0 1 1 0 65.171 -7.148 -4.1576 0.39933 1.962 -1.3985 -3.9833 4.925 1.4469 1.5634 -4.519 5.7804 -0.91585 -0.093202
0 1 1 0 65.174 -7.1551 -3.8985 0.49841 1.7345 -1.3521 -3.7175 5.0452 0.50169 1.4812 -4.6827 5.4402 -0.85659 -0.36043
0 1 1 0 65.175 -6.7324 -3.8369 0.0082542 0.77088 -1.2796 -2.7832 4.09 -3.0153 0.92225 -3.9874 2.3683 -0.71659 -0.84123
0 1 1 0 65.07 -5.8343 -5.4938 -2.0559 0.46642 -0.64407 -4.617 1.5307 -1.3566 -0.49236 -2.7619 -0.51282 -1.3048 -3.2783
0 1 1 0 65.552 -7.843 -5.2538 -0.4121 4.1825 -1.0012 -2.9314 4.9767 1.0407 2.3142 -3.1246 -1.4135 -2.6508 -1.7197
0 1 1 0 66.137 -9.0761 -4.2516 -0.0076764 3.4524 0.29736 -3.2212 6.3911 -0.47381 0.77461 -5.3914 -2.9322 -4.0756 -0.21169
0 1 1 0 66.122 -9.3742 -4.0639 0.16342 2.9919 0.54879 -3.3321 6.1911 -0.96529 0.11422 -6.233 -3.1355 -4.6491 -0.18519
0 1 1 0 66.042 -9.4124 -3.9181 0.23254 2.4699 0.38913 -3.6014 5.7594 -1.5588 -0.62805 -6.981 -3.054 -5.0206 -0.20989
0 1 1 0 64.835 -6.254 -4.9825 -1.1979 -0.39253 -2.4909 -4.5772 3.7297 -2.2428 -0.88872 2.3109 2.2472 0.10893 -0.75509
0 1 1 0 64.655 -6.144 -4.9504 -1.1152 1.472 -0.018045 -4.1527 4.9216 -3.4555 -1.3973 3.0951 1.211 1.4979 -0.18978
0 1 1 0 64.77 -6.5955 -5.5377 0.63545 2.6597 0.66388 -3.1307 5.0681 -3.298 -1.8485 0.014092 2.0833 1.7813 -0.4506
0 1 1 0 64.831 -6.8901 -6.6039 2.1083 1.0015 -0.81868 -1.9795 4.0912 -1.7571 -1.9648 -2.2595 2.3377 1.3429 0.064748
0 1 1 0 65.343 -6.231 -7.0899 1.7578 -0.10577 0.25761 -0.22902 5.1067 0.14576 -1.8809 -2.2335 1.3551 1.8279 0.48006
0 1 1 0 65.598 -5.7701 -6.5294 0.78047 -0.23872 2.1798 -0.15539 5.538 2.7709 -2.8589 -1.2229 0.27057 2.2602 -0.34694
0 1 1 0 65.579 -5.7029 -6.2248 0.40555 -0.39072 2.7245 -0.24484 5.1891 3.2186 -3.1013 -1.403 0.64601 2.3634 -0.67573
0 1 1 0 65.352 -5.9306 -5.383 0.3372 -0.52139 2.9291 1.5763 3.4888 3.1562 -2.7287 -2.9631 1.31 2.7084 -0.93373
0 1 1 0 65.031 -6.4369 -4.3911 -0.0065327 0.81607 0.73298 -0.53961 4.2214 -2.157 0.41482 -3.2118 -1.0245 1.1853 -1.6148
0 1 1 0 65.031 -6.4369 -4.3911 -0.0065327 0.81607 0.73298 -0.53961 4.2214 -2.157 0.41482 -3.2118 -1.0245 1.1853 -1.6148
0 1 1 0 65.146 -6.6617 -6.3009 -0.023825 1.1697 1.5637 -1.2035 4.3466 -2.0982 -3.5692 -2.5309 -0.57193 1.3981 -0.66795
0 1 1 0 64.991 -6.9273 -6.1946 -0.21456 1.1105 1.6352 -0.55797 3.589 -2.2453 -5.3099 -3.0058 1.4236 1.1095 -0.42349
0 1 1 0 65.14 -6.5813 -5.2093 -0.97475 -0.33692 -0.15087 -3.0871 3.1894 0.26986 -5.1504 -1.6182 4.1617 -0.68446 -0.85991
0 1 1 0 65.288 -6.4355 -5.093 -1.3215 -0.62184 -0.59083 -3.9096 2.9763 1.1807 -4.605 -0.88834 3.9618 -0.7989 -0.39549
0 1 1 0 65.506 -6.3211 -5.3987 -1.8661 -1.0398 -1.2705 -4.4087 3.0688 2.6765 -2.9985 -0.90518 3.3406 -1.0138 0.28177
0 1 1 0 65.681 -6.7049 -4.8855 -1.7577 1.0244 -4.0446 -2.949 4.9701 1.4539 -0.81504 -1.0301 2.2607 -1.5555 -2.8505
0 1 1 0 65.725 -6.9852 -4.3189 -1.8211 0.80623 -4.5671 -2.8106 5.3224 0.52899 -0.94565 0.41504 2.7019 -0.55317 -3.2434
0 1 1 0 65.697 -6.8862 -4.6251 -1.4143 -0.025067 -3.6823 -3.1345 5.1409 -0.30927 -1.8562 0.53012 2.4823 -1.3433 -1.3067
0 1 1 0 65.685 -6.1628 -4.4595 0.1614 0.38182 -0.78223 -1.4217 6.1727 -0.38984 -3.4298 -0.83301 1.4597 -2.5448 -0.0051444
0 1 1 0 65.513 -5.8641 -4.3979 0.84539 0.45552 -0.04152 -0.57655 7.1098 1.5298 -3.5374 -1.1367 0.31562 -2.8167 0.056242
0 1 1 0 65.435 -5.9203 -4.3283 0.93601 0.5836 -0.3729 -0.90722 6.6863 3.5606 -3.1012 -1.464 -0.56137 -2.7848 0.4296
0 1 1 0 65.644 -6.3041 -5.0098 -1.4185 0.42462 -2.0955 -1.41 4.8379 1.9942 0.87681 -2.4468 2.7004 -3.1203 0.066788
0 1 1 0 65.667 -6.1683 -4.8767 -1.4168 0.35318 -1.859 -1.8672 5.0176 2.1351 0.80787 -2.5961 2.7524 -3.1531 -0.04438
0 1 1 0 65.683 -5.9593 -4.5865 -1.1173 0.44948 -1.5953 -2.4928 5.0406 2.4139 0.5151 -2.6861 2.4632 -3.2584 -0.19677
0 1 1 0 65.705 -5.6639 -4.246 -0.78463 0.45835 -1.6015 -3.4043 5.0676 2.7442 0.33306 -2.4367 1.9433 -3.391 -0.493
0 1 1 0 65.155 -6.8525 -3.4245 0.37546 -0.012422 -3.5281 -0.36822 2.3898 -1.0107 -1.9954 3.0104 0.68914 -4.466 -0.32656
0 1 1 0 65.155 -6.8525 -3.4245 0.37546 -0.012422 -3.5281 -0.36822 2.3898 -1.0107 -1.9954 3.0104 0.68914 -4.466 -0.32656
0 1 1 0 65.308 -6.6847 -3.0198 -0.1234 0.12503 -3.1404 -1.1895 3.0595 -1.3641 -1.9813 1.9196 1.2541 -4.8738 0.95525
0 1 1 0 65.426 -6.5256 -2.8558 -0.099696 0.53169 -3.056 -1.3395 3.3412 -1.2577 -2.3122 0.97529 1.4436 -4.7365 1.231
0 1 1 0 65.465 -6.418 -3.0879 0.0076142 0.75962 -3.2094 -1.5243 3.6658 -1.499 -2.9545 0.10658 1.595 -4.2625 1.0444
0 1 1 0 64.823 -5.6321 -5.7561 -1.0531 0.26249 -2.685 -2.1902 2.904 0.6964 -3.3876 -0.82662 -1.4743 -2.6287 -3.0387
0 1 1 0 64.99 -6.1518 -5.5552 0.1181 -0.5305 0.25042 -3.1931 2.2937 0.63419 -0.37392 0.47777 2.5663 -5.3849 -3.1755
0 1 1 0 65.033 -6.0922 -5.5784 0.18255 0.032518 0.19284 -3.308 1.8832 0.76449 -0.65854 1.1238 2.7805 -5.4481 -3.5187
0 1 1 0 65.019 -6.0761 -5.7512 0.30864 0.59718 -0.10226 -3.4971 1.2972 0.76764 -0.7444 1.5034 2.8982 -4.9007 -3.756
0 1 1 0 65.043 -5.965 -6.6204 0.46292 1.6648 -1.4827 -4.6371 -0.067644 0.050309 -0.0042564 0.46852 2.2061 -1.9289 -3.3454
0 1 1 0 64.996 -5.909 -6.8994 0.52184 2.069 -1.6936 -5.5725 0.073107 -0.89302 1.7523 -1.1426 1.7668 -0.5619 -2.6764
0 1 1 0 64.996 -5.909 -6.8994 0.52184 2.069 -1.6936 -5.5725 0.073107 -0.89302 1.7523 -1.1426 1.7668 -0.5619 -2.6764
0 1 1 0 64.777 -5.8851 -6.9875 1.192 2.616 -1.9296 -6.0342 1.0227 -1.4839 2.5433 -1.9084 1.9825 -0.86969 -1.5059
0 1 1 0 64.413 -5.8176 -7.3695 2.1806 2.4971 -2.6543 -4.7697 3.6994 -1.2059 0.50815 -0.34714 4.0564 -2.3205 0.25414
0 1 1 0 64.391 -5.5883 -7.457 2.1077 1.9853 -2.941 -3.4341 5.8911 0.19156 -0.88523 -0.081797 3.0599 -2.0041 -0.30562
0 1 1 0 64.595 -4.6744 -5.4568 0.71105 1.2177 -2.4916 -3.8697 4.7563 1.6244 0.66257 -1.537 -0.80901 1.4299 -0.65834
0 1 1 0 64.648 -5.8727 -4.2235 -1.3748 1.895 -2.3381 -0.36306 6.024 3.9285 -0.87582 -1.0734 -2.0024 1.3259 -2.7464
0 1 1 0 64.74 -6.7569 -4.7473 -2.3802 3.1546 -0.37275 2.5823 5.2856 3.5342 -1.8821 -2.1571 -2.6167 0.23596 -3.7807
