1 0 1 0 60.447 -12.795 0.31917 -9.6887 0.46778 -6.0283 2.8206 0.3635 1.16 2.5088 -3.5302 -1.5946 -3.6986 -3.8285
1 0 1 0 60.354 -14.563 -1.7407 -11.17 -3.1726 -5.2645 -1.8569 -0.86061 -5.8277 -1.1739 -5.4821 -3.6104 0.29336 -7.4155
1 0 1 0 61.669 -12.843 -0.8239 -8.4301 -2.7695 -7.0354 -2.6779 -5.5831 -4.7907 0.43278 -3.722 -3.0082 2.8832 -1.9609
1 0 1 0 62.366 -10.993 -0.68099 -7.473 -1.8035 -7.7753 -2.7154 -7.7218 -2.6236 0.80462 -2.7314 -3.2765 1.4626 2.0684
1 0 1 0 61.925 -11.668 -1.8842 -7.4075 -5.0416 -8.622 -1.0613 -8.3783 -0.16031 -1.3787 -4.7248 -3.0172 1.8604 0.061743
1 0 1 0 61.759 -12.09 -1.8962 -7.7299 -5.2268 -8.7093 -0.36529 -7.2589 0.87923 -1.3639 -5.0485 -3.3706 2.0219 -0.92333
1 0 1 0 61.412 -14.427 1.2965 -10.015 -3.6516 -4.2569 1.4217 -1.9725 0.10463 3.156 -3.1131 -2.026 -1.6794 -2.054
1 0 1 0 61.054 -13.448 0.91446 -10.096 -3.1094 -4.2995 -1.6974 1.7016 2.103 1.5708 -4.2448 -1.0642 0.68871 -3.7284
1 0 1 0 60.848 -14.449 -2.1866 -10.177 -4.7088 -7.3581 -0.43784 -2.4795 -0.069111 -1.56 -0.71044 -5.5997 0.90498 -4.7056
1 0 1 0 60.717 -15.179 -4.9634 -9.6385 -3.4638 -6.6925 -0.75712 -2.5814 3.0747 0.26128 4.9142 -6.6809 -1.8429 -2.9733
1 0 1 0 61.534 -15.755 -1.7666 -10.556 0.23739 -7.2399 3.3949 -1.0809 3.7114 0.88177 2.7682 -4.3396 -2.6007 -4.1326
1 0 1 0 61.434 -15.182 1.4924 -12.589 0.7436 -4.2585 1.0874 2.1893 -0.89864 2.3997 -0.57547 -1.626 -1.739 -4.6246
1 0 1 0 61.89 -11.513 3.2367 -7.0515 1.1666 -0.38901 2.6055 4.2304 -0.63003 4.1375 -3.3055 -5.4568 -3.81 -6.181
1 0 1 0 62.101 -11.085 3.4472 -6.4709 1.5011 -0.048891 2.2571 4.2158 -0.99262 3.9222 -3.2535 -5.7439 -3.4195 -6.8155
1 0 1 0 62.066 -10.563 3.1223 -5.5738 2.5036 1.1508 1.7576 1.7426 -2.2175 2.4717 -1.8766 -6.3095 -2.1423 -8.8624
1 0 1 0 60.665 -12.025 -1.2716 -7.7376 -1.0495 -7.167 1.0599 -0.72501 1.9687 0.099662 6.466 -6.3371 0.68243 -3.2313
1 0 1 0 60.258 -12.369 -1.9072 -9.2173 -2.6816 -5.8507 3.3298 0.43183 0.46084 0.089271 -2.0138 -5.5449 0.3143 -4.365
1 0 1 0 60.802 -12.775 -1.8382 -8.2963 -2.7452 -6.889 1.3965 -3.896 0.65531 -0.73882 0.62216 -4.8046 -0.31991 -2.8414
1 0 1 0 62.811 -11.527 2.2131 -5.2206 2.0613 -6.5626 1.8378 1.8783 -5.7083 -4.6432 -5.7028 -6.1053 -6.6213 -5.4869
1 0 1 0 62.951 -11.229 2.7017 -4.6101 2.2129 -6.7353 1.0584 1.1724 -6.0266 -5.1886 -5.9154 -6.4945 -6.4825 -6.4301
1 0 1 0 64.402 -6.6424 8.187 -2.1211 0.15301 -6.6683 -2.6626 -4.7671 -4.0165 -4.2764 -5.6535 -6.5013 -1.9671 -7.1365
1 0 1 0 64.55 -5.9088 9.0762 -2.8427 -0.62188 -5.7061 -2.1456 -5.1885 -4.6682 -3.6798 -6.063 -6.2169 -3.1232 -6.9676
1 0 1 0 64.556 -5.8975 8.9195 -2.9122 -0.54807 -5.42 -2.2623 -5.028 -4.9129 -3.8366 -6.0519 -6.0405 -3.3464 -7.2194
1 0 1 0 61.957 -12.027 0.55881 -7.127 -3.6358 -2.6359 -0.32872 -1.8265 -3.1444 -0.7934 -2.8774 -4.7235 -1.2721 -6.7169
1 0 1 0 61.43 -15.433 1.2547 -14.377 -2.2529 -7.9488 2.0409 -3.9776 -2.1556 2.3236 -5.5018 -3.8321 -3.5909 -5.5106
1 0 1 0 60.887 -15.541 0.49756 -13.439 -3.8867 -8.2907 0.95689 -2.2014 0.16043 1.0264 -6.8179 -4.7228 -2.791 -6.1104
1 0 1 0 60.751 -14.07 0.081712 -12.019 -1.2721 -5.4057 0.61643 1.422 1.2279 6.5304 -1.8097 -0.84681 1.2663 -4.6015
1 0 1 0 60.577 -14.47 -1.4405 -13.846 -2.8352 -6.4968 0.39825 2.092 0.088047 6.8967 -0.85103 0.041447 2.7072 -4.0271
1 0 1 0 61.078 -13.334 -0.31967 -12.59 -2.3923 -5.252 2.4172 3.1951 0.43757 6.1938 -0.65945 -0.53502 2.622 -4.8533
1 0 1 0 61.058 -12.913 -0.070535 -11.817 -2.5965 -5.221 2.8674 2.9653 1.1239 2.5533 -0.98281 -1.4556 1.5409 -5.4913
1 0 1 0 60.728 -13.29 -1.3701 -11.631 -2.3499 -6.7872 2.7549 1.8473 0.861 0.42398 0.42879 -3.484 0.2057 -5.1542
1 0 1 0 60.54 -12.826 -1.9222 -8.4511 -5.397 -5.8219 1.7214 -0.50677 3.6975 -1.7464 0.18525 -5.5468 -0.97491 -3.2689
1 0 1 0 60.613 -13.036 -1.2527 -10.635 -2.8564 -3.304 1.2086 -1.427 1.4104 0.32332 -1.2035 -7.7006 0.022828 -2.2881
1 0 1 0 59.968 -13.737 -3.6403 -10.072 -6.6142 -3.7253 -1.2432 -1.4012 1.2348 1.3363 -1.3103 -5.0785 -1.5332 -4.9178
1 0 1 0 59.861 -13.366 -2.865 -8.2152 -7.2948 -4.0507 1.2277 -3.5926 2.8162 -1.1991 -0.6181 -3.9017 -3.9004 -3.6137
1 0 1 0 61.994 -13.409 0.91399 -12.031 0.010898 -3.5096 3.3013 -0.74989 4.3129 3.1728 -2.5452 -1.3351 -2.5066 -3.6678
1 0 1 0 61.491 -14.13 -1.3365 -12.47 -2.6394 -4.1544 -1.5562 -0.35354 0.93491 4.7528 -6.6235 -2.6399 -2.7103 -4.424
1 0 1 0 61.078 -12.368 -1.5957 -9.3681 -4.2837 -5.5083 -1.3475 2.0594 0.41856 2.1361 -0.13563 0.11787 0.55094 -3.4024
1 0 1 0 60.629 -11.588 -0.32571 -8.1662 -1.5743 -3.6038 1.6924 -3.5758 1.0273 1.6917 -2.9316 -1.9162 -0.21823 -2.8001
1 0 1 0 61.401 -12.895 -0.53829 -9.5923 -2.899 -6.7664 -0.21171 -1.2665 3.2963 1.5341 -3.531 -2.4346 -1.3228 -2.914
1 0 1 0 61.81 -14.319 0.26837 -10.292 -1.8443 -8.4088 1.6022 -1.3703 -1.0556 1.5813 -1.4799 -1.8773 -2.5368 -0.33347
1 0 1 0 61.81 -14.319 0.26837 -10.292 -1.8443 -8.4088 1.6022 -1.3703 -1.0556 1.5813 -1.4799 -1.8773 -2.5368 -0.33347
1 0 1 0 62.138 -13.57 -0.17578 -9.0786 -3.0699 -10.356 -2.4564 -2.7291 -2.8541 0.80078 -3.2839 -1.1043 -1.4734 -2.221
1 0 1 0 62.211 -13.381 -0.37341 -8.7763 -3.6731 -10.241 -3.5847 -3.3398 -3.2803 0.34213 -4.2472 -1.3876 -1.1722 -2.2333
1 0 1 0 62.63 -12.315 0.40552 -7.0717 -3.3804 -8.406 -3.1924 -2.4191 -2.6779 0.89655 -4.239 -0.98675 0.67636 -0.6761
1 0 1 0 61.726 -11.194 -1.9792 -8.5956 -7.7345 -10.315 -2.878 -10.102 -4.3868 -6.0004 -3.3609 -2.7852 -2.6166 -0.13241
1 0 1 0 60.439 -13.151 -2.0678 -8.0607 -5.0585 -6.412 -3.429 -1.8078 0.22966 -1.5663 -0.64524 -3.6515 -1.7097 -3.5025
1 0 1 0 62.01 -12.162 0.31196 -8.1794 -2.3891 -8.1541 -4.5004 -2.3632 -4.6675 0.3224 -1.3925 -0.31928 -1.5514 -2.878
1 0 1 0 61.999 -12.115 -0.1235 -7.3661 -1.7415 -7.4573 -3.7413 -1.2552 -2.4065 3.0189 0.48614 0.39385 -1.7143 -2.584
1 0 1 0 60.92 -12.566 -2.2175 -8.4732 -4.7534 -6.147 -0.45914 -2.3669 2.1762 1.8203 0.15038 -2.6555 2.0944 -2.5296
1 0 1 0 60.485 -12.927 -3.813 -9.7526 -7.6002 -9.7521 -2.7959 -4.4432 -2.1042 -3.2404 -1.2797 -3.8073 3.1492 -1.53
1 0 1 0 60.278 -13.342 -4.3474 -10.664 -8.1719 -10.332 -3.4559 -5.0047 -2.0486 -3.4138 -1.95 -4.8089 2.1799 -2.8282
1 0 1 0 60.327 -15.265 -2.4022 -12.425 -5.7795 -9.662 1.384 -2.3085 -1.9096 -0.10223 -4.0312 -1.1402 -0.9832 -0.30305
1 0 1 0 60.201 -15.181 -3.1266 -12.545 -6.9227 -10.438 0.71346 -1.723 -2.6272 0.13605 -4.1298 -1.2514 -1.3521 0.49689
1 0 1 0 60.875 -12.975 -1.9824 -8.3221 -3.7725 -4.8656 -3.0507 -1.0607 0.5085 3.9814 -1.5388 -3.2056 0.72121 -2.0695
1 0 1 0 61.132 -13.043 -1.2228 -8.2722 -3.9973 -2.9206 -2.2665 -1.7701 0.56268 3.8635 -0.75602 -3.7518 -0.60304 -3.3289
1 0 1 0 61.132 -13.043 -1.2228 -8.2722 -3.9973 -2.9206 -2.2665 -1.7701 0.56268 3.8635 -0.75602 -3.7518 -0.60304 -3.3289
1 0 1 0 61.054 -11.446 -0.73892 -8.6763 -4.2206 -6.0008 -3.2949 -4.3073 -1.0202 0.60566 3.1668 -0.46326 0.86854 0.87304
1 0 1 0 61.572 -9.6258 -2.7963 -8.8652 -8.4418 -10.656 -8.0935 -7.1064 -2.3567 -1.7346 4.764 5.0133 5.035 -0.2419
1 0 1 0 61.478 -9.3551 -3.1429 -8.5075 -8.6398 -10.145 -8.196 -6.524 -1.6463 -1.3864 6.0189 5.4415 5.591 -0.53394
1 0 1 0 61.478 -9.3551 -3.1429 -8.5075 -8.6398 -10.145 -8.196 -6.524 -1.6463 -1.3864 6.0189 5.4415 5.591 -0.53394
1 0 1 0 63.457 -12.879 -1.6063 -9.9076 -4.879 -7.8659 -2.7211 -4.8934 -1.6667 -2.133 -3.4481 -2.7073 -1.2523 -4.8883
1 0 1 0 60.301 -13.55 -1.9827 -9.5441 -1.2433 -4.3594 0.26338 0.26165 1.51 0.68418 -0.43131 -3.2736 -3.2272 0.069311
1 0 1 0 60.086 -13.482 -0.60268 -10.873 -1.6819 -4.2235 -0.37692 0.52656 1.2832 3.344 -1.7769 -2.1024 1.7936 -3.9406
1 0 1 0 60.49 -12.347 -0.93341 -7.6463 -3.6714 -7.1642 0.99013 -4.7276 1.1527 0.97945 1.1786 -1.808 2.0375 -1.0104
1 0 1 0 60.649 -11.54 -0.6294 -7.2438 -4.9499 -9.954 0.11036 -6.9868 -2.4629 -2.1154 2.4977 0.30423 3.042 -1.6185
1 0 1 0 58.826 -14.301 -4.5326 -11.947 -4.7312 -7.3514 0.57205 -0.47725 3.9451 -0.98052 -0.99038 -5.9258 -0.61753 -5.5643
1 0 1 0 59.444 -14.326 -2.7446 -11.07 -4.1912 -9.8826 1.6243 -0.31232 4.1039 -1.5629 0.54789 -5.4498 -1.7724 -3.7327
1 0 1 0 59.873 -15.248 -1.7565 -13.055 -4.6861 -12.846 1.4418 -2.459 2.9582 -3.2008 -0.70068 -7.7177 -4.457 -3.3216
1 0 1 0 60.535 -15.556 0.65119 -14.247 -3.1738 -12.801 2.7103 -1.5982 3.9597 -2.6216 -0.016033 -7.5022 -3.5382 -1.3295
1 0 1 0 59.89 -15.15 -3.1654 -11.501 -6.854 -6.2065 0.99946 0.51448 0.039635 2.3403 -2.1059 -3.547 -0.66403 -4.4983
1 0 1 0 60.037 -14.893 -2.8608 -10.866 -6.0574 -5.3999 1.4402 1.3796 0.42995 1.6048 -2.4639 -3.7744 -0.88971 -4.202
1 0 1 0 63.525 -9.1153 2.6623 -4.9497 -3.0354 -7.1559 -4.3946 -7.9593 -5.747 -2.8724 -6.2611 -3.2401 0.2727 -1.3248
1 0 1 0 59.7 -14.646 -2.4193 -12.798 -6.4092 -7.7101 -3.0657 -0.022156 -2.276 1.368 -3.612 -5.5747 -2.1281 -6.7881
1 0 1 0 60.178 -14.511 -2.541 -8.1126 -4.8081 -5.5715 2.5709 -0.24615 1.8511 1.4168 -1.7796 -0.81996 2.3139 -4.7004
1 0 1 0 59.647 -12.65 -2.2588 -11.213 -4.9104 -4.8887 -0.39541 -5.022 3.8838 -0.93683 -2.3928 -4.9026 0.463 -0.67069
1 0 1 0 60.445 -12.546 -2.5123 -9.1748 -7.5713 -8.722 -3.692 -6.54 0.1433 -4.9155 -6.1405 -7.4212 0.73651 -2.8255
1 0 1 0 61.6 -11.49 -1.8602 -8.141 -7.9576 -7.1199 -2.1411 -9.7363 0.89305 -3.3889 -6.6927 -3.8388 -2.1114 -1.76
1 0 1 0 58.849 -14.364 -4.4299 -9.6263 -5.8379 -10.362 1.0566 0.4991 2.728 0.99945 -1.6022 -5.0866 -1.3569 -4.0156
1 0 1 0 59.283 -14.399 -4.5208 -10.937 -6.069 -4.7877 0.88334 -0.086115 2.4282 -2.1336 -3.6233 -4.4352 -0.74387 -6.7542
1 0 1 0 59.558 -13.976 -3.6891 -9.1753 -2.9172 -3.4784 3.7891 -2.2469 7.4017 -1.8005 -1.14 -4.4002 -2.8088 -8.5398
1 0 1 0 59.752 -14.053 -4.0621 -8.5594 -5.546 -6.2729 -0.73034 -2.9067 4.453 -0.82748 1.1253 -5.0304 -1.6711 -8.1559
1 0 1 0 60.15 -14.332 -1.7879 -9.3311 -3.8663 -5.3284 1.2474 -1.5638 1.5063 5.5778 -4.7987 -1.6174 -0.4722 -3.7868
1 0 1 0 60.697 -14.044 -0.027073 -10.049 -4.1266 -4.7902 0.58679 1.372 0.073011 -0.68166 -2.9832 -3.3777 -0.3846 -6.3664
1 0 1 0 60.731 -13.443 -0.12338 -8.0428 -5.0055 -5.1129 -0.7419 0.51467 -2.4264 -1.3111 -3.0378 -5.6771 1.6306 -4.767
1 0 1 0 60.265 -14.133 -1.2574 -11.228 -4.364 -1.89 1.4723 1.9286 2.6852 4.7813 0.79494 -2.318 -0.98498 -2.591
1 0 1 0 60.139 -13.625 -1.6074 -10.022 -3.996 -3.3211 3.0227 1.0028 4.4858 2.9097 -3.5731 -4.6397 -3.5576 -4.0449
1 0 1 0 60.265 -14.797 -2.777 -9.8366 -5.2782 -4.9448 2.6107 -0.84243 1.7526 -0.8069 -2.7075 -5.6087 -2.8664 -6.3458
1 0 1 0 62.777 -13.843 -0.59189 -10.214 -2.0219 -7.5092 2.5579 -1.579 0.16459 1.4636 0.38415 -3.8005 0.63289 -2.1516
1 0 1 0 61.219 -14.373 0.49308 -10.952 1.4953 -6.2572 5.7243 -2.6666 2.1912 4.3541 -4.4094 -3.72 -1.8853 -2.6591
1 0 1 0 61.196 -13.965 0.27805 -9.993 -0.10277 -6.8672 4.1998 -0.53191 2.4321 3.9739 -3.3803 -1.9308 -0.45768 -2.2559
1 0 1 0 60.45 -15.196 -1.8658 -13.422 -3.2128 -6.0023 -1.8782 -1.0376 -1.8628 -0.55896 -1.7611 0.021632 -2.2261 -5.8023
1 0 1 0 61.66 -15.417 0.93298 -11.46 -1.2456 -8.6723 6.0175 -1.1875 5.999 -0.036903 -0.96057 -6.8206 1.9983 -3.524
1 0 1 0 61.457 -14.702 0.31022 -10.425 -4.8211 -6.0949 1.7583 -1.6818 2.346 -0.68407 -1.9275 -3.6793 1.671 -4.4507
1 0 1 0 60.756 -13.282 -0.7508 -10.339 -4.3268 -3.122 -0.28582 2.0758 -0.29847 -0.15703 -0.32713 -6.2328 1.2771 -1.9779
1 0 1 0 60.816 -14.005 -1.4936 -8.5972 -3.0494 -3.6732 2.018 -2.5891 -1.0245 3.8181 -1.6613 1.6864 -0.45833 -1.183
1 0 1 0 60.722 -13.801 -1.849 -7.933 -2.33 -3.9099 0.81641 -3.1461 1.8069 5.4218 -1.7019 1.2042 -2.1013 -2.2862
1 0 1 0 60.41 -14.456 -2.525 -10.722 -2.1828 -4.8895 -2.0355 -0.67873 0.37555 4.22 -3.0239 -2.1295 -0.88763 -6.3292
1 0 1 0 60.376 -14.633 -3.101 -11.269 -1.8872 -4.892 -1.7657 -0.27201 0.76866 4.7097 -3.029 -2.5153 -0.64863 -7.1924
1 0 1 0 60.73 -14.308 -2.7254 -10.548 -2.5122 -4.0411 0.86142 -0.12387 0.14119 2.9883 -1.9234 -2.0179 -1.2942 -7.4065
1 0 1 0 61.165 -13.035 -0.22187 -8.558 -1.3442 -2.5027 2.4061 2.5156 0.89296 2.8851 -1.876 -0.86173 -0.2786 -5.6162
1 0 1 0 60.193 -14.092 -0.61177 -11.284 -1.7296 -9.1229 0.84634 -1.4765 -1.6861 1.2702 -5.5402 -3.6605 -5.828 -5.0685
1 0 1 0 60.724 -13.427 -0.36767 -10.171 -1.0664 -3.157 0.67627 1.8693 -3.896 1.9938 -1.8984 -2.4927 2.1337 -5.2071
1 0 1 0 61.522 -12.567 0.0018118 -8.5255 -2.8464 -5.7078 -1.1492 -2.936 -5.1082 1.6048 -4.681 -2.9502 4.1964 -2.4829
1 0 1 0 62.074 -11.473 -1.2587 -7.3142 -6.0942 -7.8092 -0.71787 -7.6034 -0.14878 -1.4583 -3.4584 -3.3579 2.5209 -0.28368
1 0 1 0 61.115 -14.916 5.7747e-05 -10.005 -3.9871 -5.2258 1.0316 -1.5771 0.030192 3.0417 -3.8861 -1.877 -2.5734 -3.026
1 0 1 0 60.611 -14.295 -0.70798 -10.989 -4.382 -6.7888 -2.2984 -0.068032 0.6779 0.59331 -4.2902 -2.6961 -0.95054 -3.8918
1 0 1 0 61.19 -13.675 -0.93658 -9.1285 -3.7956 -6.2369 -0.039419 -0.83642 1.6524 0.98484 -0.48877 -4.2784 1.3544 -4.0579
1 0 1 0 60.861 -15.014 -4.6358 -9.3784 -3.4505 -6.6923 0.40983 -1.4717 4.7136 1.9693 5.147 -6.7024 -2.1628 -2.1459
1 0 1 0 61.66 -16.11 -1.4699 -10.533 0.19664 -7.1491 3.1231 -0.18056 3.5258 1.2926 1.3869 -4.0673 -2.8359 -3.7696
1 0 1 0 61.409 -14.599 1.7728 -11.939 0.96677 -3.4919 3.2224 3.945 -1.4207 2.8426 -2.3423 -3.1995 -2.7611 -5.6803
1 0 1 0 61.935 -11.099 3.2267 -5.7063 2.5168 -0.013739 2.0802 2.0139 -2.9849 0.42967 -2.0487 -8.8374 -1.3244 -9.9604
1 0 1 0 60.377 -12.469 -1.4018 -8.9282 -2.5699 -8.9556 0.46349 -2.7817 2.5646 -0.33498 6.0846 -7.6514 0.16773 -0.65369
1 0 1 0 60.484 -12.347 -2.0257 -8.3453 -1.9436 -4.9292 3.9146 1.1084 1.6005 0.36578 -0.72591 -4.4816 1.4932 -4.6288
1 0 1 0 60.696 -13.427 -1.9259 -10.814 -4.0831 -3.2437 0.14766 3.0857 1.8599 1.0887 2.6983 -3.0583 1.2187 -4.1719
1 0 1 0 60.476 -13.196 -2.7993 -9.7777 -4.2075 -7.7186 0.044817 -3.9954 0.68124 -1.8449 -0.60431 -5.6008 -0.14393 -4.4471
1 0 1 0 61.769 -12.173 -0.058992 -7.8118 0.54801 -4.9254 2.0233 -0.31968 -0.95882 -3.1223 -3.6082 -6.9053 -2.9988 -3.4185
1 0 1 0 62.964 -11.671 2.4296 -5.3221 2.4409 -7.6224 1.4995 2.1262 -4.6761 -2.7137 -4.9323 -6.2563 -6.7814 -5.7936
1 0 1 0 63.042 -11.484 2.9252 -4.6337 2.4894 -7.7383 0.51436 1.4036 -5.0044 -3.5172 -5.8967 -7.3527 -6.8511 -6.6763
1 0 1 0 63.766 -8.8468 6.1426 -1.6601 2.3217 -7.6866 -2.1875 -3.0188 -3.9918 -3.6348 -5.3077 -6.954 -3.1568 -6.9072
1 0 1 0 64.519 -5.9683 8.6979 -2.3525 1.0076 -6.4589 -2.5646 -6.0868 -4.9226 -2.5755 -6.3973 -6.3845 -3.9102 -5.9268
1 0 1 0 64.569 -5.704 8.8391 -2.6519 0.62125 -5.579 -2.488 -6.2697 -5.4906 -2.509 -6.0213 -6.2667 -4.4927 -6.1074
1 0 1 0 61.325 -12.259 -0.81377 -9.8327 -3.8056 -2.2831 -0.43156 0.21406 0.30766 2.5996 0.44804 -0.68877 1.2733 -4.5236
1 0 1 0 61.707 -14.71 2.5294 -12.059 -0.35519 -5.996 3.7102 -0.0029615 0.78791 4.7653 -4.7435 -2.9191 -0.85181 -4.4309
1 0 1 0 60.774 -14.242 -1.2598 -12.711 -2.031 -5.9691 1.3464 2.872 -0.97591 6.3565 -0.92789 -1.2124 1.9398 -3.8983
1 0 1 0 60.772 -13.877 -1.142 -12.498 -3.0085 -6.3482 3.0113 2.1399 -0.67577 3.3753 -1.9938 -1.7709 0.43098 -4.7965
1 0 1 0 60.834 -13.19 -1.0788 -10.159 -1.0987 -6.2788 3.53 1.7745 1.1149 1.4189 0.10941 -2.8788 1.2286 -4.672
1 0 1 0 60.7 -12.681 -2.0984 -7.4985 -4.896 -5.2129 1.7258 -1.3686 3.1527 -1.5588 1.0773 -3.7172 0.69563 -3.2366
1 0 1 0 60.503 -13.296 -1.6398 -11.027 -2.6099 -2.7748 0.31052 -2.0293 0.72417 0.38953 -1.3892 -7.6053 -0.15883 -2.9144
1 0 1 0 60.924 -12.533 -0.83467 -9.7916 -1.7122 -1.6584 2.1381 -0.80858 3.2985 2.0458 -0.66004 -5.7984 1.0792 -2.5563
1 0 1 0 60.176 -13.714 -3.2906 -9.762 -7.3098 -5.6577 -1.1158 -1.1529 0.69683 1.2093 -1.1669 -5.7522 -1.4381 -5.2599
1 0 1 0 59.974 -13.185 -2.5798 -8.1894 -8.8116 -4.592 1.0498 -5.4423 2.466 -1.2233 -1.5668 -3.1941 -3.0225 -2.9221
1 0 1 0 60.915 -14.832 -1.6814 -13.35 -2.7803 -8.2953 2.5687 -3.9845 2.6889 -2.6533 -2.1643 -3.6786 -5.1977 -4.2817
1 0 1 0 61.469 -14.093 -1.0087 -11.336 -2.5919 -3.6083 -0.9589 0.21864 0.59265 5.2628 -5.8978 -1.7966 -1.9583 -4.7763
1 0 1 0 61.226 -12.243 -0.5391 -9.2565 -3.0434 -3.4151 -0.44573 2.7225 0.31461 3.9713 -0.23093 -0.11993 1.0638 -3.171
1 0 1 0 61.17 -12.116 -0.27954 -9.0346 -2.6187 -3.872 0.67955 2.6314 0.82714 4.2535 -0.6372 -0.54841 1.1885 -3.957
1 0 1 0 60.524 -12.116 -1.0443 -9.0381 -2.0141 -2.9018 1.9119 -3.1496 1.3446 2.3875 -2.6398 -3.3354 -0.53255 -2.0637
1 0 1 0 61.472 -12.934 0.047925 -9.4618 -1.5947 -6.9141 -1.2804 -0.99786 2.7897 1.8476 -4.3432 -1.8055 -0.78818 -2.8201
1 0 1 0 61.832 -14.003 0.57632 -9.334 -2.3027 -8.4724 1.7995 -1.8729 -0.095289 0.79687 -0.8662 -1.6877 -2.8114 -0.0023205
1 0 1 0 62.023 -13.383 -0.064824 -8.6098 -3.1541 -10.426 -2.4178 -1.8525 -1.9123 1.0993 -3.7121 -1.261 -1.8292 -2.1879
1 0 1 0 62.023 -13.383 -0.064824 -8.6098 -3.1541 -10.426 -2.4178 -1.8525 -1.9123 1.0993 -3.7121 -1.261 -1.8292 -2.1879
1 0 1 0 62.007 -13.183 -0.73085 -8.4294 -4.8277 -10.276 -4.625 -2.512 -3.1773 0.60678 -4.5886 -1.9943 -0.5092 -1.4
1 0 1 0 61.267 -11.419 -2.4125 -7.5986 -6.8437 -9.5944 -2.5858 -11.078 -3.4387 -5.0265 -2.3261 -2.4233 -1.6349 -0.48403
1 0 1 0 60.518 -12.853 -1.5229 -7.884 -5.5195 -6.9387 -3.5347 -3.2835 -0.17444 -0.72833 -1.9889 -4.7295 -1.3023 -3.7028
1 0 1 0 61.776 -12.759 -0.17731 -8.8054 -3.9349 -8.2208 -5.6072 -4.1098 -5.2892 0.085454 -2.4337 -0.80606 -3.5034 -3.2209
1 0 1 0 60.559 -13.537 -3.4082 -10.283 -6.1935 -7.6929 -1.8038 -3.7376 0.99923 2.2287 -1.0899 -3.0598 2.5496 -2.6742
1 0 1 0 60.671 -12.352 -2.7991 -8.9352 -6.9345 -8.9276 -1.8742 -3.6291 -0.28387 -2.074 -1.1088 -3.4563 3.47 -0.69367
1 0 1 0 60.669 -12.147 -2.4125 -8.5984 -6.1733 -7.9127 -0.73412 -2.5728 1.1954 -1.2476 -0.85011 -3.7669 2.9562 -1.5625
1 0 1 0 60.323 -14.624 -2.8588 -12.416 -5.9761 -10.401 0.7314 -1.7111 -2.2454 -0.0092979 -4.7722 -1.2991 -1.3927 -0.44488
1 0 1 0 60.803 -13.081 -1.5251 -9.6821 -3.7189 -7.6891 2.7419 1.4599 0.11512 2.7861 -2.9579 0.55895 0.16548 1.005
1 0 1 0 60.862 -12.568 -1.7699 -7.8826 -3.272 -5.7116 -1.9298 -0.041537 1.6053 4.4734 -0.86766 -1.9906 1.771 -0.56378
1 0 1 0 60.95 -13.432 -1.5003 -9.091 -4.7194 -3.3703 -2.2817 -2.466 0.55233 4.0089 -0.43459 -3.3888 -1.2563 -2.7972
1 0 1 0 60.95 -13.432 -1.5003 -9.091 -4.7194 -3.3703 -2.2817 -2.466 0.55233 4.0089 -0.43459 -3.3888 -1.2563 -2.7972
1 0 1 0 60.703 -10.699 -1.0847 -8.2976 -5.5231 -8.1058 -3.661 -5.735 -3.4822 -0.94791 3.1123 1.5041 2.5604 3.8273
1 0 1 0 62.88 -13.328 -2.4519 -9.6665 -5.8625 -8.4646 -3.3902 -5.8318 -4.3077 -3.1231 -4.5956 -3.7447 -1.143 -5.852
1 0 1 0 63.473 -12.457 -1.4401 -8.1404 -3.7387 -6.5576 -0.40522 -3.9934 -1.5897 -1.0277 -3.0863 -2.1718 -0.076391 -3.9087
1 0 1 0 59.778 -13.574 -2.3436 -11.478 -2.6103 -4.5873 0.069465 0.87089 1.5057 3.6929 -0.26487 -0.24684 -3.9307 -2.7856
1 0 1 0 60.078 -13.303 -1.7747 -11.905 -1.8796 -4.5955 -0.25205 1.1977 1.1661 2.0713 -2.6256 -2.8994 -0.885 -4.4706
1 0 1 0 60.444 -13.537 -0.4841 -11.022 -1.6603 -4.1796 1.5313 1.3932 2.1716 2.8399 -1.6745 -2.716 -0.95917 -2.5138
1 0 1 0 60.338 -14.082 -1.0075 -11.379 -1.8537 -4.9573 0.95054 1.1978 1.4878 1.5151 -2.2384 -3.536 -1.9532 -2.7736
1 0 1 0 60.45 -12.273 -1.4148 -8.7247 -5.1233 -11.284 -1.4715 -8.1406 -4.222 -3.5321 0.61289 -0.63599 0.24865 -1.4739
1 0 1 0 60.041 -14.648 -0.75808 -12.186 -3.8556 -11.631 3.1605 -1.179 4.4528 -1.2775 0.67181 -6.0088 -2.8036 -2.7135
1 0 1 0 60.413 -14.672 0.56665 -12.376 -2.6681 -11.645 4.2787 -0.17663 5.5018 -0.63727 1.3433 -6.2363 -2.2491 -1.9701
1 0 1 0 60.413 -14.672 0.56665 -12.376 -2.6681 -11.645 4.2787 -0.17663 5.5018 -0.63727 1.3433 -6.2363 -2.2491 -1.9701
1 0 1 0 59.756 -15.05 -2.8367 -12.316 -6.5301 -5.9006 0.16602 -0.60392 0.29664 3.4058 -1.7957 -2.827 0.05157 -3.9451
1 0 1 0 60.092 -14.338 -2.0387 -10.747 -5.0852 -4.0795 1.6303 1.7061 1.599 3.7715 -1.5607 -2.6453 0.46646 -3.5571
1 0 1 0 60.335 -11.682 -2.0266 -8.8972 -2.2932 -4.4315 3.9232 -1.3327 5.451 -2.9811 -0.27353 -1.611 -0.051924 -1.7666
1 0 1 0 63.417 -9.1282 3.0866 -5.9609 -1.8409 -7.4458 -5.4305 -8.127 -5.4837 -2.7064 -6.5314 -2.1111 0.019381 -1.2768
1 0 1 0 60 -14.42 -2.1984 -11.97 -4.647 -5.5671 -3.3325 0.73032 -3.0628 3.8211 -2.9128 -4.3517 1.1996 -6.8376
1 0 1 0 60.528 -13.939 -1.2861 -7.9176 -4.3801 -4.9017 1.2303 1.7713 0.52168 2.4647 -0.17219 -1.0782 3.3494 -6.5123
1 0 1 0 60.539 -12.026 -1.8841 -8.552 -6.5835 -7.792 -2.0256 -5.2822 1.7358 -3.6426 -4.605 -5.0995 1.5076 -1.5191
1 0 1 0 61.749 -10.943 -1.4285 -8.0335 -7.3859 -7.4632 -2.7587 -8.6571 2.1753 -3.2884 -6.3697 -3.5031 -1.4595 -1.0132
1 0 1 0 58.868 -14.352 -4.1837 -9.4976 -6.5963 -10.598 1.8692 -0.61274 2.3392 0.15894 -1.0379 -5.1733 -0.7654 -3.2784
1 0 1 0 59.462 -14.657 -4.8781 -11.44 -6.9848 -4.5445 0.62473 -0.28583 0.43849 -2.6605 -3.9377 -4.876 -1.337 -7.0097
1 0 1 0 59.129 -14.841 -4.4934 -9.6697 -3.1318 -4.0837 2.8966 -2.9552 6.5473 -1.0776 -2.2916 -4.8503 -4.111 -8.6053
1 0 1 0 59.535 -14.396 -4.376 -9.2222 -5.7759 -6.0468 -0.65812 -3.5041 2.5593 -2.1142 0.80956 -6.5439 -2.7122 -7.1378
1 0 1 0 60.509 -13.773 -0.50279 -7.7847 -2.3496 -3.9308 1.6076 -0.89758 1.5175 5.1797 -3.1299 -0.46704 0.071349 -3.7631
1 0 1 0 60.39 -14.722 -0.74827 -11.532 -5.0706 -6.2434 -0.51101 0.2436 -0.43161 -1.7707 -5.1205 -3.3153 -1.2524 -5.1426
1 0 1 0 60.563 -14.139 -0.6532 -10.514 -3.6328 -1.2562 0.94551 1.3812 0.62974 4.1734 -0.42633 -2.099 0.18931 -3.2432
1 0 1 0 59.858 -14.227 -1.9617 -10.738 -4.7007 -2.9079 2.4914 0.44895 3.9266 3.0449 -3.4316 -5.6135 -3.6644 -4.209
1 0 1 0 60.731 -13.731 -0.91327 -8.2026 -3.2018 -2.5493 4.0807 0.46679 3.2528 0.64486 -0.91133 -4.682 -1.1333 -4.9074
1 0 1 0 62.556 -14.067 -0.06567 -9.5482 -1.0772 -7.253 2.4687 0.74915 2.2193 2.7062 -0.41285 -5.1416 -0.84754 -3.4552
1 0 1 0 61.405 -13.575 0.39218 -9.3987 -0.20491 -6.7911 3.8826 -0.1669 1.7522 3.4241 -3.2399 -2.1823 -1.994 -2.8605
1 0 1 0 60.628 -14.807 -1.7411 -12.318 -1.9411 -4.3165 -1.0471 0.6359 -0.027148 0.17121 0.018312 1.0342 -0.40347 -3.7613
1 0 1 0 61.568 -15.628 0.311 -11.765 -1.6899 -8.4833 5.9645 -1.2896 4.6703 -0.61084 -1.6835 -8.2203 1.2299 -5.1135
1 0 1 0 60.695 -13.321 -0.79529 -9.8273 -4.904 -3.2877 -0.28564 2.2103 -2.7729 -0.23639 0.15197 -6.4481 0.17687 -2.8464
1 0 1 0 60.908 -13.846 -1.0065 -8.2071 -2.7505 -3.8056 2.1138 -2.3256 -0.4647 4.3886 -1.44 1.9259 -1.4194 -1.4886
1 0 1 0 60.28 -14.84 -3.232 -9.4387 -4.6399 -5.9084 -1.0025 -3.7278 1.956 5.2419 -1.3174 0.96885 -2.289 -2.4683
1 0 1 0 60.167 -14.872 -2.825 -10.637 -3.4803 -5.7407 -3.2163 -1.1674 -0.37169 2.1581 -3.8341 -3.3618 -2.5442 -5.0994
1 0 1 0 60.599 -14.429 -3.2257 -11.241 -4.2965 -4.991 0.093055 -0.6198 -0.26264 1.8665 -2.1472 -4.4372 -1.9542 -7.688
1 0 1 0 60.474 -14.575 -2.7524 -11.273 -5.4884 -5.948 -0.13285 -0.24612 -0.46008 1.6586 -2.9906 -3.2878 -1.0076 -6.9785
1 0 1 0 60.309 -14.78 -2.5887 -11.661 -6.3147 -6.8527 -0.49967 0.49634 -0.45784 1.2393 -4.2075 -3.5713 -1.2598 -6.8503
1 0 1 0 60.28 -14.271 -0.78258 -12.79 -1.8468 -8.3908 -0.47961 -1.5259 0.9199 2.8564 -5.4953 -1.9894 -2.6171 -3.447
1 0 1 0 60.652 -13.818 -0.6288 -10.617 -2.4209 -5.5736 0.2597 1.236 -2.5714 0.41425 -4.9182 -3.346 -0.9521 -5.163
1 0 1 0 61.373 -12.973 0.52998 -7.7223 -2.0288 -6.0882 0.05746 -2.1109 -4.1453 1.6757 -5.1147 -2.5808 2.2087 -3.0525
1 0 1 0 61.434 -13.039 0.12683 -8.2917 -2.6964 -7.6149 -1.6337 -4.374 -5.4793 0.5228 -5.348 -2.7023 1.8442 -2.4817
1 0 1 0 62.326 -11.194 -1.7219 -7.1536 -5.2114 -7.2267 -0.93066 -7.2344 -0.65775 -1.4149 -4.2405 -2.4123 2.5084 -0.29783
1 0 1 0 62.24 -11.445 -1.2686 -7.0216 -4.5609 -6.1032 1.4546 -5.3744 2.065 -0.41015 -3.6071 -2.6297 3.3771 -1.2325
1 0 1 0 61.122 -14.563 0.77949 -10.701 -4.5934 -5.7187 1.104 -1.9193 -0.73873 3.4204 -4.0659 -1.0367 -2.8461 -3.8665
1 0 1 0 61.084 -14.216 -2.4272 -9.2857 -3.7314 -5.648 0.24612 -0.65984 2.7988 -0.2073 -0.12113 -5.0876 1.0419 -4.0886
1 0 1 0 61.133 -14.271 -4.0966 -8.668 -2.941 -5.0053 0.28957 -1.2001 4.4329 1.6253 6.3553 -5.8097 -1.0981 -2.5671
1 0 1 0 62.29 -13.879 1.2416 -9.0132 2.538 -5.5465 3.7737 1.7877 2.1389 0.57835 3.2535 -3.5763 -1.3319 -2.6293
1 0 1 0 61.589 -14.136 1.6929 -11.66 1.3376 -5.1527 1.5875 2.9267 -1.298 5.0014 -1.2185 -0.43958 -1.1935 -3.1086
1 0 1 0 61.824 -10.576 3.3137 -5.7294 1.8473 -0.53237 1.2594 0.37032 -3.7537 0.29893 -1.387 -7.9563 0.095319 -10.813
1 0 1 0 60.555 -11.254 -1.151 -9.0386 -2.3512 -6.917 2.465 -1.9669 1.1751 0.73647 5.2418 -6.8734 1.7014 -0.1899
1 0 1 0 59.992 -12.634 -2.3421 -9.8386 -3.1414 -6.3515 2.1005 0.16402 0.72658 -2.0556 -2.7113 -5.9227 0.20588 -6.1201
1 0 1 0 60.395 -13.319 -2.7818 -9.5299 -4.2075 -8.4028 -0.37424 -6.4511 -0.4351 -2.3515 -1.6594 -5.3817 -0.73257 -4.5805
1 0 1 0 60.852 -12.769 -1.8661 -8.0372 -1.2669 -5.4356 0.63739 -0.17441 3.5258 -1.3545 -1.5578 -7.753 -0.5875 -4.0596
1 0 1 0 62.892 -11.492 3.0754 -4.5365 2.2612 -6.9344 2.0136 1.8327 -4.6099 -3.0453 -5.7388 -6.5486 -6.6042 -5.1751
1 0 1 0 63.115 -11.042 3.6346 -3.7 2.8666 -6.5739 1.8255 1.9854 -4.3952 -3.2679 -5.7849 -7.0675 -6.1757 -5.9612
1 0 1 0 64.418 -6.3472 9.1385 -2.3443 0.98196 -5.2677 -2.1279 -5.8796 -5.4867 -3.4557 -6.4761 -5.3543 -3.0005 -6.1168
1 0 1 0 64.428 -6.1519 9.2778 -2.628 0.71086 -4.7721 -2.0041 -6.133 -6.1319 -3.1333 -6.4459 -5.2588 -3.5289 -6.2332
1 0 1 0 64.428 -6.1519 9.2778 -2.628 0.71086 -4.7721 -2.0041 -6.133 -6.1319 -3.1333 -6.4459 -5.2588 -3.5289 -6.2332
1 0 1 0 60.826 -12.969 -2.2461 -11.077 -4.6616 -4.6644 -1.7112 -1.3488 -0.95805 1.7153 -0.80493 -1.6575 0.45134 -5.626
1 0 1 0 60.487 -13.491 -0.62264 -8.9265 -2.1241 -5.1029 1.4584 -1.3968 2.7907 2.0507 -0.20169 -2.0349 2.3093 -4.25
1 0 1 0 61.5 -15.88 1.5808 -14.201 -1.7378 -7.6575 2.0541 -2.9401 -1.0095 3.0301 -7.1224 -4.4428 -2.2493 -5.6771
1 0 1 0 61.007 -13.611 0.98937 -10.583 -0.53298 -5.0435 0.95613 1.8443 0.90126 5.7385 -1.4237 -1.7678 2.3366 -5.3285
1 0 1 0 61.26 -13.112 0.013863 -11.088 -1.8501 -5.3364 2.8122 2.9899 0.43417 3.6147 -0.86749 -1.1136 2.3784 -4.1492
1 0 1 0 61.002 -13.389 -0.64515 -11.576 -2.9775 -6.0063 2.8894 2.4456 0.65739 2.5589 -1.0173 -1.1948 0.87855 -4.6589
1 0 1 0 60.574 -13.904 -2.2073 -11.418 -2.9823 -7.7409 2.6391 1.4735 0.53877 0.33053 -0.38049 -4.1607 -0.2301 -4.9674
1 0 1 0 60.234 -13.371 -3.7018 -9.8414 -6.8895 -7.0348 0.16644 -2.3606 2.6948 -2.3092 -0.036928 -5.8935 -0.4995 -3.7226
1 0 1 0 60.459 -13.008 -1.9716 -10.499 -2.8428 -3.4699 0.59285 -2.5506 1.0677 -0.25085 -2.3274 -7.7997 -0.52232 -2.6676
1 0 1 0 60.6 -12.607 -1.0531 -10.467 -2.3818 -2.9422 1.7551 -1.8006 1.7759 0.91401 -1.9307 -6.7917 0.6728 -2.5531
1 0 1 0 60.572 -12.723 -1.5413 -10.303 -3.3636 -3.36 1.88 -1.596 3.3901 0.47445 -1.4717 -5.7319 0.35432 -2.9381
1 0 1 0 60.427 -13.156 -2.1239 -9.8838 -4.1709 -3.6297 0.73275 -1.4883 5.8628 0.19837 -1.0123 -2.5151 -1.2772 -3.5527
1 0 1 0 60.115 -13.539 -3.6964 -10.366 -6.2631 -4.2113 -1.2715 -0.96921 2.6352 0.63598 -2.5153 -5.8864 -2.3261 -4.0377
1 0 1 0 59.716 -13.346 -2.67 -8.9239 -7.8621 -4.0472 1.3344 -4.6927 2.8269 -0.26109 -1.5682 -4.3365 -4.3786 -3.4798
1 0 1 0 61.347 -14.336 -1.1016 -12.466 -2.9038 -3.9951 -2.6886 0.22795 0.66974 3.9267 -6.8215 -3.4591 -3.6812 -5.5005
1 0 1 0 60.789 -12.661 -2.0861 -10.565 -4.4243 -6.1118 -0.94154 -0.59967 -0.48351 2.1106 -3.9259 -2.4534 -1.1899 -4.9726
1 0 1 0 60.359 -12.359 -1.8169 -9.1277 -2.747 -4.4362 1.1766 -3.4464 -0.048058 1.2286 -4.388 -4.1306 -1.8792 -3.4334
1 0 1 0 61.832 -14.119 0.58982 -9.9141 -1.653 -8.2666 1.594 -0.84634 -1.9077 1.5948 -0.71114 -2.5422 -2.7704 -0.61234
1 0 1 0 61.994 -13.96 0.93708 -9.4422 -1.4496 -8.0771 2.1138 -0.57322 -2.1725 2.1125 -0.47276 -1.815 -2.6854 -0.8409
1 0 1 0 61.993 -13.47 0.33617 -8.1718 -2.6362 -9.8086 -1.4833 -1.8588 -3.1887 1.9909 -1.7997 0.21855 -0.41386 -1.3758
1 0 1 0 61.871 -13.437 -0.76759 -8.7088 -5.104 -10.948 -4.7293 -4.1679 -5.4425 -0.44107 -4.5165 -2.0572 -0.73436 -2.2389
1 0 1 0 61.437 -11.363 -2.0814 -7.1289 -7.3988 -9.0933 -2.0148 -10.347 -3.1742 -3.9474 -2.5138 -2.125 0.030165 0.34089
1 0 1 0 60.477 -12.822 -1.9337 -7.0688 -4.84 -5.9828 -2.2252 -2.2765 0.95209 0.53077 -0.74884 -4.1887 -0.77206 -2.362
1 0 1 0 62.124 -12.138 0.41351 -8.28 -2.8581 -7.4613 -4.1063 -2.1158 -5.039 1.3219 -1.4365 -0.35244 -2.0964 -2.8692
1 0 1 0 60.925 -12.548 -2.8132 -8.9684 -5.1587 -6.9418 -0.099621 -2.6909 2.1685 1.4521 0.11783 -2.5862 3.2481 -1.8693
1 0 1 0 61.096 -11.731 -2.3531 -8.0875 -6.0766 -6.7054 -1.0003 -3.2082 -0.50481 -2.5778 -1.135 -2.8554 3.7634 -1.28
1 0 1 0 60.793 -14.023 -1.4255 -10.765 -3.8495 -8.3017 3.2878 -0.20194 -1.6312 1.4147 -2.7725 -0.68294 0.51436 -0.1841
1 0 1 0 60.709 -12.799 -2.0611 -9.1375 -4.4162 -7.5147 1.6482 1.9639 -0.14199 2.838 -2.3433 0.75276 1.5828 1.918
1 0 1 0 60.175 -13.731 -4.1739 -10.997 -6.466 -9.8778 -3.4553 -1.8781 -1.4187 0.46455 -4.5965 -1.8999 0.80007 -0.49734
1 0 1 0 60.583 -13.044 -2.5021 -9.4327 -4.4304 -6.4948 -3.3798 -1.8544 0.14621 2.0669 -2.9724 -2.2175 0.52154 -2.15
1 0 1 0 61.082 -12.675 -0.89676 -8.3141 -3.8433 -3.0791 -2.3347 -1.8049 0.60207 2.8478 -1.3554 -2.7589 -1.6102 -3.5276
1 0 1 0 60.719 -11.04 -0.83118 -8.4041 -5.3637 -8.4951 -4.0424 -6.0779 -3.4656 -0.27566 2.7561 1.6531 2.5779 2.2445
1 0 1 0 61.879 -10.452 -2.7087 -7.0958 -8.0286 -9.9031 -7.4481 -8.052 -2.2092 0.037198 6.4627 5.6563 6.6275 -1.991
1 0 1 0 61.907 -10.256 -2.8177 -6.9392 -8.2983 -9.6137 -7.0651 -7.7578 -1.4099 0.41229 7.6219 5.4879 7.0582 -2.6535
1 0 1 0 61.907 -10.256 -2.8177 -6.9392 -8.2983 -9.6137 -7.0651 -7.7578 -1.4099 0.41229 7.6219 5.4879 7.0582 -2.6535
1 0 1 0 61.792 -10.067 -2.8157 -6.8243 -8.6639 -9.5335 -6.7234 -7.3262 -0.84819 0.90391 8.4348 5.0893 7.1908 -3.199
