0 1 1 0 62.508 -11.076 12.966 -6.7206 10.333 1.88 1.637 5.1209 -2.4972 9.1182 0.53667 1.8128 -3.8974 4.106
0 1 1 0 65.811 -12.726 9.1579 -2.2918 9.0782 -1.6541 3.6301 7.8362 -4.4882 4.0402 2.1955 2.1423 -0.88335 3.28
0 1 1 0 64.489 -10.723 13.238 -9.2665 7.2108 0.34343 0.17524 2.7024 -4.0481 2.3323 2.1496 4.4037 -0.82268 1.4116
0 1 1 0 64.665 -11.122 10.895 -7.0484 6.4794 0.00011379 4.7289 6.0371 1.8567 6.18 0.59405 1.8874 -1.3766 4.2926
0 1 1 0 64.743 -11.743 11.574 -6.479 6.017 0.76774 4.7189 5.8573 1.3407 7.3318 1.7189 2.171 1.3106 4.8279
0 1 1 0 64.038 -9.8022 13.352 -6.4597 10.01 0.89579 1.984 1.1501 -4.598 2.0943 -2.3746 0.7966 -4.1427 4.1236
0 1 1 0 62.137 -10.364 15.611 -4.579 11.374 2.9997 4.4102 0.56124 1.682 5.7415 -2.2824 2.4133 -3.5302 5.4473
0 1 1 0 62.858 -11.789 12.968 -7.5134 5.1929 -0.56218 2.1086 -0.33903 -0.15962 2.4146 0.71325 -0.46579 -2.3996 2.6532
0 1 1 0 63.084 -11.855 11.498 -8.4132 8.4242 -1.3446 3.7965 4.2222 -0.55927 9.7964 0.69705 3.7672 -1.3014 3.2396
0 1 1 0 63.782 -11.061 11.498 -8.6453 11.354 0.55371 2.6352 5.4733 2.0964 4.708 0.44634 2.4303 -2.1105 5.8886
0 1 1 0 62.292 -11.76 12.966 -8.0136 12.949 2.3987 0.59116 4.9043 2.5711 4.7424 -1.2281 2.9874 -3.5834 3.7353
0 1 1 0 62.604 -12.535 13.111 -7.1732 10.662 -0.33453 1.2037 3.2301 -0.4734 6.3017 -0.2158 -1.7169 0.60951 2.3081
0 1 1 0 63.354 -10.766 13.007 -8.4147 8.3165 0.80699 -0.11261 1.8 -3.2184 5.6602 -1.5875 6.1081 -0.84002 3.5903
0 1 1 0 63.995 -13.497 12.052 -9.095 7.1852 1.4851 -3.0585 -0.55048 1.7394 3.8817 2.7495 1.3827 -0.55332 4.6303
0 1 1 0 64.443 -10.08 12.207 -6.6835 6.6249 2.7729 2.525 4.9901 -2.359 2.6289 -2.8774 6.9418 -2.173 3.1452
0 1 1 0 64.199 -10.784 10.874 -8.4065 6.6619 -0.4737 -2.0942 0.52454 -2.0815 0.66437 -1.3946 -0.36929 -2.0471 2.312
0 1 1 0 63.548 -10.765 12.559 -9.458 9.4095 -0.89225 1.6146 6.2096 -1.624 5.533 -3.0393 5.6073 0.58122 5.3707
0 1 1 0 64.832 -10.553 11.071 -6.7533 6.6284 -1.4647 2.2603 3.8648 -4.8052 6.5974 3.5792 1.1844 -0.49939 7.2589
0 1 1 0 65.243 -10.932 9.6383 -7.161 5.4531 -1.5984 -2.0227 1.8355 -0.46742 3.8082 0.17516 1.0758 0.082133 1.2169
0 1 1 0 63.679 -12.226 12.023 -5.9781 6.6643 -0.12364 -6.5439 0.55052 -0.90447 5.3185 0.74899 1.8767 0.71037 -1.7593
0 1 1 0 64.84 -13.121 9.3826 -0.4494 2.3835 -9.3422 9.6537 -0.86439 -8.2331 8.998 -6.0272 -0.010222 2.876 -0.82696
0 1 1 0 64.114 -10.558 9.6761 -9.3514 6.7322 -2.6471 1.3611 2.6195 -3.2877 1.5697 -1.1273 2.4404 -2.6138 1.498
0 1 1 0 63.957 -10.942 11.065 -7.5097 8.0761 -1.1631 2.137 4.6592 -2.3976 5.8255 -1.8268 3.5035 -3.0569 4.1988
0 1 1 0 62.898 -10.939 12.48 -8.2684 8.4278 -0.97666 0.29043 6.317 -4.5971 3.4384 -1.2532 3.549 -0.99725 1.4494
0 1 1 0 62.128 -11.723 11.475 -4.988 11.34 2.0734 0.63129 0.94594 -0.27851 1.9087 -1.2155 2.3165 -5.6984 -0.65419
0 1 1 0 65.282 -13.959 10.973 -0.51077 9.371 0.49625 4.8963 3.096 -0.48285 5.3712 -1.3775 1.3883 -1.0182 -0.5009
0 1 1 0 62.79 -8.1732 12.62 -6.9744 14.571 2.4921 6.133 7.2919 0.24562 6.8832 -1.2773 0.99323 -5.0687 0.81831
0 1 1 0 63.096 -8.6846 13.221 -7.5397 9.395 0.33813 5.0626 8.7727 2.9845 1.1292 -2.7061 -0.0046346 -2.0533 2.0467
0 1 1 0 63.59 -8.6243 10.879 -7.9342 9.2538 0.61747 3.1451 4.4931 2.0792 4.8794 0.85895 3.0489 -1.1881 0.24078
0 1 1 0 61.912 -9.8414 9.2812 -6.5686 9.6546 -2.2085 4.5652 2.0039 0.91676 3.1569 -1.6891 2.0221 -1.9084 2.309
0 1 1 0 63.098 -9.4905 8.9877 -7.6347 9.5282 0.95737 0.34932 1.5513 -1.3948 3.4835 -4.0813 1.0502 -1.5414 3.5115
0 1 1 0 61.035 -13.208 11.247 -10.634 6.7896 2.2703 -2.1007 6.5103 -1.9617 3.3668 -1.6253 -2.9651 2.5381 2.1453
0 1 1 0 60.811 -11.308 9.5809 -10.022 9.687 -1.543 0.30501 -1.2711 0.39277 3.8924 0.62923 1.6976 -2.3037 1.4646
0 1 1 0 64.369 -10.173 9.2703 -7.3664 8.038 -2.4542 1.8787 2.1513 -2.6138 3.3582 -3.6697 1.6776 -2.2388 0.57268
0 1 1 0 64.275 -10.599 8.6189 -8.3953 7.1231 -0.5173 -0.56381 5.0829 -3.6108 3.8774 -1.1031 -0.70726 2.9873 -1.9237
0 1 1 0 64.04 -12.163 9.4307 -8.2421 4.1745 6.7751 -0.073308 4.633 -4.9539 7.3162 1.7387 -0.027838 -0.64751 -1.8787
0 1 1 0 63.078 -11.298 9.1442 -13.121 6.0269 1.4512 -3.2502 -4.2603 -5.5938 3.525 6.1634 10.044 2.2764 2.4962
0 1 1 0 62.513 -11.867 9.4234 -7.9372 6.766 -0.86139 0.13913 3.3333 -0.87198 3.1772 -0.59719 0.81853 1.1386 0.1366
0 1 1 0 62.813 -12.397 10.776 -7.7109 10.474 -0.23814 -1.9235 3.5017 0.56685 4.9348 0.45669 -0.047593 -1.18 2.4252
0 1 1 0 62.823 -10.935 8.9922 -8.2731 7.0618 0.12904 -2.6852 -0.86979 0.4282 2.0067 0.096337 -1.4518 -2.6685 2.514
0 1 1 0 60.091 -11.516 9.5782 -9.5237 10.096 -1.8632 2.992 -0.56641 -0.46467 8.7551 1.5526 3.4415 -3.6989 2.7481
0 1 1 0 61.188 -13.491 12.184 -9.8913 9.2845 3.6018 -1.7786 4.9194 4.3539 4.4408 0.93825 -0.58537 -1.5702 4.321
0 1 1 0 62.014 -11.334 11.928 -6.0615 8.3158 0.99654 2.3121 5.1742 -0.35269 3.4386 -1.8488 1.3838 -1.5887 1.4683
0 1 1 0 59.594 -12.14 13.754 -8.5153 10.463 0.30415 1.2306 4.6984 1.4335 0.60726 1.0731 3.6307 -0.30345 6.421
0 1 1 0 63.017 -11.911 10.774 -6.4724 5.8118 3.6267 -0.38924 3.7436 -0.10723 4.6468 -0.37363 1.3364 -1.4524 2.5324
0 1 1 0 61.99 -11.046 10.373 -9.1973 7.9081 -4.0832 1.2546 2.1887 -0.49458 3.3488 -0.15099 2.5815 -1.5288 -0.17416
0 1 1 0 62.878 -11.771 10.504 -8.9699 6.5436 -0.3068 -0.15464 6.8289 -4.1707 6.2328 -0.79899 0.50601 2.8343 -2.5882
0 1 1 0 62.641 -10.644 12.056 -4.4583 9.179 2.7698 -1.7772 8.1113 -2.2543 2.6144 1.9166 1.4655 -0.72571 1.2555
0 1 1 0 64.757 -11.68 7.5143 -6.5387 3.8443 0.94394 -2.2238 5.6586 -3.9185 2.8459 0.60003 -1.3346 2.6457 -3.5038
0 1 1 0 63.276 -9.8339 10.841 -8.9091 7.4417 4.2339 3.3377 6.8377 3.1921 8.2899 0.36562 4.436 -4.0421 2.5574
0 1 1 0 63.489 -11.139 8.1044 -8.1373 3.9823 1.9187 -4.3496 6.1554 -5.3079 3.9679 0.40116 -2.5359 2.4509 -1.7367
0 1 1 0 63.482 -9.9827 10.548 -4.2358 6.3426 4.1539 -0.0031906 6.802 0.67943 7.7281 0.34301 0.83871 -0.96073 0.40123
0 1 1 0 64.128 -9.4554 10.158 -6.3842 9.3475 2.5069 0.61565 4.5322 -2.1855 7.7482 0.33079 1.6259 1.3376 1.6093
0 1 1 0 61.221 -11.053 13.302 -6.4143 8.4914 4.2331 -0.90672 6.5178 0.48043 0.2396 -0.8297 2.9079 -2.2658 2.0449
0 1 1 0 63.982 -9.389 12.097 -4.9974 7.6188 4.0042 0.6302 7.1203 -0.75409 6.3733 0.81712 3.0818 1.9694 0.70717
0 1 1 0 64.135 -8.6965 11.779 -3.9752 6.4393 -0.0877 1.4119 7.226 -2.7655 4.3389 2.8849 6.0577 2.3712 -1.4382
0 1 1 0 64.967 -9.8009 10.148 -5.696 8.0065 0.16831 3.3291 9.8772 3.9123 5.8501 -0.5512 0.28986 -0.02119 1.0378
0 1 1 0 63.114 -10.928 9.3503 -6.0036 10.197 8.3933 4.8719 9.2496 -0.95804 6.274 -0.10255 0.16724 -0.27524 1.1277
