1 0 1 0 69.505 -9.0159 14.449 0.72674 7.9057 -0.81859 4.4521 -0.9121 -5.4459 2.2766 -4.9348 -0.31584 -9.7596 2.2329
1 0 1 0 68.773 -9.1604 12.658 0.081147 12.593 0.43859 2.6304 -0.48555 -2.0246 2.0865 -5.6609 4.2429 -4.618 3.9645
1 0 1 0 68.058 -8.2683 13.094 0.76201 8.7426 2.1075 1.7868 1.2687 -4.5523 -1.4873 -6.5239 -0.20575 -3.1618 -0.84631
1 0 1 0 68.938 -8.0905 12.257 2.0911 3.7911 2.9313 -1.4845 3.6936 -7.5653 0.27627 -3.1938 -2.5956 -2.8896 -5.0907
1 0 1 0 68.196 -7.8998 13.475 3.1953 6.3948 0.62693 -0.41443 1.3735 -7.6448 -1.7473 -2.6143 0.77967 -4.9097 -0.55388
1 0 1 0 69.511 -7.6698 13.025 0.13388 9.5482 0.55479 0.91196 1.6784 -5.3909 1.4105 -8.8347 1.4928 -5.8782 2.3468
1 0 1 0 69.142 -7.8465 14.237 1.6553 9.5067 -0.039617 2.9154 -4.5519 -7.2507 4.0249 -6.4542 -1.1254 -5.4769 1.2929
1 0 1 0 68.045 -6.1741 12.93 1.1443 7.5885 -1.6409 4.1133 -2.2163 -4.9668 0.74459 -9.1324 2.678 -8.1588 -1.6871
1 0 1 0 69.284 -7.6458 11.514 3.2173 10.557 1.3441 -0.82104 0.39381 -7.8999 2.8334 -9.8292 2.7821 -7.0129 0.81646
1 0 1 0 68.572 -7.7956 12.656 0.6549 8.5525 1.5208 3.4925 -0.39542 -4.0579 -3.6329 -11.208 -5.7851 -5.968 -2.7258
1 0 1 0 68.63 -8.0253 11.654 2.1258 8.1947 -3.2886 3.718 -1.944 -4.8531 -0.41747 -7.4061 -1.7044 -4.3516 -1.3232
1 0 1 0 68.145 -7.8904 13.305 0.52462 9.5277 -3.3267 4.7059 -1.1742 -1.997 0.70544 -10.487 -5.0013 -5.9864 0.82657
1 0 1 0 68.326 -7.9426 13.695 0.93066 9.2334 -0.7329 -0.79635 0.33224 -3.0451 0.61171 -9.763 -4.4162 -4.9733 -0.98715
1 0 1 0 68.214 -7.9715 13.206 0.85243 7.5539 0.49894 -1.9756 3.3436 -4.8896 3.0451 -8.0733 -2.9084 -4.5013 -1.5686
1 0 1 0 68.475 -7.7263 13.931 1.6257 5.0273 1.7005 0.94691 5.5191 -2.9513 2.3619 -6.6885 0.7682 -4.7123 -0.17424
1 0 1 0 68.784 -7.5567 13.558 2.1049 5.7699 2.8386 -0.52783 5.3485 -3.996 2.1427 -6.1861 0.78329 -5.0634 -1.3323
1 0 1 0 70.162 -9.2471 10.894 1.1559 9.6677 1.0517 4.7133 1.624 -3.1237 1.4802 -6.5912 -1.452 -3.242 -1.0254
1 0 1 0 67.698 -7.9509 13.893 2.4323 9.2194 -0.1364 2.161 2.3144 -4.4728 -0.89191 -4.7005 -3.4136 -4.7712 0.58927
1 0 1 0 69.578 -10.206 12.457 1.2994 11.085 7.1099 2.8617 2.4352 -8.0487 -5.5687 -6.3058 1.5188 -2.1063 0.49621
1 0 1 0 68.467 -7.9116 13.508 1.9744 6.1535 2.9925 -2.4566 -1.1345 -7.4932 -1.3021 -7.588 -0.46113 -6.5579 -1.9887
1 0 1 0 68.003 -7.9652 12.646 1.476 8.5105 -1.7663 2.6829 1.1446 -1.9809 -0.60445 -3.1522 0.54216 -7.1351 1.536
1 0 1 0 69.002 -9.5857 10.765 0.32331 11.267 -2.9556 -0.9254 3.4099 -2.6385 1.297 -6.8245 3.766 -6.0996 -2.7424
1 0 1 0 69.219 -10.017 9.7772 0.22998 10.049 2.3041 1.2565 3.5531 -5.7946 -0.74149 -5.0004 1.7856 -3.9814 -3.0297
1 0 1 0 68.17 -9.2278 13.491 -1.7965 7.4887 -0.50093 5.2518 -1.1236 -5.4989 3.2072 -4.7088 -1.741 -6.0967 0.52985
1 0 1 0 67.92 -9.9981 11.011 0.28941 5.9187 1.5877 1.2678 1.1878 -4.2215 3.6016 -8.3973 -1.8325 -4.3087 -0.19605
1 0 1 0 68.845 -11.643 10.666 -1.3578 5.7242 -0.11267 -0.93182 1.4598 -7.4911 -1.3662 -7.6551 -0.37128 -1.3341 -1.4838
1 0 1 0 67.932 -9.3603 10.917 0.51043 4.3909 -0.84533 -0.46558 3.4658 -7.7304 3.7331 -9.1586 6.2634 -2.684 -4.1357
1 0 1 0 69.955 -10.345 12.348 -0.1012 8.1874 -0.13011 2.1779 2.5827 -3.3981 1.71 -6.836 0.035102 -8.2722 -5.9912
1 0 1 0 67.19 -9.9283 11.883 0.52914 12.477 1.8497 3.7404 -2.7929 -8.7618 1.8596 -5.8096 -0.76962 -5.3538 0.1195
1 0 1 0 69.439 -8.5825 12.619 0.50735 8.1197 0.21561 -0.90502 -2.2608 -2.8408 0.65566 -3.1194 -0.40086 -4.2178 0.42332
1 0 1 0 67.862 -9.9584 13.977 -2.4134 8.5794 -5.2471 -1.71 -0.083409 -3.5136 3.8937 -5.9039 -1.6142 -3.4181 -1.8961
1 0 1 0 68.756 -10.404 14.453 0.45113 4.7669 0.71003 -0.94808 1.5044 -0.83793 3.84 -4.7067 -1.4572 -5.3208 -0.35613
1 0 1 0 68.847 -9.4051 12.728 0.0099385 4.7332 -1.861 -3.8236 -2.9309 -3.4635 1.5267 -2.3022 2.0317 -4.3665 -2.2623
1 0 1 0 68.003 -8.804 11.613 -0.69572 8.9179 -0.85922 1.5959 0.71866 -3.1786 1.2685 -1.567 0.65946 -5.4936 0.32396
1 0 1 0 68.974 -9.3517 11.943 1.3165 6.7686 -2.139 0.36331 0.99013 -1.3037 -1.985 -6.2246 1.6284 -2.9691 -1.0082
1 0 1 0 68.44 -10.057 15.552 -0.64609 7.2324 4.3103 -1.0523 -0.29785 -5.8586 3.0068 -5.3659 1.0441 -2.1455 -2.3579
1 0 1 0 69.42 -9.2074 13.332 -1.1634 9.8199 -0.53198 1.4093 1.7654 -3.691 0.64896 -8.3061 3.899 -1.9608 1.9461
1 0 1 0 68.559 -9.3097 11.895 2.1448 7.9356 0.2024 1.1855 -0.97369 -6.4865 -0.46344 -5.1215 -0.56762 -3.5359 -2.1974
1 0 1 0 67.553 -7.1778 13.39 0.23865 10.321 -0.92828 0.99832 2.9251 -4.1009 4.3878 -5.5052 -0.29036 -2.3448 -1.0833
1 0 1 0 69.207 -9.1247 15.242 0.56016 9.0672 2.4456 -0.26006 4.1668 -2.027 -1.0519 -4.5638 -3.0268 -6.2652 0.51131
1 0 1 0 69.895 -9.2458 15.404 -1.2932 13.293 -1.2497 -0.60569 2.5173 0.24206 -0.56638 -5.4753 1.7214 -4.9272 -1.1794
1 0 1 0 69.909 -9.1097 15.697 1.929 5.8131 0.57954 -4.0118 3.2183 -4.802 -4.3154 -5.0204 -4.9205 -2.2373 -1.2019
1 0 1 0 67.675 -7.2174 15.464 0.067121 8.8175 -2.2233 -1.1369 0.40128 -3.6854 2.9253 -6.2956 0.51846 -9.519 0.30543
1 0 1 0 68.395 -6.6494 14.724 -0.28991 9.8781 0.3473 0.12682 -1.4106 -3.8996 -0.21344 -4.6093 3.2761 -3.7203 -0.62649
1 0 1 0 69.071 -8.8061 15.68 0.43256 11.665 -0.51964 0.19814 -2.9961 -6.1738 -0.72919 -4.6398 0.28965 -3.3526 -0.22639
1 0 1 0 68.927 -7.1298 15.16 0.34818 11.656 0.7322 1.8023 -0.27045 -5.6907 -1.1927 -6.3736 1.0331 -5.427 0.31117
1 0 1 0 69.812 -8.7463 13.492 0.34806 7.4331 -0.010717 0.88862 0.27497 -4.4595 -5.7605 -4.8911 -0.67698 -3.937 1.3789
1 0 1 0 68.633 -7.6628 13.3 0.5696 9.9965 0.56835 -1.4121 6.9281 -5.2875 2.2683 -6.2365 -2.1669 -3.9791 -3.745
1 0 1 0 69.076 -7.3497 12.797 2.8096 12.43 -0.69443 5.3342 -0.22145 -1.4727 0.078907 -1.6503 -2.4186 -3.3584 -0.22182
1 0 1 0 69.566 -9.3447 12.141 -0.93492 11.029 -0.42359 2.7402 2.254 -1.8839 -4.0393 -3.4449 -2.0569 -5.2046 -0.44623
1 0 1 0 69.325 -9.1334 13.341 -1.5317 8.6675 2.0454 2.4421 5.86 -2.9479 -0.2668 -6.0846 -2.979 -7.1795 -0.54284
1 0 1 0 68.774 -7.3204 14.833 0.94041 10.51 2.904 -1.9745 3.6097 -3.7797 0.95683 -6.5592 -5.179 -5.6589 -4.7771
1 0 1 0 68.855 -8.2391 12.642 -0.091996 9.9463 2.2789 4.6537 3.523 -4.5435 -0.84868 -7.6729 1.2384 -2.6722 -1.3072
1 0 1 0 67.75 -7.7863 13.179 1.2601 11.456 -0.21771 3.2666 1.3963 -2.304 1.8883 -3.9634 2.8767 -5.1069 1.39
1 0 1 0 68.398 -10.616 16.15 -2.3596 9.2946 0.93001 -0.18639 0.94059 -5.3546 5.6975 -9.4266 1.9698 -5.3131 0.23257
1 0 1 0 68.654 -9.882 14.508 0.33291 9.8913 2.0342 -2.4141 1.6388 -8.2273 -0.19412 -4.1095 -1.7402 -0.9215 -0.94855
1 0 1 0 68.36 -10.187 14.812 0.60803 7.9684 2.3184 1.3051 2.2703 -1.1578 3.365 -5.4116 3.6867 -3.4802 0.26155
1 0 1 0 68.704 -9.2107 11.127 -0.49053 10.082 1.7183 3.6688 1.0331 -2.0115 1.9138 -5.7577 0.69401 -4.7288 -2.2981
1 0 1 0 68.265 -9.9306 12.991 -4.302 4.8469 -0.92722 -2.0654 1.4948 -2.7513 1.3753 -8.5674 -0.80395 -5.6264 -1.7302
1 0 1 0 66.86 -8.5566 13.821 -0.67392 9.055 -1.2879 1.9925 -0.10476 -0.81888 4.9678 -5.1586 2.0131 -4.1041 0.047012
1 0 1 0 66.523 -8.6471 13.735 -0.11744 8.9766 -2.215 2.6381 0.21091 0.36721 5.7872 -5.3114 0.91075 -4.2307 0.085294
1 0 1 0 67.376 -9.611 14.915 -3.3166 8.151 -3.0074 1.2872 1.2434 -1.8482 0.70315 -5.1777 -0.97885 -4.3445 1.7711
1 0 1 0 69.922 -11.001 8.9159 1.6916 8.553 5.3728 -0.37339 4.4664 -2.83 2.1822 -0.87684 1.833 -3.4897 -0.63422
1 0 1 0 69.776 -10.514 9.4597 1.1166 8.1441 4.3183 -0.5895 4.0802 -3.789 1.9789 -2.5029 1.7232 -3.1546 -0.15237
1 0 1 0 67.324 -8.9093 15.526 0.80918 6.6009 0.42679 2.5062 2.5885 -2.8912 0.83726 -3.2002 2.9888 -2.6849 -0.84463
1 0 1 0 68.983 -9.2288 13.054 -1.1649 6.8294 -0.26041 -0.13454 -0.40535 -2.189 0.020565 -3.5069 0.5005 -4.3786 0.93349
1 0 1 0 69.3 -9.8047 12.262 -2.8656 7.4842 -0.00030787 -1.5101 1.4359 -5.2418 1.2371 -4.1015 -0.78794 -2.7839 -1.5678
1 0 1 0 68.729 -9.6848 12.716 0.47858 9.2513 -2.1565 0.77186 -0.67385 -1.4698 3.1643 -2.1141 3.5833 -4.5078 -1.1236
1 0 1 0 68.406 -10.049 13.588 -0.65116 12.966 -1.816 2.5763 -2.0207 -0.40079 2.3028 -7.6974 -3.2517 -5.2288 -1.0395
1 0 1 0 68.471 -10.096 12.544 -1.9978 11.387 0.83419 4.713 0.33728 -1.4999 -1.9339 -7.5906 -2.3497 -5.8638 -0.96832
1 0 1 0 69.316 -8.4785 12.966 1.3888 8.5216 3.677 1.108 5.9506 -6.3401 0.43401 -4.7503 0.32813 0.84443 -3.7847
1 0 1 0 69.383 -8.2919 13.144 2.1349 7.1872 3.8487 -1.7946 4.718 -5.6746 0.2846 -3.5968 -2.4615 -3.1684 -3.3839
1 0 1 0 67.732 -8.4791 15.263 -0.73122 10.852 0.072796 2.8774 -0.093396 -2.0479 -1.4731 -3.7756 -2.1445 -4.6442 1.7664
1 0 1 0 69.305 -8.5821 11.797 -1.4552 10.46 -0.074658 3.0349 4.1334 -3.6819 6.5949 -5.5262 1.6987 -8.2229 -0.95267
1 0 1 0 67.015 -8.5121 13.057 0.0087925 12.046 -2.5844 4.233 -2.1804 -3.6135 2.1941 -5.1962 -0.78887 -5.654 0.40808
1 0 1 0 68.907 -8.4747 14.107 0.68099 8.3857 5.5114 2.8584 2.5043 -5.1935 0.98704 -9.9757 -1.0866 0.97689 1.4462
1 0 1 0 68.587 -7.7123 16.782 1.7074 7.5083 0.87952 4.762 6.0901 -6.8994 3.1521 -6.5448 0.089528 -2.1817 -1.77
1 0 1 0 68.284 -8.1974 15.41 -0.10526 7.9521 -1.9685 -0.42014 5.6266 -2.1138 3.6674 -8.6409 2.6652 -7.0539 -2.8435
1 0 1 0 68.67 -8.6246 10.684 2.514 6.9879 3.0713 1.8494 -0.87318 -1.9966 -3.225 -5.3967 -0.46665 -1.3676 2.7912
1 0 1 0 69.262 -8.5418 15.879 -0.2333 11.123 -1.9875 1.3802 2.0106 -3.3851 5.852 -3.6219 -0.5659 -3.4551 -5.3778
1 0 1 0 69.26 -9.8394 13.406 3.8144 11.108 2.2156 0.72493 -2.5542 -3.3528 4.1249 -3.4992 2.4773 -5.4984 0.8416
1 0 1 0 68.942 -8.4105 16.989 -0.1456 9.0422 -0.042701 -0.7364 3.0576 -5.1032 -1.2398 -0.53946 -1.5972 -3.7624 -1.0162
1 0 1 0 69.272 -9.5154 13.559 -0.27328 6.4457 -0.068552 -2.6783 -0.53792 -0.76197 1.2269 -3.9107 -1.0116 -5.7735 -1.9115
1 0 1 0 68.202 -7.227 16.432 0.87664 11.929 -1.6451 5.2393 -3.4792 -1.9866 1.06 -9.2369 0.11251 -5.0173 -2.3048
1 0 1 0 68.89 -9.9063 14.603 -0.34139 10.411 -1.2634 7.7369 -0.0028927 -3.9702 -0.95486 -7.0946 4.7267 -6.8248 1.4994
1 0 1 0 69.277 -10.609 13.134 -0.083614 9.9858 -1.0125 3.945 0.25227 -1.7828 1.2998 -2.0687 1.0119 -3.2773 1.8044
1 0 1 0 68.684 -8.0682 16.714 0.14217 11.487 -3.5437 7.0491 0.66716 -5.2868 -2.5238 -2.3984 3.256 -7.4874 -4.0733
1 0 1 0 68.061 -8.8534 15.432 0.17385 15.249 0.81989 2.0841 0.25784 -2.5313 1.0396 -2.3939 -3.0536 -4.5091 -1.4348
1 0 1 0 68.955 -7.6556 14.037 2.3741 11.185 3.4115 2.1513 1.6558 -9.5146 -2.5333 -3.7285 -0.52569 -6.832 0.14159
1 0 1 0 69.104 -7.7429 13.593 2.4379 10.977 4.4418 2.1759 1.2782 -9.8586 -2.3396 -3.9385 -0.62523 -6.8381 0.92697
1 0 1 0 68.943 -7.889 15.374 1.1518 10.93 2.6593 -1.6645 -0.27015 -8.8863 2.8536 -7.1914 -2.1315 -5.9716 -1.7563
1 0 1 0 69.358 -8.1899 15.163 1.9388 10.512 1.5023 -2.2037 -0.28431 -9.7544 5.1048 -6.7626 -2.7099 -4.5715 -1.9402
1 0 1 0 68.965 -7.0426 13.161 -1.2013 8.8325 1.4903 0.21756 0.41265 -6.2434 -3.8884 -6.8405 -3.9916 -4.0575 1.3466
1 0 1 0 68.449 -6.9269 15.978 3.3777 13.738 0.64801 2.5408 1.4478 -8.3004 0.3559 -11.009 4.7492 -1.1955 0.4225
1 0 1 0 69.28 -6.8338 14.7 1.2485 10.826 -1.639 4.2633 -4.6984 -4.5725 -1.0765 -2.9715 5.3581 -3.1923 1.5074
1 0 1 0 69.039 -8.0263 14.786 -0.92427 11.849 -2.9814 1.2105 -3.9604 -6.4967 -1.1044 -6.8432 0.13045 -6.7597 1.4644
1 0 1 0 68.773 -7.9542 17.423 1.2789 10.977 2.8377 -1.5737 -1.9209 -7.9587 -3.3736 -9.8318 -0.54706 -5.6906 -3.5262
1 0 1 0 69.949 -9.3559 12.511 1.3978 10.544 3.1006 -1.2374 -1.9735 -6.8037 -0.99355 -1.2915 0.24324 0.79475 0.10813
1 0 1 0 69.949 -7.7033 14.256 1.7575 8.5766 2.4268 1.0511 1.0363 -4.346 0.21208 -5.8768 -3.4612 -3.2432 -0.65068
1 0 1 0 70.837 -7.3186 13.489 -0.64137 9.9825 3.9327 2.3033 4.7802 -4.3077 0.14737 -6.6604 2.6269 -5.7878 -1.9807
1 0 1 0 69.85 -8.8357 14.84 2.0383 9.2823 -1.4151 4.4669 -4.5745 -1.9353 -0.056356 -0.32666 -0.7234 -7.5405 0.72668
1 0 1 0 68.457 -8.513 15.073 0.0055003 9.6219 3.3744 -1.8068 7.256 -6.0568 0.26973 -2.8858 -1.9745 -3.1065 -0.95278
1 0 1 0 67.776 -6.9421 12.471 1.8206 11.222 0.60691 4.2302 1.3501 0.24306 1.4312 -2.5601 0.58515 -5.5516 -1.6924
1 0 1 0 69.451 -8.5544 10.779 -1.0164 9.6881 0.57585 5.8876 2.0922 -7.9858 2.4203 2.8386 1.3985 -1.18 1.0519
1 0 1 0 67.141 -8.8826 13.606 0.46033 9.2511 0.041182 1.4234 1.4524 -3.3034 3.1717 1.1431 -1.927 -1.8383 0.60792
1 0 1 0 67.208 -8.8447 14.324 1.1136 9.5346 0.050471 1.218 1.8403 -3.1645 2.5122 0.15658 -1.6301 -0.60861 0.99328
1 0 1 0 69.197 -9.2422 13.872 -0.54983 8.9925 2.0359 3.3626 3.8446 -3.4107 0.87908 -7.211 3.6169 -6.2071 0.67332
1 0 1 0 68.896 -8.3488 11.726 -0.32288 9.8535 3.3858 0.33561 5.0063 -3.5258 5.5275 -4.4201 -1.4244 -5.7058 -0.46175
1 0 1 0 69.277 -8.8238 12.622 -0.77416 10.449 2.5308 -1.5472 4.1363 -4.1436 4.0994 -3.5474 -2.7322 -2.1506 -1.7286
1 0 1 0 68.159 -8.2275 14.13 0.55412 11.692 -1.8933 6.6369 0.1429 2.3488 2.0283 -4.4382 1.4599 -3.7362 0.76649
1 0 1 0 68.418 -9.8744 13.809 0.57236 8.4136 -0.58201 2.3 4.2871 -9.2578 -3.5455 -2.058 2.1526 -4.3671 -2.6591
1 0 1 0 67.812 -9.2169 14.319 1.3486 6.6102 4.8075 0.11516 6.2482 -4.997 3.1134 -0.61585 -0.37916 -7.3689 -2.6706
1 0 1 0 69.502 -9.3876 10.02 -0.56335 8.6099 -1.2167 2.3222 2.4839 -0.71921 -0.61206 -3.9033 -3.2444 -6.1352 0.47232
1 0 1 0 68.221 -8.2519 12.569 -0.29095 10.595 -2.075 7.3638 -0.75007 -2.3103 3.0577 -7.9368 0.8828 -6.6814 2.3695
1 0 1 0 68.518 -9.2892 13.861 0.0054841 6.3642 3.2368 1.8211 8.923 -6.1102 1.4421 -4.5998 -2.7156 -2.295 -0.98422
1 0 1 0 67.476 -8.3461 13.597 -0.14971 11.014 -2.4806 3.7341 -5.0079 -3.2872 2.9714 -9.1059 3.8776 -6.2091 5.687
1 0 1 0 68.214 -7.3645 14.244 1.2324 6.7896 -0.7192 -1.972 0.23787 -3.8992 -0.25724 -6.6865 -1.2999 -5.4609 0.86636
1 0 1 0 68.252 -7.2184 13.518 -2.7524 10.045 -1.2955 7.2474 -4.804 -7.341 2.2892 -8.5973 3.0329 -8.6627 1.988
1 0 1 0 68.478 -8.8341 14.547 -3.517 9.2124 0.96803 0.72359 2.3776 -6.2854 -1.8854 -9.5383 0.75267 -6.2208 -2.3771
1 0 1 0 68.38 -9.5071 14.772 1.113 10.216 -3.2827 2.6224 -3.1754 -3.2421 2.0226 -2.0142 1.2457 -12.075 -1.9232
1 0 1 0 68.576 -7.066 14.79 2.6204 10.493 4.2943 2.0126 1.372 -3.5647 0.60631 -3.444 2.8405 0.092278 -3.2719
1 0 1 0 67.966 -7.233 16.176 0.47343 12.576 2.5457 3.9051 2.7858 -5.5071 2.4733 -7.3472 4.3319 -6.6098 1.0132
1 0 1 0 67.739 -6.9727 13.05 3.201 9.7517 -0.37623 3.785 4.7487 -3.243 3.6855 -6.0532 2.7618 -4.0984 2.0271
1 0 1 0 68.22 -5.9559 12.884 0.99834 10.767 -1.9838 4.2203 3.1656 -5.0356 3.776 -5.8644 -0.0915 -4.0309 0.93204
1 0 1 0 68.291 -6.6315 14.248 -1.2162 9.4478 -3.1388 -1.4568 0.8731 -3.3028 -3.0818 -3.8692 -1.2144 -0.40135 -0.60815
1 0 1 0 68.539 -7.7515 14.919 2.4551 11.702 1.6415 6.4873 -2.8002 -3.9627 2.682 -10.77 -0.92191 -4.1872 3.8101
1 0 1 0 68.581 -8.3869 13.687 0.30951 8.636 0.15444 -2.2485 3.8886 -4.6103 0.26271 -7.0313 -1.9228 -0.21128 -5.7893
1 0 1 0 67.91 -6.8891 15.554 1.2009 10.462 -1.8303 2.0021 2.122 -9.6614 -0.43149 -8.8909 0.72142 -9.2626 -0.047651
1 0 1 0 69.052 -6.7911 15.54 1.0126 8.1023 0.65791 1.2798 1.2447 -6.0117 0.89504 -6.8378 -0.38692 -6.3604 4.6846
1 0 1 0 68.112 -7.1949 14.637 -0.48995 13.967 0.014232 6.4563 4.0424 -3.4065 2.2997 -10.778 4.4678 -13.259 -0.39737
1 0 1 0 68.133 -6.0488 13.559 -0.4003 7.7495 2.7562 0.51682 -0.58514 -1.1123 2.6386 -5.4132 -3.4373 -4.4234 -1.8024
1 0 1 0 68.261 -7.4694 15.686 -0.46161 10.422 -1.8445 2.6743 1.66 -2.9498 2.2415 -5.9552 4.9286 -3.3623 1.1872
1 0 1 0 68.257 -6.765 17.45 -1.726 9.107 -1.3494 5.1822 -0.91332 -6.5251 3.3376 -8.2495 0.82995 -8.6139 -2.1938
1 0 1 0 67.776 -6.7968 14.738 -1.7363 10.922 -3.9517 3.6435 1.13 -7.5574 5.3883 -9.2654 3.5336 -8.0591 -0.10782
1 0 1 0 68.885 -8.9086 15.466 -1.8588 7.0577 -0.78676 2.232 2.3666 -3.6002 0.90773 -7.6041 -1.1071 -4.9355 0.54063
1 0 1 0 68.364 -7.4001 15.094 -1.4343 10.16 -4.8597 2.3163 -1.0283 -5.9269 0.51536 -12.27 2.3063 -3.6711 -1.8501
1 0 1 0 68.515 -6.8773 16.566 -0.39774 11.09 -2.0579 -0.90528 1.2007 -11.221 0.05315 -10.248 -3.5187 -4.2727 0.21303
1 0 1 0 68.617 -6.8537 13.366 -0.73461 10.202 -1.9261 5.3114 -2.0674 -6.5273 3.5196 -10.339 1.8592 -9.5733 1.7921
1 0 1 0 68.778 -8.1462 13.595 -2.0962 7.474 0.29286 -0.89502 -0.41657 -7.961 0.38298 -7.4828 5.2663 -5.9915 0.79676
1 0 1 0 68.181 -9.0726 13.839 0.67812 8.4889 -0.90615 2.3593 4.197 -6.7135 1.3697 -10.002 1.373 -6.1024 1.8001
1 0 1 0 67.918 -7.7277 14.509 -0.56274 9.355 -0.25783 2.1412 0.43802 -9.1617 3.788 -6.2525 1.9219 -5.9146 3.2768
1 0 1 0 68.844 -8.8444 14.272 0.86811 8.8443 -0.61952 0.69168 3.2265 -2.9289 4.256 -7.008 4.0493 -3.5042 -0.55325
1 0 1 0 67.602 -7.9855 14.808 -1.1891 9.3153 -2.4124 5.4377 2.02 1.9569 3.7072 -12.235 4.9888 -6.6291 6.5264
1 0 1 0 68.643 -7.0206 13.364 0.33183 8.7657 -2.2 3.4903 1.7792 -5.1138 7.7617 -7.7604 2.8044 -9.7797 0.93166
1 0 1 0 68.738 -8.3952 15.665 1.0731 8.2305 1.0628 -0.5738 3.4679 -3.1735 1.7698 -3.0514 0.01195 -7.121 -1.7431
1 0 1 0 67.76 -7.129 13.873 0.95861 11.827 -0.99151 3.0648 -0.51321 -6.2325 -0.48599 -2.8776 1.0479 -3.8749 0.8171
1 0 1 0 68.948 -7.3718 14.226 2.1825 6.2158 -0.3165 0.27429 2.3363 -3.2931 2.6908 -5.7755 1.2482 -4.4469 -3.6866
1 0 1 0 68.144 -6.0498 13.608 2.2617 9.178 0.60889 1.6332 -2.0608 -3.8358 0.75828 -8.2286 -1.6097 -7.1744 -2.8451
1 0 1 0 68.427 -7.4479 15.175 -0.95992 9.2144 2.3488 -0.8596 0.45529 -3.088 -3.3364 -7.2527 -0.37059 -5.7315 -3.0648
1 0 1 0 67.975 -7.8942 11.51 2.0653 6.3177 2.6047 2.6161 2.0442 -4.8155 0.58171 -10.856 0.29541 -8.0984 -1.4543
1 0 1 0 68.265 -6.899 12.244 0.12256 8.6498 0.23417 5.7263 -0.77515 -3.4652 1.4234 -6.0918 0.78886 -5.0894 -0.83284
1 0 1 0 68.098 -9.4906 14.68 -0.44259 8.9853 2.2439 -0.95643 1.7924 -5.8928 3.6778 -1.2879 -1.4752 -1.7635 0.35076
1 0 1 0 67.722 -7.4416 9.8694 0.47086 8.3428 -0.43455 4.2214 1.8348 -1.1791 0.8839 -2.3005 3.5103 -1.7368 2.9989
1 0 1 0 68.168 -8.7088 12.816 1.4785 8.6089 0.63983 -0.0059938 4.3321 0.48675 1.5524 -2.7098 1.7891 -3.4159 -0.23775
1 0 1 0 68.354 -9.7537 13.088 4.504 8.1526 3.8401 0.65171 3.3841 -4.6783 -3.2223 -2.5069 -1.5776 -3.8858 2.3615
1 0 1 0 66.941 -7.8781 12.6 3.7393 8.3793 -2.7151 2.1243 -1.0687 -2.8829 0.18177 -4.9992 0.15525 -7.1474 -1.4151
1 0 1 0 67.964 -7.4936 11.209 -0.42584 8.3412 -1.8136 -0.37304 -4.5203 -4.8565 -0.17892 -1.618 -0.44507 -4.5416 -1.2091
1 0 1 0 67.961 -6.5958 11.661 -0.77439 8.7833 -0.48775 1.735 0.25221 -5.739 1.7837 -3.8846 0.81648 -6.8488 -3.7486
1 0 1 0 67.733 -6.4821 11.645 -1.5372 8.3222 -0.37219 0.15282 0.65571 -5.4562 1.514 -5.7138 -0.96994 -6.4027 -1.9506
1 0 1 0 67.787 -6.5043 10.958 -0.81908 9.2874 -3.2001 1.433 1.4695 -9.7261 -0.078295 -8.279 -1.242 -5.0754 0.94596
1 0 1 0 68.773 -9.0648 11.825 0.48729 9.234 -3.4318 1.7748 2.8428 -3.8351 3.0178 -6.8214 -1.111 -4.0677 -3.9577
1 0 1 0 68.861 -8.6876 14.435 0.40913 9.5649 -0.82983 -0.52056 3.5707 -7.6042 1.1401 -7.2027 -1.9193 -3.7376 -2.3167
1 0 1 0 67.97 -7.8964 12.229 1.7993 7.0856 -0.5364 1.3397 -1.0492 -1.7416 -4.1996 -4.8568 -3.1841 -4.6903 0.33445
1 0 1 0 68.146 -8.7155 11.755 1.1294 7.3807 -5.4071 0.79119 -1.1817 -2.8246 -1.9761 -4.3465 0.48862 -6.8649 0.11166
1 0 1 0 68.711 -8.0539 11.828 1.902 5.669 -3.083 -2.2465 1.6786 -3.8057 0.11649 -3.2832 -0.95288 -2.6907 -2.5025
1 0 1 0 68.539 -8.3632 12.143 1.0754 7.2194 -1.6675 4.895 2.8709 -6.2852 0.43618 -7.3553 -0.41272 -2.6322 -1.5484
1 0 1 0 67.902 -8.3365 11.341 -1.3823 7.7396 -3.2897 -2.0423 -3.7532 -4.4489 0.89353 -1.4709 0.092468 -8.0919 -3.4659
1 0 1 0 67.946 -9.6681 11.519 -0.83233 3.6664 0.00058869 0.032906 -0.7967 -3.3172 2.4938 -3.6114 0.24819 -6.905 -2.9285
1 0 1 0 67.921 -8.1803 11.033 -1.4433 6.9959 0.75449 2.7449 2.4496 -2.336 1.8859 -6.3642 -2.1246 -5.5754 0.70313
1 0 1 0 68.074 -10.71 13.54 0.3352 7.9142 -0.15291 -0.518 0.79498 -3.4068 -1.0966 -3.8293 -1.7359 -4.059 -0.20101
1 0 1 0 68.399 -8.8844 11.472 -1.3347 8.0952 1.6552 3.8013 4.4808 -1.6811 1.3765 -6.4786 0.44652 -3.7655 -2.1145
1 0 1 0 67.536 -8.9248 10.693 1.2452 8.0402 3.1653 1.6638 -0.33287 -1.2853 -0.67815 -8.5743 -0.084997 -4.8697 -0.16794
1 0 1 0 67.665 -7.9875 10.786 0.18145 5.6684 -0.5211 -1.6247 1.327 -4.2275 -1.1138 -9.3309 0.66114 -3.877 0.79731
1 0 1 0 68.706 -7.6061 11.543 -1.2696 9.375 2.148 4.1102 2.5221 -6.037 1.0668 -0.79563 0.43222 -5.5535 2.8616
1 0 1 0 66.737 -7.6607 12.355 -0.62497 7.9537 3.6031 2.0577 3.3784 -6.8843 2.3788 -6.7672 2.2319 -4.1726 -1.2053
1 0 1 0 68.01 -8.739 13.626 2.8723 9.0218 3.1209 0.97892 2.5401 -2.4392 2.0896 1.5639 2.8522 0.52198 -0.65942
1 0 1 0 69.039 -7.8723 12.993 1.2328 5.5451 2.4135 -0.87309 0.19013 -2.5995 0.054364 -4.1021 0.31097 -4.6755 -0.94279
1 0 1 0 68.135 -7.8986 11.952 0.88289 7.267 -2.071 3.7909 -1.2724 -1.215 -2.5092 -6.2102 2.3869 -6.555 -1.5022
1 0 1 0 68.426 -6.5213 11.804 2.389 7.105 -1.2472 2.05 -3.0639 -2.1633 2.4149 -4.1448 -0.55078 -6.6863 -0.76206
1 0 1 0 67.669 -7.883 12.921 0.9111 5.0829 0.54203 1.6029 1.7296 -3.2196 1.4681 -2.6206 0.5633 -5.9903 0.74343
1 0 1 0 67.696 -5.9254 11.097 0.84786 6.0666 -1.854 5.0974 -0.2951 -1.5272 5.5119 -7.2794 1.7671 -7.2059 1.4817
1 0 1 0 68.684 -7.0493 12.096 -1.0002 5.3331 1.5195 3.62 2.831 -2.2811 -0.45105 -4.0024 1.3984 -5.0723 0.76753
1 0 1 0 68.278 -5.9819 11.545 0.28038 6.5297 -4.1804 3.4684 0.0406 -1.089 2.3115 -6.8597 5.3193 -4.1523 -2.1692
1 0 1 0 68.593 -7.5298 13.381 1.3049 7.3759 0.85702 -2.0867 1.3992 -4.7491 0.66776 -5.6241 -2.2737 -2.1161 1.3172
1 0 1 0 67.464 -7.5769 13.245 1.8285 4.7372 -2.7974 2.3863 -0.85004 -1.2916 -3.8108 -8.8505 3.1392 -4.545 2.5624
1 0 1 0 68.038 -9.508 11.747 5.0639 2.8202 0.9999 3.2506 -1.4028 0.99356 -0.17364 -7.619 2.4403 -7.9055 -0.12346
1 0 1 0 67.466 -6.0213 11.832 -3.5217 7.5161 0.78578 2.8191 -1.9705 -1.8837 1.9145 -7.9607 -0.2272 -3.7249 3.3028
1 0 1 0 68.252 -7.8453 11.557 -2.3895 1.2753 -1.0092 0.40573 0.24276 -1.4123 1.363 -4.8409 0.4272 -2.8758 -1.0291
