1 0 1 0 56.159 -7.5499 1.9028 -1.2768 -3.7977 2.4489 -4.5381 6.0975 2.2508 -0.71483 2.349 -4.2697 4.0889 -1.5726
1 0 1 0 56.173 -7.1774 0.38833 -3.3158 0.20614 3.2958 -1.6883 3.1515 -2.3753 -0.20697 3.286 -2.7521 3.0078 -0.80639
1 0 1 0 55.969 -6.9076 0.19928 -3.5347 0.14678 1.6127 -0.33039 2.2768 -3.7266 -0.29421 2.1703 1.4025 1.708 -1.8407
1 0 1 0 55.801 -7.0869 0.96145 -1.6106 1.4306 0.7613 -4.533 0.60761 -3.4243 4.1344 4.1254 -3.1735 2.0359 -1.9886
1 0 1 0 56.117 -6.3584 1.6969 -1.1575 1.4606 2.3523 -3.8399 0.56133 -3.9297 3.5375 3.6042 -4.0666 3.7934 -1.2142
1 0 1 0 56.484 -6.3287 1.4629 -1.1213 1.006 2.0059 -2.9329 0.75681 -3.4607 2.7111 2.4561 -2.9027 3.0869 -1.4634
1 0 1 0 55.94 -7.3914 1.4776 -1.782 0.52443 2.8187 -3.3305 2.9706 -4.2708 -2.019 3.5211 -0.52745 2.4743 -3.4701
1 0 1 0 55.622 -7.9565 0.72254 -2.7505 -0.054846 2.185 -3.0848 4.9182 0.6265 2.0764 2.457 4.6436 4.5234 -0.29454
1 0 1 0 56.152 -7.3927 0.5676 -1.2172 0.8369 1.2036 -0.14954 2.3895 -0.95257 0.79254 2.0968 -0.74788 3.02 -0.97153
1 0 1 0 56.073 -7.3748 0.69154 -1.8807 -1.3713 3.301 -1.8534 3.9396 1.4775 1.6988 -2.1893 -2.5572 0.41892 -2.4283
1 0 1 0 56.118 -7.8883 2.0112 -2.8031 0.28079 1.2887 -2.8027 5.4457 0.67904 2.3414 -0.45752 -0.42467 -1.15 -1.2813
1 0 1 0 56.443 -8.2578 1.4362 -2.2826 -0.29219 2.937 -3.1814 5.9964 -5.8862 1.4623 1.607 -3.7023 4.4739 -3.0296
1 0 1 0 55.697 -6.8547 1.741 -1.2745 1.1944 2.455 -2.31 1.7998 0.5634 0.38482 3.3086 -1.9201 3.5495 -3.2077
1 0 1 0 56.422 -7.9286 3.0232 -1.702 -0.52502 5.4008 -4.5459 3.1014 -2.1802 1.3415 6.1016 1.4943 6.0589 -3.3315
1 0 1 0 56.134 -6.4864 1.0075 -1.2805 1.5991 0.58587 -3.1135 4.6591 -2.3505 3.7952 1.619 2.8574 0.32069 1.9525
1 0 1 0 55.719 -6.5049 1.117 -2.2489 1.2361 1.1217 -4.4212 4.3815 -2.5851 2.9567 2.3351 1.5622 1.0331 2.5487
1 0 1 0 55.965 -7.221 0.50897 -4.14 0.051441 1.2292 -3.8066 3.7591 -1.7799 0.5453 -0.26966 -0.94726 0.73252 0.17711
1 0 1 0 55.568 -8.1637 0.90064 -3.6884 0.75737 1.6098 0.18226 4.6557 -0.049233 0.077537 1.258 2.3645 1.3841 -0.040779
1 0 1 0 55.869 -7.4641 0.81706 -2.9053 1.6965 1.9457 -0.88791 3.4764 -1.1798 0.84455 0.9749 0.95773 2.2184 -0.50899
1 0 1 0 56.472 -7.0762 2.0815 -2.0793 0.93965 2.6133 -0.81387 1.6904 -2.1188 1.5494 2.6931 -4.1634 1.7684 -2.6639
1 0 1 0 56.228 -6.855 1.2458 -3.2065 0.54626 1.9792 -1.3888 3.2473 -1.3383 2.4263 2.1369 -2.1908 2.6565 -0.52666
1 0 1 0 55.798 -6.9895 1.0387 -3.2937 1.1076 1.9538 -1.9783 4.5049 -0.77913 3.6717 1.4668 -1.8434 2.3168 -0.15232
1 0 1 0 55.608 -7.489 1.6059 -2.2273 2.3536 2.9175 -1.2869 5.0346 -1.1073 3.0521 0.43686 -2.5875 0.26923 -2.0563
1 0 1 0 55.709 -7.2944 1.9597 -2.0713 2.0837 3.0847 -0.88525 5.2673 -1.0449 2.6763 0.5253 -2.1978 0.334 -2.0501
1 0 1 0 56.177 -6.8961 3.0562 -1.3408 0.58697 1.6076 0.1667 4.6801 0.33674 3.7513 1.456 -1.8474 1.9471 -2.0022
1 0 1 0 55.757 -7.3587 2.3541 -1.3426 0.046353 2.5712 1.6722 5.6062 -1.9311 0.61087 0.40018 0.21713 3.238 -0.58967
1 0 1 0 55.48 -7.4072 1.6833 -0.73215 1.0127 2.3745 -0.2123 5.8613 -3.1883 -1.9456 -0.09615 0.80447 1.9709 0.94413
1 0 1 0 55.692 -7.6001 1.2496 -1.3017 0.058875 1.3299 -1.6947 2.8138 -1.3665 -0.25655 1.3282 1.4906 1.594 -0.68689
1 0 1 0 55.526 -7.7412 2.5876 -0.84395 1.9834 2.8064 -2.6107 2.4938 -3.759 2.262 4.4143 1.1565 1.236 0.72036
1 0 1 0 55.971 -7.5637 1.7062 -0.21148 -0.039986 1.0202 -1.6005 1.7493 -2.5897 -1.2887 1.7676 -0.34765 1.4513 -1.0705
1 0 1 0 55.804 -7.6913 1.3273 -0.16254 -0.61347 0.28039 -2.5311 2.7747 -2.3805 0.55921 2.8382 -2.2867 0.98788 -1.0801
1 0 1 0 55.897 -7.9259 2.4617 -2.0723 0.67279 3.1163 -1.1873 6.1154 -0.43892 2.3372 -0.39787 1.3331 -1.5419 -1.5907
1 0 1 0 56.001 -7.1953 2.2574 -1.0157 0.10395 1.9269 -1.3291 2.3856 -3.3733 3.46 1.4916 1.003 2.0678 -2.1501
1 0 1 0 55.716 -7.2189 2.9891 -1.2769 0.61627 2.1425 -1.3357 3.409 -3.5715 5.9402 0.99316 -1.4293 3.1116 -0.99025
1 0 1 0 56.195 -6.8729 2.4537 -0.92661 0.94247 0.90671 -2.9449 2.7065 -2.3442 0.5412 0.80656 -2.4329 2.0692 -2.7163
1 0 1 0 55.951 -7.0514 2.7981 -1.2182 1.7444 2.9642 -2.3235 3.6889 -2.3727 -0.099829 0.17044 -3.6786 1.0402 -3.3423
1 0 1 0 55.794 -6.8704 1.3408 -2.5051 -0.19204 3.8003 -2.0922 3.0533 -0.78 0.80034 0.14144 1.6473 2.8687 -1.4979
1 0 1 0 56.02 -6.7942 1.0642 -2.6533 0.26458 1.9987 -2.2896 2.0812 0.26981 1.1135 -0.093141 -0.25425 2.8925 0.68379
1 0 1 0 56.179 -6.4021 0.97822 -2.4354 -0.24635 0.25452 -3.146 0.99253 -0.34602 1.2348 2.2824 0.99236 2.7203 -1.4493
1 0 1 0 56.006 -6.8319 0.90728 -1.6965 -0.77658 2.8385 0.70703 0.19265 -0.73547 -3.2716 -1.3402 -1.1767 4.3804 -1.5166
1 0 1 0 55.646 -7.3458 1.8946 -0.1628 0.23908 1.3592 -0.066311 -0.14668 0.48786 -3.5979 -2.9523 -1.8571 4.5591 -0.21909
1 0 1 0 55.829 -7.3071 0.83516 -0.61512 0.50849 1.8767 -1.0278 0.037805 -1.7246 2.7625 2.8811 -2.361 1.6317 0.20243
1 0 1 0 55.828 -7.2924 1.4932 -1.8012 0.60468 4.1571 -0.80647 5.2665 0.53937 4.1358 1.3593 -1.4574 1.3025 0.29855
1 0 1 0 55.964 -7.1793 1.8718 -1.7055 -0.55772 1.2836 -3.9049 3.4833 -1.8964 5.6479 1.9189 -1.4832 3.1339 -3.3814
1 0 1 0 56.131 -7.1062 2.3945 -0.79162 -0.023251 1.129 -2.8201 2.6949 -2.0524 3.9312 1.2709 1.0874 4.5066 -1.7845
1 0 1 0 55.881 -7.4274 3.0343 -1.5633 0.10731 3.242 -3.0143 2.9524 0.49627 1.0736 1.4576 1.082 6.6105 -1.5177
1 0 1 0 55.666 -7.3401 3.4386 -1.7659 1.4767 0.42114 -4.1319 6.1656 -0.09135 3.9768 0.80877 -0.13797 0.63176 -2.9987
1 0 1 0 56.3 -6.7046 1.423 -1.4681 1.1175 0.92615 -3.14 4.2831 -0.92413 1.6325 1.0395 -1.8483 3.3357 -0.486
1 0 1 0 55.815 -7.8391 1.8585 -2.3462 -0.24542 -1.053 -0.025135 4.0727 -2.0732 0.6771 3.0116 0.75596 1.3025 -0.304
1 0 1 0 57.089 -9.0292 4.7691 -0.072743 0.65487 0.34713 -1.4725 2.144 -6.2406 2.6562 -1.1578 2.9127 -1.5321 -1.0599
1 0 1 0 55.745 -7.7043 1.7272 -1.2486 2.933 0.94825 0.24124 5.7386 -1.2488 2.4481 -3.1174 2.2346 -0.75041 -3.8939
1 0 1 0 55.753 -7.8503 1.2993 -1.3301 2.9451 1.2512 -0.62084 4.7053 -1.349 2.3686 -1.6719 2.0104 0.44721 -3.7117
1 0 1 0 56.045 -7.3718 2.5283 -2.738 -0.4808 3.6794 -1.6938 5.6373 -5.175 0.66231 -0.26111 0.59064 5.0662 -3.0253
1 0 1 0 56.112 -7.2533 2.8842 -2.4522 -0.23035 4.6382 -2.2515 6.6566 -4.9007 -0.88698 -0.082303 -0.28418 5.3918 -3.9961
1 0 1 0 56.347 -7.529 2.3726 -1.3199 -1.1436 3.519 -2.7146 7.2925 -4.8915 -1.2273 3.3713 0.023671 3.7719 -5.427
1 0 1 0 55.581 -6.8312 2.7468 0.14311 2.5735 2.2464 0.0046548 3.2576 -1.7083 -2.7601 -2.4203 2.1124 3.9151 -0.78553
1 0 1 0 55.58 -7.965 3.1002 -0.40669 3.504 2.7254 -1.0928 -0.63369 -4.1172 -1.8623 -1.0698 0.77118 2.6335 0.55004
1 0 1 0 55.801 -7.3852 3.5197 -1.0703 2.6803 2.5381 0.1614 0.1465 -3.4929 -0.42571 -0.014344 2.1141 1.6504 -0.6203
1 0 1 0 56.158 -7.2837 2.1545 -1.0014 1.9542 2.75 -0.089811 1.1138 -2.8595 1.0215 1.5657 0.23094 1.1708 -1.3337
1 0 1 0 55.763 -6.9831 2.0624 -0.22756 1.3606 0.29436 -4.3892 1.726 -1.5557 -0.7929 0.79551 -0.024149 1.9032 -3.1089
1 0 1 0 56.124 -7.3747 2.1365 -0.056885 1.2985 -1.111 -3.7722 4.637 -0.2248 3.8353 -0.14422 -2.5559 -0.33003 -1.7228
1 0 1 0 55.971 -6.7274 2.3221 -0.8676 1.4597 1.9489 -0.99618 3.8027 2.4061 -1.3462 -1.1915 -3.1961 1.5927 -1.3316
1 0 1 0 56.321 -7.3248 1.9715 -0.53702 1.2059 1.4258 -3.695 7.1419 0.54724 -0.28544 -2.3841 2.0312 3.453 -2.8176
1 0 1 0 56.186 -6.618 2.5891 -0.10609 0.66674 1.7285 -3.2711 2.8627 -3.1213 -1.554 -0.93961 -3.8042 2.2281 -4.2848
1 0 1 0 55.899 -6.7833 3.0494 -0.69734 1.7655 -0.33815 2.0742 3.1297 3.7605 0.80023 -2.1171 -3.9737 1.4641 -5.1927
1 0 1 0 56.021 -7.0508 3.5466 -1.08 -0.099344 1.6693 -2.3201 3.8397 -0.071644 -0.33283 8.2218 -3.0514 1.3662 -3.0974
1 0 1 0 55.475 -7.3382 2.5484 -1.793 -0.9485 0.47338 -6.8188 0.73037 -3.8381 2.6937 -1.7047 -0.0044245 1.0569 -1.9371
1 0 1 0 55.874 -7.1819 3.1193 -0.17874 0.97436 2.3124 -4.2374 0.027047 -4.5953 0.23882 -0.22861 -0.12343 3.8726 0.1068
1 0 1 0 56.925 -7.0227 2.1611 -3.2377 1.0684 0.57846 -0.68887 3.163 -0.20851 1.1771 -1.1049 0.35382 3.347 -0.20327
1 0 1 0 56.737 -6.7336 2.4662 -2.5257 1.8384 0.56933 0.21013 3.524 -1.2068 1.3049 -1.5158 0.3742 2.6335 0.25349
1 0 1 0 55.753 -7.5194 1.811 -1.1546 2.0819 2.302 -1.2374 3.596 -2.1354 1.4107 -3.6944 -0.53922 0.71695 -1.6328
1 0 1 0 55.948 -7.0235 2.6277 -2.2636 -1.0959 -0.10434 -0.0070983 4.1629 0.77485 0.64019 -0.42998 -2.0115 2.7053 -3.6568
1 0 1 0 55.305 -8.7516 0.92082 -2.4098 -2.2035 3.9694 -0.84151 3.2757 -3.0846 1.0224 2.9134 -0.40784 4.9103 -3.1091
1 0 1 0 56.094 -7.3499 1.2479 -0.20773 0.13613 0.97088 -1.3319 3.4586 -0.4137 1.4831 0.22795 -1.9937 1.7966 -0.4869
1 0 1 0 55.954 -6.915 1.5171 0.13821 -0.55566 0.85989 -2.2417 2.4276 -3.703 -1.6652 -0.78201 -4.8784 -1.0694 -3.5221
1 0 1 0 55.807 -6.3342 2.1922 -0.35473 0.91188 1.381 -3.4827 0.69838 -4.0688 -2.1932 3.0162 -4.0126 0.63718 -0.18131
1 0 1 0 56.294 -7.4255 1.0851 -0.67564 1.21 0.99782 -1.1667 1.9322 -2.1907 2.5411 -1.9844 -1.7396 1.9142 0.35121
1 0 1 0 56.275 -7.8138 2.3522 0.85606 1.6591 2.0018 -2.4373 4.3771 -0.41034 4.0459 -0.76238 -0.78512 2.6569 0.91722
1 0 1 0 57.248 -7.288 0.92138 -1.9839 1.025 0.41198 -2.4301 3.4665 -1.2227 1.3942 0.0038714 0.60128 2.782 -0.6264
1 0 1 0 57.017 -7.0289 1.4961 -2.6143 0.24646 1.0105 -1.2705 5.7 -1.1609 0.88015 -0.84203 -0.077109 2.3466 -0.62908
1 0 1 0 56.724 -7.5018 2.3856 -4.0636 0.2024 0.94201 -3.7029 4.894 -0.31436 -0.11605 -0.85912 -0.74466 -0.47712 -0.87159
1 0 1 0 56.422 -7.0934 2.0814 -1.5064 1.4903 2.0031 -1.9969 6.1006 -3.461 1.3021 1.4809 -1.0166 2.0768 -4.7952
1 0 1 0 56.366 -7.092 2.0203 -1.6321 1.0519 3.6495 -2.6769 7.8344 -2.0908 0.38072 0.043675 -2.2402 3.9249 -1.4888
1 0 1 0 56.061 -7.6154 0.44257 -2.1579 2.3844 2.4995 0.99266 3.9473 -3.4372 1.962 -1.921 0.34751 2.8751 -0.45099
1 0 1 0 56.594 -6.8199 1.1011 -1.6352 1.3954 1.7012 -1.2057 3.2254 -2.1622 -0.63745 1.2587 -0.86876 2.109 -0.074867
1 0 1 0 56.398 -6.8846 0.42875 -2.4236 0.55385 2.4997 -1.7063 1.0449 -2.0454 2.8568 5.3799 1.0011 4.5055 -1.813
1 0 1 0 56.305 -6.7885 0.48103 -2.4534 0.81502 1.7756 -2.9212 -0.21204 -2.4403 4.0121 3.1098 -0.2522 5.1091 -2.1381
1 0 1 0 56.312 -7.5778 1.1586 -2.7335 2.1154 2.3274 -6.4933 2.6133 -4.0694 1.5547 0.58018 -0.10276 2.6145 -2.0501
1 0 1 0 56.113 -7.9265 1.0829 -3.2882 2.1189 1.3858 -6.1051 5.1991 -1.2898 1.5996 0.83121 0.13724 3.1229 -2.6382
1 0 1 0 56.48 -6.7712 1.8205 -1.5241 1.6353 2.2418 -0.30592 0.15108 0.38629 2.356 -1.1911 1.2786 3.4624 -1.0258
1 0 1 0 55.797 -6.9496 2.2022 -2.1486 0.46695 4.5756 0.98519 4.3816 -2.2462 0.54663 0.22189 -3.5613 2.861 0.83534
1 0 1 0 55.992 -7.1062 1.4762 -1.0379 -0.65019 3.1176 -0.1209 3.1567 -1.4138 4.0901 1.02 -2.9152 3.2669 0.85211
1 0 1 0 56.548 -7.2121 3.883 -1.744 1.3782 1.7328 1.8134 4.8314 2.3568 0.10458 -0.45217 4.1842 0.42625 -2.4325
1 0 1 0 56.943 -8.2635 1.3865 -1.358 -1.4582 3.0195 -5.6982 5.5872 -4.6478 -1.7892 1.0741 -2.4402 4.1317 -3.6893
1 0 1 0 55.774 -7.5667 2.2534 -1.3683 0.5287 3.0059 0.19894 5.8674 -3.924 3.4548 2.2359 2.4038 1.648 2.2499
1 0 1 0 55.948 -7.6958 1.8589 -2.228 -0.08773 1.0261 1.6558 6.0133 -2.7495 2.2624 0.93745 0.83952 2.0127 0.43401
1 0 1 0 56.368 -6.7648 2.5259 -2.3968 0.28164 3.3802 -0.083534 5.4909 -0.58284 -0.79126 1.343 -0.47983 1.1109 -1.9659
1 0 1 0 55.855 -8.0764 2.1612 -1.1552 1.8531 0.81988 -2.8491 5.7852 -3.6996 6.2156 0.92003 -0.21793 2.1691 0.64946
1 0 1 0 55.859 -7.1808 1.368 -2.0856 1.4487 3.0646 -0.77238 4.1517 -4.9008 3.0608 1.5914 3.1566 2.6532 0.60941
1 0 1 0 56.671 -9.4955 1.9542 -3.6583 3.0275 2.362 0.97272 1.5777 -4.4026 3.6513 -1.272 1.1223 2.8999 1.6705
1 0 1 0 56.222 -7.1236 2.1707 -1.4587 0.80453 0.015351 -1.3582 0.61367 -0.57065 -0.083719 0.58264 -0.41908 3.3302 0.66699
1 0 1 0 56.342 -6.9414 0.76542 -1.2141 -1.177 -1.6753 -1.0288 -1.512 -2.8169 0.21357 0.83628 1.8251 2.5439 -2.9559
1 0 1 0 56.001 -7.7931 0.76921 -1.9586 -1.3484 1.2429 -3.633 3.5895 -1.8334 -0.9601 -0.12753 2.9183 4.2045 -1.002
1 0 1 0 56.133 -7.0142 1.9772 -1.1178 -1.8392 0.33445 -4.4159 1.6475 -2.493 -1.5571 0.63836 -1.3186 5.9201 0.11479
1 0 1 0 56.196 -6.6365 2.2547 -0.8391 0.0035533 1.9971 -3.7518 1.0305 -0.81121 -0.0014938 1.3982 -3.2886 6.2062 0.80862
1 0 1 0 55.65 -7.4902 1.8827 -1.5172 -1.1983 3.4227 -5.8368 3.3377 -0.95918 -0.86471 3.2393 -4.0264 5.0849 -1.6635
1 0 1 0 55.501 -8.1359 2.2004 -0.90462 2.5418 4.6114 -1.1009 4.8932 -0.69123 3.118 0.41833 -0.50417 3.8427 -2.6932
1 0 1 0 55.543 -7.7913 2.4695 -0.53376 3.0029 4.033 -3.8427 3.9567 -5.4897 1.9039 1.5679 -1.4671 3.1071 -3.224
1 0 1 0 56.033 -7.6783 2.2058 -0.54601 -1.2095 -0.22999 -1.4783 3.8435 -1.5842 -0.37001 -0.43316 -4.8036 3.4297 -2.8589
1 0 1 0 55.963 -7.6253 1.7386 -1.0356 -0.25022 -0.031225 -0.30832 3.8394 -1.7749 1.0121 -1.4483 -4.1788 3.3302 -1.4638
1 0 1 0 56.005 -6.3686 2.8841 -1.6942 0.46261 2.118 -1.2938 0.77227 -2.1778 0.94836 0.81545 -0.76507 1.7576 1.7326
1 0 1 0 56.422 -6.1827 2.2266 -1.0769 0.85661 1.903 -0.6746 2.8266 -0.39963 1.4853 1.5087 -0.76456 0.83324 1.0479
1 0 1 0 56.092 -7.4423 1.6923 -3.5026 1.0923 3.0496 -0.12008 3.2484 -2.394 5.3684 -0.83706 1.2027 1.8372 -0.81788
1 0 1 0 56.149 -7.3601 2.0257 -3.4122 0.2931 2.0046 -2.8449 3.5393 -3.0712 3.3222 0.53544 0.096362 2.0021 -2.5317
1 0 1 0 56.309 -7.5347 2.3694 -2.7722 0.42363 1.2511 -3.978 4.2624 -3.437 0.60143 1.7244 0.042523 1.0682 -2.1544
1 0 1 0 56.248 -7.9514 2.8682 -1.9185 0.7128 0.10474 -3.008 5.8775 -3.1543 0.53117 2.3325 0.44939 -0.077418 -0.68675
1 0 1 0 56.426 -7.7174 2.6638 -2.074 0.71497 -0.014231 -1.0174 6.6549 -3.5244 1.6166 1.4297 0.41067 0.26528 -1.2452
1 0 1 0 56.071 -7.7887 1.2847 -1.8515 0.78078 3.6932 -2.1447 6.0684 -0.71101 5.6685 -0.64401 0.38882 4.3523 -1.0737
1 0 1 0 56.191 -6.794 2.2241 0.1647 2.4032 0.99683 -3.4382 3.7034 -0.55343 4.4832 3.2487 0.96682 4.1045 -1.8848
1 0 1 0 55.58 -7.071 1.121 -1.3466 -0.35813 3.4028 -4.2316 1.0324 -3.0321 -0.09479 -0.24571 -3.6412 2.7822 -0.83212
1 0 1 0 55.804 -6.6249 2.1477 -2.23 0.54379 3.3342 -4.2604 -1.0801 -3.5734 -0.78679 0.091553 -2.9253 0.52264 -0.85382
1 0 1 0 55.803 -6.1754 1.2508 -1.4734 1.9254 2.8873 -3.5204 0.68666 -3.8954 0.71373 3.8974 -3.9209 2.3432 -0.47946
1 0 1 0 55.765 -7.2596 0.83384 -3.3106 2.9512 3.0289 -0.68396 5.4487 -1.412 0.24905 -0.28043 2.8814 0.76834 -2.502
1 0 1 0 56.223 -7.2112 3.061 -1.0528 -0.98166 4.2464 -0.59864 4.4337 0.33544 5.3235 4.4648 -3.0549 1.6279 -5.5277
1 0 1 0 55.985 -7.5457 1.9873 -3.0728 -0.30336 2.5716 -2.4538 2.9092 -4.6196 4.1024 5.2761 0.82137 2.5341 -0.14425
1 0 1 0 56.035 -7.2367 3.267 -1.1999 -0.86566 2.0878 -2.1201 3.6367 -2.4862 3.0336 4.0372 -0.42614 3.1919 -3.0839
1 0 1 0 56.155 -6.4434 2.6211 -2.4163 1.5247 2.8104 -1.9946 7.9246 -2.5941 1.4667 2.7814 -0.50194 4.1797 -4.3541
1 0 1 0 56.089 -7.4567 1.9412 0.31784 -0.89543 3.4678 -1.6026 3.6731 -1.3652 1.8638 2.4662 -5.5607 4.1071 -0.81959
1 0 1 0 55.754 -8.0082 2.6573 -3.0355 1.907 0.69977 -2.279 2.7256 -1.859 3.7167 3.6518 -0.44729 2.082 0.39496
1 0 1 0 55.973 -7.8929 1.6094 -1.7446 3.0195 2.9042 -1.2735 1.6843 -0.58985 2.0766 2.826 -0.79395 1.2289 0.043894
1 0 1 0 55.787 -7.5961 2.1062 -1.5496 0.9862 3.075 -0.69605 3.6265 -2.4979 3.0242 -1.7697 -2.6214 2.6836 -2.6447
1 0 1 0 56.087 -7.0243 2.0266 -1.1244 -0.25908 0.076166 -3.0099 0.52803 -1.2305 1.5118 1.5365 -0.75747 2.4044 0.022175
1 0 1 0 55.852 -6.6196 0.86217 -1.9155 -0.030283 -0.38716 -1.0647 2.947 -2.5724 2.9722 0.74662 -1.8297 4.2763 -0.015047
1 0 1 0 55.905 -6.8424 2.0784 -0.49312 -0.60941 2.1671 -0.57117 4.6492 -2.1395 -0.47326 3.1906 -1.4198 2.5621 -1.0753
1 0 1 0 55.827 -6.6796 2.6395 -1.3767 0.38843 2.3065 -1.5302 3.5302 0.69036 0.57314 0.82007 -0.23966 0.24681 -0.046328
1 0 1 0 55.678 -7.131 0.5866 -2.0515 0.55574 2.3552 -1.9096 3.866 0.53875 -0.43553 -0.36271 -1.074 -0.62368 -0.3452
1 0 1 0 55.951 -6.6601 0.33586 -3.6978 0.7837 1.5012 0.67529 4.7252 0.77242 -0.21992 -2.2005 -1.5365 0.10651 -1.3864
1 0 1 0 55.869 -7.9974 1.5696 -2.7115 0.83865 2.2184 2.7423 5.2378 -2.9174 2.1151 -1.9891 4.9992 0.15988 -2.9505
1 0 1 0 55.845 -7.9376 2.1867 -0.41063 1.6858 3.2046 -2.9926 5.3655 0.058287 0.60214 -3.2052 0.76266 1.5268 -2.8371
1 0 1 0 55.47 -8.154 2.8978 -1.6128 -0.56666 1.7822 -1.864 6.3204 -1.1851 -1.338 0.60491 0.53323 0.99246 -3.187
1 0 1 0 56.178 -7.8808 2.9071 -0.97196 2.9819 2.397 -2.2907 7.5592 -2.2183 3.1591 -1.5356 -2.7442 3.2979 -1.8713
1 0 1 0 56.628 -7.102 1.6106 0.62508 -0.89966 6.013 -5.2402 1.6838 -3.3883 0.75664 2.1948 -3.8067 5.2031 0.11195
1 0 1 0 56.174 -7.1187 2.6899 -3.3751 0.63889 3.925 -6.9977 2.5169 -2.9423 2.9524 -1.6465 -2.5621 -0.54676 -1.2764
1 0 1 0 56.329 -7.2838 2.8258 -3.1134 -0.83474 4.8617 -5.0849 3.2588 -3.2642 -1.536 0.036556 -1.1264 1.3202 -2.8641
1 0 1 0 56.266 -8.0249 3.4364 -2.4273 0.17431 2.6994 -0.047498 3.6608 -2.478 0.18733 0.33303 0.97076 2.5651 -0.31786
1 0 1 0 56.341 -5.9214 1.8136 -3.5832 0.81065 1.2534 -2.5868 1.994 -2.7006 0.27433 0.53886 -0.78488 2.4666 1.3036
1 0 1 0 56.071 -6.9415 1.6481 -2.9216 0.82199 0.71245 -2.4135 3.8082 -1.883 1.0845 1.8553 -1.907 2.4939 -3.7026
1 0 1 0 55.738 -7.699 0.4477 -0.64514 0.60889 4.9989 -0.61012 4.7806 2.2649 2.1353 2.1878 -0.38039 2.9227 -3.1894
1 0 1 0 55.452 -7.1446 1.5881 -0.82023 0.34727 1.6796 0.77806 3.8282 0.38122 0.10908 0.40408 -0.36538 4.3351 -2.0785
1 0 1 0 55.97 -6.2101 2.4191 -0.22259 -0.00016443 1.3541 -0.43496 3.5812 -1.905 1.0561 -1.9145 -3.1353 2.9 0.92237
1 0 1 0 55.737 -6.2806 0.67036 0.1684 -0.021494 0.29096 -3.2046 1.4978 -1.7124 2.2145 0.22579 0.70224 2.6279 0.51552
1 0 1 0 55.747 -7.465 1.0228 -1.6988 -0.6829 3.1931 0.70187 1.8859 -1.5094 -1.1505 1.4196 1.1423 2.5006 -0.66464
1 0 1 0 55.313 -7.6418 3.1858 -1.0579 2.0752 3.6218 -4.2423 2.5516 -5.0961 0.57445 -2.5436 -0.78119 5.3286 -0.79671
1 0 1 0 56.042 -7.4154 2.3735 -2.4592 -0.14638 5.111 0.069831 5.7282 -1.2206 1.3376 0.615 -3.4137 4.3029 -3.1663
1 0 1 0 56.145 -6.8087 2.9237 -2.2515 2.3188 1.256 -2.6629 5.5753 -0.23953 2.3296 -2.2433 -0.53595 0.96128 -0.85898
1 0 1 0 56.506 -5.6281 3.358 -0.93168 0.54233 1.328 -0.25369 5.4211 -4.3409 2.6743 0.33792 -1.0947 2.5096 0.080335
1 0 1 0 55.675 -6.6092 1.2648 -0.71497 0.56862 1.3756 -0.7373 4.7139 0.11304 0.20726 4.7471 -1.6934 1.8103 -1.4592
1 0 1 0 55.586 -7.4514 2.4912 -0.89988 2.8747 3.9566 -3.7232 2.437 -6.2659 2.8517 1.7052 -5.154 5.5199 0.041466
1 0 1 0 56.347 -8.2518 2.7202 -0.18109 1.1081 4.2921 -2.7672 4.5136 0.16832 1.6398 6.1395 -3.3931 4.7434 1.7254
1 0 1 0 56.12 -8.0762 3.2917 -2.9974 1.7704 1.7177 -4.0454 5.1747 -0.76743 2.0782 0.55093 0.097453 3.0289 -1.0932
1 0 1 0 56.042 -6.6145 3.201 -1.9226 1.3247 0.20061 -1.9969 4.5408 -0.50253 -0.25035 -1.7517 -3.4238 0.14837 -1.521
1 0 1 0 56.098 -8.1561 0.51673 -3.1253 -0.55098 1.3855 -1.6492 2.8648 -2.3393 1.2538 1.0653 0.38478 4.6017 -0.18763
1 0 1 0 55.982 -7.5239 1.5973 -1.5132 -1.663 1.8805 -3.5832 3.3847 -2.4059 0.40542 2.0515 -2.4107 1.0497 -2.6538
1 0 1 0 55.521 -7.152 1.9105 -4.6991 1.3956 2.2365 0.77561 3.5806 -3.8163 4.368 3.1227 0.25833 2.926 -0.65224
1 0 1 0 55.682 -7.438 1.4144 -1.7898 1.9675 -0.15154 -2.005 3.288 -2.9567 4.1464 -0.075513 -2.9383 1.1346 -0.92102
1 0 1 0 55.279 -7.714 2.6532 -2.071 1.8722 0.41641 -3.1241 3.5128 -2.8392 1.7706 -0.14032 -4.6812 1.3692 -0.3453
1 0 1 0 55.131 -7.0149 2.6045 -1.0768 1.3386 2.1617 0.39805 5.2517 -4.5893 0.51586 0.33318 0.61153 5.0495 -1.5055
1 0 1 0 56.055 -7.8702 3.1226 -1.8551 0.29292 1.7811 -0.78018 1.208 -4.7862 -0.42814 -0.31507 -0.34524 3.796 -1.2021
1 0 1 0 56.563 -9.1604 3.6552 -1.9193 1.413 1.8102 -0.70339 -1.0057 -5.1863 -0.58721 -2.762 -1.2595 2.4014 0.34473
1 0 1 0 55.389 -8.2433 0.92609 -1.5334 -1.628 1.5891 -1.1345 4.0028 -1.8871 3.1022 2.6722 3.6067 1.6675 -3.1456
1 0 1 0 55.468 -7.3563 2.5193 -0.81426 1.5983 1.3482 -3.0499 3.3906 -2.4525 5.2824 2.6063 -1.6031 -0.83308 -1.5036
1 0 1 0 55.76 -7.2292 2.2518 -1.5227 2.4273 1.3878 -2.4929 3.6409 -3.0446 5.2076 2.7056 -0.14397 1.4496 -0.82092
1 0 1 0 56.093 -7.3193 2.0007 -3.0162 2.564 1.3192 -1.5415 3.8412 -2.4224 2.5028 -1.6809 -0.25295 2.7695 -0.035533
1 0 1 0 56.051 -7.2951 1.6721 -3.416 1.4882 2.4349 -1.9427 3.5867 -1.8272 2.679 -3.3103 -0.11292 2.6339 0.094187
1 0 1 0 56.326 -7.3093 1.6181 -3.036 0.2486 2.3008 -2.3135 2.7387 -1.4693 3.5084 -3.221 0.42796 1.4489 -0.83763
1 0 1 0 56.14 -7.5791 1.1107 -4.2058 0.61648 2.7452 -1.7935 4.2185 -1.5543 5.4186 0.47553 1.0858 2.4531 -3.2935
1 0 1 0 56.339 -6.5624 0.63412 -3.7659 1.0858 6.4938 -1.3191 4.2106 -4.0053 0.13214 2.175 -0.62775 2.3827 0.98422
1 0 1 0 56.236 -6.598 2.0368 -2.0506 0.94111 1.8343 -3.8101 0.63593 -1.9706 1.2663 2.7902 -1.4157 2.6205 0.50644
1 0 1 0 56.457 -7.1909 2.0084 -1.5381 0.98136 1.5815 -4.0676 5.1694 -1.8604 1.1001 1.182 -3.7529 3.7583 -3.4678
1 0 1 0 56.001 -7.109 2.478 -1.1277 -1.0497 1.9714 -1.9333 4.7691 -4.0334 -0.49916 3.1757 -3.3587 5.1698 -2.0287
1 0 1 0 56.602 -7.3074 2.2511 -0.51084 -0.17477 1.7705 -1.7839 5.344 -0.010265 1.2359 1.0053 -1.1951 1.9531 0.57288
1 0 1 0 55.452 -7.8993 1.633 -1.4819 -0.45058 0.60254 -2.2849 5.0822 4.056 0.050698 -0.99009 1.1458 3.9031 -1.0931
1 0 1 0 55.302 -8.1159 0.00042284 -2.6276 -2.558 -0.70823 -1.2685 4.073 3.4883 1.3166 0.55278 1.3311 4.7413 -0.58084
1 0 1 0 55.841 -9.3001 0.7003 -1.4179 1.7197 0.49816 -7.4064 0.42689 1.8517 2.1931 1.4323 -2.7516 -0.89547 -2.6331
1 0 1 0 56.468 -7.3916 3.3867 0.05041 -0.21214 4.323 -4.4137 2.6275 -3.0274 1.3843 2.5264 -4.1166 3.3912 -1.9922
1 0 1 0 55.673 -7.8141 2.1131 -2.6308 -0.40702 2.5165 -1.5072 1.0365 -2.8162 2.24 -3.7929 0.42442 1.1218 -0.63538
1 0 1 0 56.422 -6.6538 2.7686 0.0087311 1.334 1.776 -0.96441 3.0337 -1.7727 1.2055 0.010423 0.81907 -0.22869 -2.0557
1 0 1 0 55.831 -7.7336 3.4937 0.55953 3.7004 0.49198 -1.5349 6.6278 1.3601 3.9967 -2.3299 -0.67269 2.123 -0.013933
1 0 1 0 56.125 -6.464 2.4388 0.15846 -0.16047 3.3322 -3.5482 4.1382 -0.73606 2.9606 3.8201 -0.31634 0.72237 -2.5327
1 0 1 0 56.644 -6.6283 2.9863 -3.239 0.21155 3.2448 -4.8674 3.4808 -1.5679 2.4847 -2.5056 1.086 1.128 -2.3317
1 0 1 0 55.766 -7.6783 1.7195 -0.91687 2.6981 -0.89218 -1.5585 2.3948 -2.6045 -2.0555 -0.58831 -2.5457 0.63161 0.86874
1 0 1 0 55.792 -7.3779 2.1005 -0.015726 1.3294 2.4147 -1.7665 3.3953 -1.5268 0.82775 0.44075 -1.1773 3.378 -2.2844
1 0 1 0 56.372 -7.7142 3.1479 -2.0451 -0.17496 2.1901 -3.2809 2.7205 0.3672 2.3674 3.1814 -1.1969 4.7418 -1.881
1 0 1 0 56.052 -6.9024 2.9396 -1.1397 2.4345 1.4468 -2.1384 4.0521 -3.3351 1.5123 1.0287 -4.3672 1.1683 -5.1995
1 0 1 0 55.639 -8.1569 2.5478 -2.1629 1.0089 2.224 -1.6471 4.445 -1.6366 3.0151 -0.54668 -1.3323 1.9349 -1.1769
1 0 1 0 56.028 -8.4031 2.9791 -0.82579 2.7254 3.9241 -2.6183 4.2756 -1.8607 -2.8493 3.8055 -2.2562 2.862 -2.2159
1 0 1 0 56.459 -6.9657 4.2447 -1.9625 1.2701 2.9878 -2.3532 4.6819 -3.2048 5.4789 0.75547 -3.7629 3.7161 -0.38076
1 0 1 0 56.06 -7.395 3.2999 -2.5836 0.22648 3.8402 -3.4735 4.9478 -2.929 4.7045 1.8172 -5.3959 3.3424 0.080396
1 0 1 0 55.716 -6.4583 1.9005 -0.063172 0.45348 2.4209 -4.1993 5.1046 -2.909 -1.0718 -4.287 -0.40388 2.5809 -2.643
1 0 1 0 56.078 -8.1539 1.9869 -1.8114 0.58851 -1.5822 -1.6342 2.9765 -3.7965 2.0384 0.38359 -0.38619 2.0683 -0.97888
1 0 1 0 55.847 -6.4985 1.7673 -0.47946 -1.0329 2.6297 -0.62794 2.1647 -0.78675 -4.9113 -1.5157 0.53171 3.2616 -0.86185
1 0 1 0 55.654 -6.701 1.9885 -0.72891 2.319 1.912 -1.0257 1.3418 -1.7658 -1.7577 0.71218 -3.1193 3.2384 -3.6912
1 0 1 0 55.822 -7.0881 2.2287 -0.99937 1.1669 1.2151 1.9412 0.057177 -4.1549 -4.613 -1.1878 -0.25615 1.8682 -3.8699
1 0 1 0 56.297 -7.5134 3.1029 -1.6517 1.9106 -1.0066 -0.52854 4.5115 -2.7098 0.84173 -1.4248 2.9857 -0.90036 -5.1822
1 0 1 0 56.754 -7.8428 3.3682 -3.7544 1.246 -0.071831 0.052419 7.5073 -0.49688 1.5649 3.018 1.9368 3.3368 0.66695
1 0 1 0 56.436 -6.5252 2.7501 -0.43647 0.95037 0.66939 -0.34282 3.9379 0.78881 0.46304 -1.0624 1.3759 2.645 -0.27998
1 0 1 0 56.373 -6.6171 2.8565 -0.077236 0.93123 0.90516 -0.775 4.1514 1.0123 0.23406 -1.9781 1.6582 2.6366 0.30903
1 0 1 0 56.169 -7.705 2.8697 -0.33653 0.56424 0.33321 -2.4351 3.6066 -5.6473 1.3617 -3.48 1.0005 0.16195 -2.4877
1 0 1 0 56.245 -7.2522 3.5749 -1.2731 0.022238 2.4083 -3.2619 3.2299 -4.1067 2.7841 -3.378 -1.6319 0.66129 -4.4358
1 0 1 0 55.934 -7.4126 3.0296 0.16612 -0.19432 2.3548 -3.3898 5.6118 -3.88 -2.7179 -1.0041 -2.1143 3.5391 -3.9357
1 0 1 0 55.976 -6.8647 3.1216 -0.31403 0.00065746 1.3417 -5.3948 4.7618 -3.2186 1.3882 -0.48426 -1.9507 -0.98417 -5.4539
1 0 1 0 56.24 -7.0344 3.0616 -0.709 -0.10198 1.7518 -4.9949 4.3208 -2.0402 1.1169 -1.5509 -3.0641 0.83098 -5.3354
1 0 1 0 55.648 -7.8392 3.304 -1.3652 -0.44013 3.2293 -3.6776 4.3861 0.052148 0.042096 -2.6144 -4.8462 1.0901 -4.805
1 0 1 0 55.864 -7.4746 1.7799 -2.5687 0.15304 3.0405 -2.212 6.575 -3.061 1.2457 2.1692 -1.6894 2.6667 -1.6868
1 0 1 0 55.851 -6.9876 2.6754 -1.3799 1.5454 0.77702 -0.011213 1.1294 -1.6475 -1.6463 -1.9464 -2.8357 -0.85594 -1.118
1 0 1 0 55.623 -6.543 0.6781 -2.0789 1.4773 -1.6636 -3.2679 4.5624 -0.49444 1.4954 -0.29058 -1.1025 6.7971 0.27205
1 0 1 0 55.252 -6.8743 1.3247 -2.174 1.6838 -1.1049 -3.7211 4.3159 -0.86638 -0.38397 -1.4601 -2.4403 6.5113 -1.8238
1 0 1 0 56.013 -7.4811 3.86 -0.15022 -0.34532 1.5258 -3.8474 4.9528 -3.38 2.8332 0.94974 -0.55868 0.242 0.25822
1 0 1 0 55.85 -7.6406 2.071 -0.68545 -0.21688 2.7384 -3.8425 4.0167 -3.5654 1.2568 1.0238 -1.5954 1.7032 -3.6653
1 0 1 0 55.978 -7.4861 2.0573 0.066159 -0.25559 3.26 -2.7044 2.2483 -1.9137 2.2773 4.6677 0.36721 1.3873 -2.4486
1 0 1 0 55.453 -7.8146 2.6796 -1.6751 0.92233 -0.43663 -5.1037 3.0302 -1.7638 0.82672 1.5928 -0.64835 4.8075 -1.6053
1 0 1 0 55.826 -7.9566 1.8258 0.93896 0.80411 0.50629 -1.7999 2.5802 -1.6492 0.93452 0.12282 -0.59814 4.1354 -0.96775
1 0 1 0 55.523 -7.4133 1.8781 -2.6221 1.3965 2.8218 -2.4564 0.36201 -3.2803 0.26871 1.1219 1.8026 4.347 -3.693
1 0 1 0 55.406 -7.6768 1.5651 -2.4325 -2.2669 2.0125 -1.843 0.46458 -2.9765 4.2016 6.2643 -2.4281 6.4743 -1.934
1 0 1 0 56.118 -6.4117 0.73307 -4.0129 0.32108 2.0929 1.5295 2.948 -3.864 0.96057 2.0033 -2.1432 0.10545 0.89096
1 0 1 0 56.601 -7.9044 1.0842 -4.1626 0.080102 5.4754 -1.7308 1.5266 -2.2905 -0.016288 1.6784 -3.4343 2.4441 -1.585
1 0 1 0 56.742 -7.1867 3.0585 -2.9303 0.11501 5.0402 -2.8135 3.6436 -1.7307 -0.14013 3.5076 0.65271 0.35205 -2.048
1 0 1 0 56.502 -6.4971 3.2099 -1.5809 -1.0959 1.4717 -3.5317 6.3064 -2.1474 -1.324 3.5041 -1.8665 2.6373 -1.8561
1 0 1 0 55.581 -7.062 1.4326 -1.5577 0.83359 -0.11949 -2.2769 0.72413 -2.7065 0.25132 -2.6983 -2.7478 2.2538 -2.6142
1 0 1 0 55.635 -7.4834 3.7054 -1.5566 -0.41074 4.9153 -3.7484 4.7139 -1.6641 0.27134 0.54535 -5.5244 2.9048 -2.1337
1 0 1 0 56.307 -7.4183 2.6178 -1.7257 -0.42845 3.2728 -2.3549 3.71 -0.80478 0.36777 -1.8117 -2.7642 0.71321 -2.6499
1 0 1 0 55.681 -7.691 4.22 0.037607 1.4208 0.62064 -3.3584 4.57 -1.3837 2.6578 -0.14239 0.74319 -1.3362 -2.2777
1 0 1 0 55.782 -6.8335 3.9491 0.28741 0.94247 1.5212 -4.4255 4.3372 -2.6292 2.9653 2.6489 1.0944 0.38354 -1.6948
1 0 1 0 56.017 -6.4519 3.6745 0.17728 0.91065 2.3619 -3.5972 4.1676 -3.0615 2.1001 2.4176 1.4658 1.3236 -0.85554
1 0 1 0 55.852 -6.4544 2.4243 -1.2757 2.1669 3.7316 -1.6775 3.722 0.3379 -2.6111 1.0436 0.2289 1.9886 -4.6528
1 0 1 0 55.582 -7.9441 3.1235 -3.6197 1.0647 0.5396 -6.9325 4.9938 1.0483 3.6468 -0.62323 -4.1164 1.9631 -1.5745
1 0 1 0 55.5 -7.9895 2.5367 -2.0808 1.5783 2.1833 -5.5474 4.2837 0.50133 2.7916 2.5768 -5.3605 1.2844 -1.7904
1 0 1 0 55.601 -7.3791 1.8794 -0.72205 0.65979 3.8402 -0.65753 5.4609 -3.131 1.8981 2.8536 -0.42124 -0.21467 -4.4175
1 0 1 0 56.251 -6.8885 2.0987 -0.48335 2.4546 3.2169 -1.5343 5.6315 -2.5394 -1.051 -0.52079 -1.8585 2.4022 -1.1472
1 0 1 0 55.77 -7.0255 2.5813 0.002713 -1.0446 3.027 -3.2101 6.5827 -2.8361 0.16036 2.6515 -2.5344 3.171 -2.7925
1 0 1 0 55.741 -6.9563 2.3127 -0.25622 -1.1049 1.4356 -2.0308 6.5132 -2.9592 0.34777 4.4114 -4.3183 -2.1775 -2.8222
1 0 1 0 55.901 -7.0111 1.9126 -0.98314 -0.79905 1.4765 -2.0383 3.6572 -4.4148 0.54121 2.3248 -1.2249 4.1129 -2.2657
1 0 1 0 55.519 -7.9842 2.7172 -2.4912 -2.6361 5.5933 -3.007 3.37 -2.471 0.36297 1.0346 -3.0551 3.041 -4.9486
1 0 1 0 55.359 -7.1161 2.6463 -1.1712 0.83307 0.95769 -1.4025 4.0805 -1.0885 -1.2453 -1.9841 -2.2233 0.14636 -2.9336
1 0 1 0 55.644 -7.2298 1.0944 -0.95195 0.54042 0.76561 -2.3392 4.3076 1.1843 3.3683 -0.093294 -0.98116 3.1854 -0.13116
1 0 1 0 55.348 -7.2123 1.8092 -1.2964 1.0708 4.3545 -2.853 6.4515 3.2507 2.6875 1.2632 -1.5129 2.6032 -1.396
1 0 1 0 55.661 -7.3323 2.4554 -1.297 0.6982 0.083102 1.1373 0.094786 0.34577 3.3945 0.78935 3.6754 -0.67142 -0.16154
1 0 1 0 56.085 -7.0378 0.71001 -2.4461 1.0626 0.72792 -3.1742 4.6916 -1.008 3.5911 0.53975 -2.4955 0.012957 -3.159
1 0 1 0 56.432 -7.2995 1.845 -3.181 1.4937 1.7234 -3.5871 7.7588 -1.8381 4.5151 0.82149 -2.5653 4.3027 -1.6694
1 0 1 0 56.015 -7.6928 2.9281 -1.8227 1.3473 1.7798 -3.6193 6.2358 -4.5621 2.5779 1.3626 -3.3914 3.1551 -3.3348
1 0 1 0 56.591 -7.5414 2.693 -1.1775 0.2055 3.035 -1.0914 3.2803 -1.4817 0.863 1.0944 -2.1829 -0.93061 -1.1462
1 0 1 0 55.73 -8.1571 2.5573 -0.20675 1.2435 4.2964 0.19146 3.5073 -2.7679 0.18327 -0.14623 -3.0223 -2.1326 -1.416
1 0 1 0 55.756 -6.6824 0.73107 -1.3559 1.1265 1.965 -0.83771 3.5747 0.9511 0.56034 0.36871 -4.0226 1.6429 -2.2648
1 0 1 0 55.203 -7.4254 0.44321 -2.7428 0.49805 0.99026 -4.4624 2.2213 -0.6049 2.9302 -1.9982 0.40025 2.5864 -1.3332
1 0 1 0 55.638 -7.8445 3.5383 -2.8335 0.48274 2.8779 -4.4464 2.7901 -4.1908 0.73905 -1.2643 0.30616 3.3931 -1.7735
1 0 1 0 56.225 -7.6579 1.4278 -1.0704 1.0722 -0.038284 -3.9137 3.2273 -0.097531 2.3139 2.4631 3.9831 -0.5803 -1.6488
1 0 1 0 55.362 -7.3002 2.1283 -1.4938 1.0801 0.72267 -1.7136 2.4656 -2.7986 0.030272 1.6695 -0.40841 3.2801 -1.5269
1 0 1 0 56.253 -7.6097 2.4915 0.19233 1.3461 4.5955 -3.2647 4.9591 1.4094 -0.16887 2.8748 -2.5169 2.6452 -3.7219
1 0 1 0 56.235 -7.7403 3.0883 -0.45216 0.17271 -1.3218 -3.0506 5.9062 -2.9075 -0.76192 3.8911 -2.6498 1.4077 -2.7181
1 0 1 0 56.142 -7.2236 2.4805 0.37366 0.24043 -0.18209 -2.5736 5.2583 -0.91704 0.054617 2.8772 -3.8042 1.6376 -4.9349
1 0 1 0 56.031 -10.566 2.8962 -2.623 1.3303 -0.2952 2.7047 0.21819 -0.60265 -1.3504 -2.2805 2.1666 0.23091 1.2498
