0 0 1 1 69.334 -17.289 -4.2764 4.3141 13.091 -13.618 14.543 4.0232 -1.5825 -21.097 15.769 -1.8689 -8.9302 1.819
0 0 1 1 70.114 -19.128 -1.2485 -15.84 3.2498 -2.9034 6.5469 -5.3434 12.475 -8.6611 12.409 0.76768 -0.81374 3.3867
0 0 1 1 71.916 -22.316 -2.6507 -11.427 4.5903 0.5631 3.9328 -10.074 11.943 -10.183 16.631 6.0249 -8.1794 2.6756
0 0 1 1 71.744 -22.458 1.6258 -10.648 5.2331 0.22519 7.2968 -10.24 11.328 -4.7921 12.634 1.5686 -10.503 2.9284
0 0 1 1 72.819 -22.146 4.1668 -9.7289 8.7389 -5.7937 8.5019 -8.6663 8.0537 -7.9552 11.692 0.31381 -13.256 3.2341
0 0 1 1 73.622 -20.142 4.6008 -8.2007 7.8483 -7.7329 7.6916 -6.3798 6.9535 -9.9418 10.496 2.2303 -9.6155 2.1198
0 0 1 1 71.501 -22.97 1.7763 -13.406 4.9654 -6.9984 11.807 -2.7801 9.745 -14.534 9.2433 -0.71269 -9.9403 5.2179
0 0 1 1 71.39 -23.331 2.1521 -12.003 5.7027 -6.104 13.211 -1.8052 11.41 -14.115 7.5304 -2.587 -10.497 4.1659
0 0 1 1 73.26 -22.629 1.0224 -4.6251 7.4911 -12.752 13.108 1.5281 5.9402 -20.604 10.998 2.9389 -5.4187 3.609
0 0 1 1 73.68 -24.337 -2.4696 1.2097 7.2121 -20.852 12.56 0.72759 7.1629 -15.855 23.274 2.0789 -15.665 3.3034
0 0 1 1 73.443 -25.043 -3.9825 0.55155 6.984 -20.519 12.263 2.2386 6.2123 -15.468 23.164 2.2059 -14.493 5.3672
0 0 1 1 72.276 -20.136 7.056 -7.2032 4.0057 -6.6084 9.9206 -10.242 14.678 -14.727 9.4157 -1.8963 -4.8351 3.824
0 0 1 1 71.093 -20.465 8.1608 -8.7535 2.2704 -5.8491 11.91 -11.758 12.574 -11.382 9.9109 -3.2657 -3.3837 -1.0123
0 0 1 1 70.167 -21.484 6.5382 -11.081 1.6775 -2.7265 14.255 -11.607 14.245 -12.763 7.7634 -2.0098 -1.7051 -0.82627
0 0 1 1 71.751 -21.143 7.4924 -6.7693 2.7848 -8.2845 12.081 -9.6609 15.899 -12.669 8.5682 -4.5858 -3.5455 -0.16965
0 0 1 1 71.55 -19.325 7.6235 -9.0566 5.0594 -6.7523 12.234 -7.7906 10.188 -13.342 10.109 -3.9919 -1.001 0.74369
0 0 1 1 70.938 -19.967 6.7766 -9.4969 5.7863 -6.986 12.432 -6.794 9.2463 -14.936 11.631 -3.8858 0.48036 1.6299
0 0 1 1 72.041 -17.861 7.1791 -7.8716 8.6693 -11.834 10.83 -4.4486 6.9172 -15.539 14.789 -3.8663 -1.9018 1.2801
0 0 1 1 69.803 -22.482 2.2598 -9.7666 6.8258 -11.935 11.906 -1.9515 10.352 -13.748 17.116 -1.9713 0.17719 4.5762
0 0 1 1 70.924 -22.178 -0.74312 -5.4564 10.648 -16.243 11.532 -1.0575 6.425 -15.802 19.714 -0.57022 -4.8516 -0.06386
0 0 1 1 73.321 -19.717 0.23394 2.0211 10.331 -23.637 14.475 1.1941 2.7361 -19.431 21.758 -3.0954 -12.017 3.5745
0 0 1 1 72.609 -21.023 -1.0002 1.4828 9.3191 -24.676 15.113 0.29611 2.5859 -20.377 22.533 -2.5457 -10.324 5.0278
0 0 1 1 70.8 -21.632 0.90751 0.56672 6.9705 -20.088 19.441 0.33096 -0.93156 -14.075 15.534 -3.6918 -9.9509 2.0727
0 0 1 1 68.008 -20.868 10.008 -6.3894 1.3364 -6.6161 13.937 -11.432 9.6719 -12.516 12.554 -9.2498 3.3536 0.64116
0 0 1 1 67.344 -20.767 8.7305 -6.943 2.2869 -7.1618 13.791 -9.2903 10.074 -12.312 12.579 -9.775 2.7509 2.4004
0 0 1 1 67.709 -21.615 6.8467 -7.5296 1.5514 -7.9916 12.478 -5.3337 10.189 -14.65 10.821 -5.298 3.3827 3.4068
0 0 1 1 67.592 -21.882 7.7844 -6.8486 4.6422 -10.271 11.222 -2.6297 10.747 -12.578 11.809 -6.2031 0.10466 3.5299
0 0 1 1 68.523 -20.138 8.0332 -6.8578 4.8094 -10.512 9.1692 -5.2792 9.655 -12.149 11.957 -7.0214 -0.10424 0.55536
0 0 1 1 68.175 -20.665 7.049 -6.2781 6.9438 -9.6007 10.978 -6.3995 7.6215 -11.535 12.463 -6.8192 -0.59851 1.9359
0 0 1 1 71.853 -19.519 4.9131 -0.56182 7.5715 -15.205 10.627 -1.4796 5.2887 -17.005 15.851 -6.4814 0.88665 -5.2809
0 0 1 1 70.107 -22.815 2.8219 0.62726 8.6987 -14.003 13.35 -0.58001 3.9971 -18.847 16.783 -6.8857 -0.2692 -4.4277
0 0 1 1 70.48 -21.664 3.0768 0.37837 7.5064 -15.787 13.316 -0.18437 2.1192 -17.591 17.465 -5.6665 -2.566 -2.707
0 0 1 1 70.905 -19.741 0.48767 -12.743 11.249 1.2711 8.8452 -13.506 0.27115 -7.9778 20.84 -10.402 3.3796 -6.3067
0 0 1 1 70.221 -17.771 10.418 -10.394 6.8557 -6.1214 8.5014 -7.4653 7.3718 -10.666 10.378 -9.3894 4.7297 1.0976
0 0 1 1 71.398 -17.835 5.8733 -9.8433 9.5213 -2.6315 7.2862 -13.687 3.8721 -9.147 12.487 -6.6385 0.99405 -4.876
0 0 1 1 70.87 -17.426 8.9353 -8.0929 12.227 -4.5028 4.3931 -9.3183 -3.917 -1.0313 8.2108 -11.496 -0.25537 -2.3186
0 0 1 1 70.514 -19.286 7.0008 -5.2668 1.8337 -1.8176 7.0252 -6.167 9.2541 -12.057 10.595 -11.843 5.4203 -2.7404
0 0 1 1 69.701 -21.433 2.4248 -7.5167 3.862 -0.31863 2.6621 -3.2027 9.8228 -11.392 12.073 -9.8721 4.7562 -2.7818
0 0 1 1 70.142 -17.171 5.5873 -7.6945 3.5662 -0.44272 3.7059 -7.1672 9.409 -11.245 12.068 -12.296 6.6523 -2.7708
0 0 1 1 70.616 -16.93 6.3879 -7.3909 4.6299 -1.8304 4.0318 -7.1488 7.1499 -9.5462 12.806 -12.264 5.1114 -2.0372
0 0 1 1 69.202 -17.678 7.0934 -10.468 4.8383 -2.4057 4.6915 -7.9227 9.2797 -8.6412 6.9226 -5.424 5.2023 -3.0281
0 0 1 1 69.299 -19.151 1.1895 -11.485 1.0027 3.5412 -3.8548 0.6655 0.062455 -1.4596 8.5516 -2.8678 3.7929 -3.3642
