1 0 1 2 67.756 -14.649 15.775 -13.418 7.7905 -6.8031 -2.0006 6.8812 -3.9571 9.2374 -3.9397 5.2153 -6.7755 1.4069
1 0 1 2 67.108 -11.608 15.881 -9.1386 2.3238 -2.6253 -7.0092 6.5222 -4.8463 9.105 -3.6211 2.4883 -8.2755 0.22574
1 0 1 2 66.641 -9.9914 13.869 -11.733 3.9626 -7.3222 -3.9276 5.8938 -8.7199 13.929 -7.144 6.6479 -3.7278 1.3528
1 0 1 2 66.571 -10.947 13.954 -10.884 5.2689 -2.1391 -1.9224 3.7506 -9.0551 10.323 -8.2505 4.8464 -5.4081 1.2782
1 0 1 2 66.378 -10.028 15.337 -10.015 6.685 -3.6617 -3.537 5.1576 -8.9847 10.063 -9.3315 7.123 -7.4014 1.8867
1 0 1 2 65.892 -11.163 12.995 -9.2334 6.4327 -6.1739 -4.4336 5.7823 -5.008 9.7416 -6.3346 8.2262 -6.5529 0.37752
1 0 1 2 65.756 -10.377 14.51 -10.725 5.7067 -2.9527 -1.064 7.2985 -5.2195 10.077 -7.8457 8.0615 -6.5835 0.61948
1 0 1 2 65.681 -10.475 13.397 -12.431 2.8242 -5.9124 -5.2113 6.0586 -7.9908 9.3275 -8.9997 6.8277 -7.3658 -0.38129
1 0 1 2 64.653 -10.827 16.359 -9.756 5.9237 -5.6888 -7.5779 1.7464 -8.3312 10.115 -8.8956 7.524 -10.165 0.11428
1 0 1 2 76.469 3.031 19.795 -7.3596 6.4734 0.68887 -5.375 1.095 -9.7055 4.1482 -9.9394 4.6693 -4.0164 2.8014
1 0 1 2 76.673 3.1594 19.695 -7.3466 6.2837 0.46393 -5.1016 0.86572 -9.3922 3.9025 -9.8228 4.6643 -3.9311 2.698
1 0 1 2 66.899 -9.717 14.7 -11.019 3.3614 -8.2435 -2.2947 4.9656 -5.7999 8.9957 -6.9121 7.11 -9.0812 -0.63361
1 0 1 2 66.291 -10.973 13.13 -9.4623 5.2529 -5.5191 -2.0302 7.0754 -6.7085 10.363 -6.9782 2.7603 -7.6982 0.44095
1 0 1 2 67.516 -12.125 13.393 -11.996 2.1686 -3.5294 -6.3251 7.3934 -3.2081 7.663 -3.5189 4.8962 -3.1659 2.8437
1 0 1 2 67.039 -12.231 15.007 -10.094 2.2823 -1.4401 -4.5947 4.7612 -6.3516 5.009 -3.8497 3.09 -5.1044 1.4754
1 0 1 2 66.869 -11.855 14.551 -8.7432 2.8381 0.26038 -4.1726 8.2967 -5.1395 5.8824 -4.3447 2.2607 -4.9899 -1.4405
1 0 1 2 67.499 -11.583 14.959 -9.2416 1.1175 -0.89652 -6.9149 9.8811 -6.8477 5.5549 -1.0509 1.7579 -7.4917 -3.7778
1 0 1 2 67.717 -11.753 15.136 -8.2111 0.65556 -1.2409 -7.2955 8.5858 -6.8304 4.6169 -3.4469 1.6283 -6.9423 -4.6277
1 0 1 2 74.05 1.9397 27.005 -3.2099 3.4596 -1.6136 -6.0575 7.3546 -13.833 -0.092449 -4.4159 2.201 -0.60912 2.3794
1 0 1 2 74.086 2.1113 26.972 -3.6084 3.6277 -1.6574 -6.4011 7.6524 -13.602 -0.30202 -4.6533 2.3926 -0.60711 2.1554
1 0 1 2 69.834 -5.3471 21.873 -5.0785 5.0445 -1.0949 -8.4528 7.5956 -9.1866 2.6049 -6.6351 -0.077572 -1.6619 1.2543
1 0 1 2 66.925 -11.049 15.039 -10.471 1.378 -3.3878 -8.0487 10.645 -2.7611 7.54 0.86947 1.7902 -5.1062 2.5713
1 0 1 2 67.625 -10.678 15.965 -10.807 -2.2603 -3.4437 -11.673 2.161 -3.4285 4.3002 -1.6742 0.66022 -2.7075 -0.054602
1 0 1 2 67.772 -10.045 15.571 -11.115 -1.4659 -3.0123 -10.05 1.6196 -3.2559 4.8062 -3.0564 2.2324 -3.7015 -0.27199
1 0 1 2 68.01 -10.503 14.258 -11.632 0.58382 -1.4987 -7.032 8.1982 -3.3654 7.2336 -3.5323 -2.2189 -6.991 -3.9112
1 0 1 2 68.135 -10.086 13.189 -12.518 -3.4598 -7.7437 -8.595 7.0448 -1.6181 5.5405 -5.3331 1.0368 -5.6648 -0.67222
1 0 1 2 72.322 -4.3252 14.562 -10.532 -4.5307 -13.204 -10.084 9.443 0.51347 4.0212 -5.6878 4.045 -4.5033 0.70652
1 0 1 2 67.695 -11.068 14.956 -8.5247 0.77763 -4.8003 -6.8117 4.5678 -5.5932 6.8399 -2.8606 -0.50413 -5.1313 1.4352
1 0 1 2 66.79 -12.092 14.883 -7.5453 1.8829 -3.5141 -7.1016 5.7453 -4.4919 5.4139 -4.0074 1.5706 -5.694 1.0037
1 0 1 2 67.238 -12.091 13.362 -9.6289 0.63038 -4.7465 -7.2762 5.791 -5.7041 5.9788 -2.959 4.9419 -1.0055 5.1012
1 0 1 2 67.045 -11.342 14.394 -11.9 1.5754 -3.6588 -4.6727 10.456 -4.8214 8.5103 -3.3174 1.6077 -5.2451 -1.1797
1 0 1 2 66.396 -11.574 15.147 -9.6357 0.90365 -2.5534 -7.9735 9.0515 -7.0306 5.4999 -2.8143 0.12669 -6.8995 0.7608
1 0 1 2 67.305 -11.312 13.923 -8.7196 0.97706 -1.2172 -8.2687 9.9087 -4.2079 8.3633 -0.12622 -2.6271 -6.9811 2.0683
1 0 1 2 67.541 -10.496 15.42 -7.2212 1.0908 -1.2422 -11.87 7.9777 -5.2483 6.3972 -2.0572 -0.57456 -3.6901 -0.83374
1 0 1 2 67.214 -11.046 14.276 -8.2531 0.60339 -0.40438 -11.718 6.0125 -4.4032 7.0499 -3.4031 -1.4858 -4.4739 -0.88617
1 0 1 2 66.867 -11.668 14.158 -9.1057 1.1875 2.9564 -5.915 8.6933 -2.2836 6.3413 -2.4327 1.3013 -6.9646 -1.0845
1 0 1 2 67.019 -10.658 15.69 -8.1527 0.34403 -0.62671 -7.1036 6.1517 -7.7221 1.9817 -4.9865 -0.60533 -4.7669 0.020028
1 0 1 2 68.31 -10.72 11.524 -11.58 1.3599 0.45435 -8.6914 7.8675 -7.4543 4.1846 -4.8084 3.0357 0.14025 -1.1723
1 0 1 2 67.11 -11.602 12.665 -9.2896 0.61488 -1.2933 -7.1095 8.5003 -7.202 7.0497 -4.5009 2.246 -2.0238 1.437
1 0 1 2 69.277 -9.5488 10.442 -14.328 -3.6093 -2.3351 -5.7423 11.787 -6.5553 2.6016 -6.8879 1.3535 -3.1792 1.498
1 0 1 2 67.179 -10.939 13.769 -10.167 1.9658 -0.37401 -9.283 7.6549 -7.4076 7.4166 -2.6255 2.7234 -7.7546 1.5912
1 0 1 2 68.34 -8.9091 12.662 -13.766 -3.4267 -4.3229 -3.2211 12.378 -4.0518 5.7129 -6.2 -1.2656 -5.5674 0.44446
1 0 1 2 66.887 -11.663 13.301 -9.5361 -0.43968 -1.4849 -6.8959 9.2822 -5.6621 6.9148 -1.9366 2.792 -3.6436 -1.5573
1 0 1 2 66.616 -12.515 12.628 -11.787 -0.46609 0.90521 -8.9158 9.4563 -5.7235 6.4857 -2.4729 1.0241 -8.3906 -1.185
1 0 1 2 67.171 -11.541 14.406 -10.973 -0.04667 -1.1904 -8.8667 6.6781 -1.8263 9.2512 -2.5028 2.4385 -4.9833 -4.2859
1 0 1 2 67.046 -11.883 13.136 -9.9502 -1.7624 -1.2658 -8.2933 6.228 -6.2802 7.9012 -2.1799 4.3224 -4.2124 0.23009
1 0 1 2 66.91 -12.737 14.86 -9.0927 0.13174 -0.26133 -10.291 6.8146 -5.144 6.9974 -2.263 0.96399 -6.0295 -1.5874
1 0 1 2 67.22 -11.558 14.378 -8.5993 -0.2269 -1.6098 -7.9932 8.7353 -4.3706 6.8104 -4.1352 2.8344 -3.2094 -1.4503
1 0 1 2 67.349 -11.045 14.233 -9.171 1.7774 -3.6427 -9.0566 5.2433 -10.648 4.1345 -4.2134 2.7082 -3.1655 0.78621
1 0 1 2 66.52 -10.966 14.916 -9.4726 0.80125 -5.5092 -6.0826 5.7034 -7.7622 6.8847 -5.9612 3.1697 -1.5547 1.8011
1 0 1 2 66.373 -11.48 16.291 -8.8191 0.61661 -6.7662 -9.2373 7.7204 -7.2072 8.6077 -4.0638 2.8529 -3.433 0.5386
1 0 1 2 66.525 -11.379 15.027 -8.9092 0.60962 -3.8406 -1.8828 8.0947 -10.409 7.0557 -5.9265 1.3276 -6.6662 -2.7595
1 0 1 2 66.733 -11.054 15.32 -8.6912 1.6239 -4.4932 -7.2457 8.9162 -1.9049 8.593 -6.9274 1.1339 -5.8025 0.5946
1 0 1 2 67.232 -10.125 15.319 -12.164 2.3731 -0.90288 -7.2292 4.927 -8.8502 2.9227 -5.6278 4.8197 -5.8257 -0.51071
1 0 1 2 68.851 -8.2984 12.774 -14.148 -0.65208 -3.0112 -1.0499 9.889 -6.9318 5.2388 -9.2975 1.9301 -9.7437 0.20061
1 0 1 2 66.688 -11.181 14.449 -9.9663 0.33937 -7.2395 -7.8445 8.4304 -6.2923 10.66 -3.715 2.9121 -5.3618 0.20149
1 0 1 2 67.309 -11.425 14.124 -9.0813 2.3416 -4.9629 -4.8341 7.5442 -5.03 9.2442 -7.3257 4.695 -5.8979 -2.6233
1 0 1 2 67.286 -10.356 16.245 -9.0079 2.9245 -4.1738 -4.7503 8.7364 -6.1219 6.0167 -4.6825 2.3819 -4.2519 -0.049272
1 0 1 2 67.112 -11.39 16.627 -7.6976 2.2692 -4.4971 -9.8559 3.2508 -9.8579 7.5661 -1.2746 3.0728 -5.6276 -0.92584
1 0 1 2 66.675 -11.125 14.907 -9.3665 3.5249 -1.2687 -6.6286 7.9681 -9.9077 3.1408 -6.5719 3.0146 -3.0128 0.25299
1 0 1 2 67.131 -11.376 15.889 -8.0368 1.3158 -0.65978 -6.8825 6.4143 -9.714 5.6013 -5.8633 -1.6099 -2.7764 0.58265
1 0 1 2 66.656 -11.627 16.298 -7.6614 1.7938 -3.9904 -11.29 5.3105 -6.402 9.8377 -2.4146 1.2942 -3.1806 -1.8708
1 0 1 2 66.634 -12.067 15.879 -9.525 3.4125 -1.8033 -4.9934 11.112 -7.0378 7.5603 -2.3539 0.67883 -9.1514 -2.5108
1 0 1 2 67.223 -10.933 14.876 -9.7496 2.6068 -2.2734 -6.7011 4.8622 -10.764 5.8103 -4.2353 2.4154 -3.4249 1.3076
1 0 1 2 67.223 -11.534 15.239 -10.204 0.72244 -0.81589 -7.1834 3.6351 -5.3846 9.5042 -4.4081 0.94772 -6.8617 -3.0596
1 0 1 2 66.816 -11.448 16.285 -9.1771 1.608 -1.2325 -8.1711 2.4004 -9.8037 9.2566 -2.1207 1.2602 -5.9982 -1.0734
1 0 1 2 67.348 -10.666 14.893 -9.3377 0.030236 -7.0116 -8.6812 2.2534 -9.063 7.5464 -1.8943 3.0795 -2.6903 0.98462
1 0 1 2 66.67 -11.64 16.891 -8.8374 1.6524 -2.6063 -7.2835 6.4238 -4.3716 8.5492 -3.1892 2.0967 -4.7203 -2.0336
1 0 1 2 66.972 -11.35 16.239 -11.759 -5.0619 -6.1893 -9.5166 6.1295 -6.9559 10.419 -4.1997 -2.461 -4.8403 0.94502
1 0 1 2 66.619 -11.192 16.064 -9.9404 3.0174 -0.18686 -7.4842 7.3295 -6.5836 8.0022 -2.0348 3.1427 -5.0096 -2.4209
1 0 1 2 66.886 -11.674 15.069 -8.8513 1.4293 -4.1233 -9.7344 8.2797 -6.2993 6.5498 -1.5813 2.2251 -3.2221 -0.72971
1 0 1 2 67.364 -10.832 15.55 -10.273 -0.46114 -0.28793 -7.2262 8.6963 -9.5214 6.0598 -1.2869 0.29589 -6.1689 -1.3457
1 0 1 2 66.794 -11.572 14.856 -10.374 0.9328 -3.9974 -7.5769 4.8312 -8.0558 6.6564 -4.8256 -0.78131 -3.4042 -2.4171
1 0 1 2 67.348 -11.319 15.168 -10.508 2.0516 -1.6571 -9.3346 5.2531 -6.6377 5.384 -4.429 0.93086 -5.1079 -0.6124
1 0 1 2 67.04 -11.286 15.084 -9.3195 2.2301 -2.0706 -9.6072 9.22 -12.887 4.4768 -5.7147 2.1557 -2.8285 0.7181
1 0 1 2 67.115 -11.488 15.879 -8.103 2.6257 -2.5036 -11.918 3.1758 -7.9151 9.1149 -4.7055 -0.20114 -3.8526 -1.3983
1 0 1 2 68.021 -9.0248 15.83 -8.1851 1.928 -5.3912 -7.2013 8.5152 -10.542 5.4551 -5.55 0.9433 -3.9717 -1.4488
1 0 1 2 68.695 -6.8967 21.545 -1.4338 6.4833 0.22638 -4.9554 7.7795 -13.141 5.3237 -5.1419 2.9805 -3.174 -2.5687
1 0 1 2 66.75 -10.698 15.655 -9.5763 1.8953 -4.1039 -11.818 7.4611 -8.6811 10.151 -5.8002 -1.0737 -3.8153 -2.8309
1 0 1 2 66.463 -10.858 15.168 -9.672 1.4005 -5.6013 -9.757 9.7869 -9.1967 11.849 -4.5588 0.73331 -3.1166 -1.6178
1 0 1 2 66.954 -11.618 13.853 -10.289 2.7026 -1.327 -6.163 9.2459 -8.5648 10.419 -2.8619 1.9705 -2.8958 -1.1534
1 0 1 2 66.462 -10.775 13.766 -9.609 3.0926 -2.4266 -9.8234 9.6514 -10.653 7.972 -4.2162 1.9824 -1.9168 0.5078
1 0 1 2 66.386 -10.89 13.408 -9.2368 3.6508 -2.6899 -9.7012 9.222 -10.199 8.7001 -5.4195 2.2809 -2.0236 -0.42715
1 0 1 2 66.259 -11.05 14.23 -8.4857 1.1294 -3.8729 -8.2542 9.4733 -11.385 7.0178 -5.2376 1.7647 -2.6171 -0.80358
1 0 1 2 66.214 -10.781 11.974 -8.9631 3.4752 -4.1368 -10.6 7.2577 -9.4509 10.797 -2.8532 4.1578 -2.0244 -0.58235
1 0 1 2 66.543 -13.402 15.907 -11.748 8.1688 -4.7942 -2.6346 4.8576 -9.3583 9.651 -3.2908 7.1493 -4.9193 2.0023
1 0 1 2 66.64 -13.529 15.575 -12.174 9.7379 -4.9758 -4.4164 3.3747 -6.4049 9.5124 -7.0497 8.6545 -5.9886 0.085646
1 0 1 2 66.615 -13.613 15.248 -12.404 6.7151 -5.6586 -1.7499 4.8141 -6.7767 10.215 -5.259 8.3415 -5.0779 0.41968
1 0 1 2 66.971 -14.211 13.977 -11.643 7.4086 -4.9712 -4.5934 3.3987 -7.1253 7.0338 -5.8495 6.4574 -4.6928 0.86306
1 0 1 2 66.838 -13.39 16.279 -12.184 6.7289 -5.3113 -2.4248 6.8873 -4.0447 7.3953 -8.607 5.2378 -6.4028 2.6817
1 0 1 2 67.214 -13.849 14.722 -12.028 5.9752 -7.024 -1.3898 3.1644 -7.6573 8.8582 -3.1439 8.0953 -5.3947 4.1791
1 0 1 2 66.71 -14.379 13.556 -11.668 8.1398 -5.2252 0.0015015 3.2192 -9.2783 7.1345 -5.9475 8.0602 -3.7836 4.8946
1 0 1 2 66.326 -13.824 15.806 -10.776 8.8494 -5.1202 -1.7495 2.0624 -7.1699 12.013 -5.6668 6.3155 -4.5175 2.5916
1 0 1 2 66.076 -14.223 15.45 -13.18 8.6017 -4.1523 -1.4679 3.8668 -7.1648 9.5506 -6.8639 3.894 -5.5927 2.7284
1 0 1 2 66.924 -12.747 14.747 -15.481 7.5539 -5.8042 -1.4564 3.0544 -8.8571 8.7229 -4.1263 7.8847 -2.8732 3.6107
1 0 1 2 66.746 -14.047 14.305 -13.641 6.4342 -3.6844 -0.39975 6.1213 -3.7857 7.922 -7.7602 7.1746 -5.6725 1.6524
1 0 1 2 66.42 -13.574 16.383 -11.077 7.7568 -8.2472 0.23224 5.9375 -5.1743 9.396 -8.2259 3.6506 -6.303 0.068746
1 0 1 2 66.826 -14.79 15.352 -10.05 9.0832 -6.1377 -0.96044 2.0383 -6.6361 11.063 -6.3322 5.1353 -8.4402 -0.05135
1 0 1 2 66.782 -14.17 14.51 -12.075 8.7554 -5.9801 -0.60083 6.987 -3.73 11.255 -4.5969 6.9132 -5.7748 1.555
1 0 1 2 66.314 -14.478 14.335 -13.238 10.615 -5.5172 -2.1906 4.1401 -6.6092 9.2598 -5.3997 8.1848 -6.6531 1.0052
1 0 1 2 66.751 -13.099 15.216 -13.835 8.9538 -5.3614 -3.5396 3.0317 -4.5592 8.3402 -7.0768 3.5571 -7.9995 3.8139
1 0 1 2 67.38 -12.722 14.346 -12.483 8.548 -5.7024 -0.95958 3.7012 -6.8602 8.1629 -7.1507 5.2381 -6.3664 3.6035
1 0 1 2 66.682 -13.068 16.478 -11.363 8.328 -4.2261 0.58425 5.3276 -5.8398 10.631 -5.2453 5.3079 -4.3552 2.0472
1 0 1 2 65.738 -15.004 16.931 -12.455 8.9242 -4.5381 -3.4767 6.1288 -4.8132 5.4919 -6.2549 4.2113 -6.4391 2.8202
1 0 1 2 66.632 -14.258 16.341 -11.703 9.4965 -3.5779 -1.9195 3.5306 -6.0542 6.9282 -8.9254 3.0159 -7.7117 2.5731
1 0 1 2 67.145 -13.676 15.586 -11.675 8.0376 -5.649 -0.11631 3.2638 -7.5355 9.585 -5.4204 1.8299 -5.208 3.3201
1 0 1 2 65.792 -14.295 17.343 -13.81 8.1205 -5.5143 -1.9614 2.368 -6.6809 6.8703 -3.6847 7.7928 -5.4991 4.3562
1 0 1 2 65.608 -14.193 17.516 -12.503 7.2507 -6.1704 0.81724 4.4536 -5.8988 7.4445 -2.4061 9.3135 -5.7079 3.9033
1 0 1 2 65.782 -14.236 17.325 -12.524 7.9029 -4.489 -1.6104 4.2579 -5.6788 7.5916 -3.6914 6.4145 -5.4911 3.2327
1 0 1 2 65.95 -14.248 15.796 -14.074 7.7596 -4.0962 0.19701 3.769 -5.5378 5.9039 -6.6407 7.0838 -4.3872 3.5767
1 0 1 2 66.272 -13.267 16.886 -12.116 7.8802 -7.5584 -0.97541 3.0602 -7.8401 6.8895 -6.1796 7.96 -5.1215 2.3944
1 0 1 2 66.219 -14.032 15.283 -14.436 9.1801 -5.5529 -1.353 3.7061 -2.9041 9.1737 -5.8242 8.4012 -3.446 2.197
1 0 1 2 65.65 -14.685 16.758 -13.698 5.9888 -5.0576 1.7258 5.4228 -4.7723 6.4872 -3.4149 9.3214 -4.8698 3.8298
1 0 1 2 65.691 -14.973 16.602 -12.551 5.8889 -5.7699 2.6727 5.7933 -5.82 5.5699 -3.3091 8.3406 -5.9587 4.4221
1 0 1 2 66.274 -14.285 16.348 -13.31 5.2263 -6.1926 2.1082 6.3026 -2.7386 6.2996 -7.1877 4.6893 -7.5811 2.9941
1 0 1 2 66.414 -13.602 15.477 -14.018 6.9489 -6.5569 0.74863 5.8177 -3.7318 6.1393 -7.1644 6.8406 -5.4304 1.9913
1 0 1 2 66.775 -13.976 16.443 -11.542 8.2956 -6.1814 -0.24789 4.6196 -6.4279 4.4664 -4.879 8.9451 -2.713 1.8026
1 0 1 2 66.35 -14.218 17.301 -12.606 6.3265 -5.4558 0.040219 5.4463 -5.6286 4.4995 -6.1768 6.1965 -5.5264 1.4562
1 0 1 2 66.861 -13.552 14.969 -14.119 7.0867 -5.4867 1.4624 2.8354 -7.1412 9.6089 -4.8072 6.7593 -2.6016 4.0416
1 0 1 2 66.587 -13.853 16.101 -13.711 8.3878 -6.1981 1.0237 2.0988 -6.2236 7.9945 -4.0483 7.0605 -5.3604 1.6049
1 0 1 2 66.601 -14.737 15.202 -13.575 9.995 -1.9054 -1.2557 0.064158 -4.4235 7.7229 -7.871 5.6161 -5.036 2.2168
1 0 1 2 66.335 -14.792 15.295 -13.252 8.103 -5.9706 -2.78 1.9311 -4.4849 5.7694 -5.9794 5.0406 -5.3935 2.958
1 0 1 2 66.357 -14.612 14.801 -14.127 7.6995 -8.642 -1.3195 3.3761 -5.9 8.5424 -4.9971 6.8709 -3.4506 2.7346
1 0 1 2 67.083 -13.551 14.305 -13.392 8.5987 -8.7115 -0.90517 3.7332 -6.3582 8.2649 -3.1025 6.6968 -5.1393 2.3995
1 0 1 2 67.085 -13.433 15.382 -13.228 8.9984 -6.7934 1.4766 4.8291 -4.053 7.8665 -6.8287 5.985 -1.7791 3.83
1 0 1 2 67.22 -13.386 15.703 -13.47 8.9674 -5.3116 -1.9914 3.6205 -3.9621 7.6413 -4.4978 5.0953 -5.3226 3.2378
1 0 1 2 66.703 -13.422 17.179 -13.712 7.8634 -5.5398 1.3526 2.9752 -6.0283 7.8658 -6.1454 4.3118 -4.0409 2.9442
1 0 1 2 66.795 -13.705 16.489 -12.468 8.8941 -5.8332 0.58848 2.986 -6.393 4.92 -6.0116 5.6731 -3.9658 2.7816
1 0 1 2 66.418 -13.631 16.775 -13.757 7.5759 -6.5607 -1.1817 5.0391 -2.3994 6.9721 -6.8504 6.3124 -6.1039 3.5017
1 0 1 2 66.87 -13.544 16.361 -15.992 6.029 -7.9357 1.1865 2.1735 -7.144 5.3486 -6.322 7.2993 -4.7517 4.0965
1 0 1 2 66.46 -14.243 16.93 -13.557 5.4125 -7.8598 4.6821 3.7243 -3.5106 5.2599 -6.7806 6.2605 -5.1632 3.364
1 0 1 2 67.147 -14.161 14.643 -14.801 8.1298 -5.4366 0.37098 2.5887 -3.9678 5.8559 -5.5838 4.9099 -8.58 0.019994
1 0 1 2 66.631 -14.4 15.824 -12.198 11.876 -2.7637 0.24145 2.5315 -6.5356 3.1936 -7.1496 6.4508 -2.9614 4.2107
1 0 1 2 66.493 -14.099 15.008 -13.149 10.497 -6.5054 0.21862 0.64078 -6.6209 9.209 -4.1198 4.3049 -4.823 5.2169
1 0 1 2 66.571 -13.714 15.563 -14.316 8.9732 -7.1602 -0.11529 2.5056 -4.9498 8.3098 -3.1609 6.0215 -4.8105 3.0883
1 0 1 2 67.188 -13.55 16.606 -13.157 6.9525 -4.1438 0.96734 1.8946 -1.716 8.2868 -6.4403 3.5527 -6.9695 1.3587
1 0 1 2 66.733 -13.446 16.31 -13.801 6.6517 -6.5999 1.6707 4.5436 -2.3421 6.3699 -6.1901 6.0783 -4.2823 0.85779
1 0 1 2 70.367 -9.1107 16.803 -15.29 2.3613 -10.029 -1.3538 1.9228 -1.9389 4.3146 -7.8097 8.1948 -7.0707 -1.0335
1 0 1 2 71.173 -8.4743 16.47 -15.383 0.87304 -11.895 0.54515 1.4427 -3.7836 3.1038 -7.4968 8.6134 -7.1571 -1.6074
1 0 1 2 66.789 -13.88 15.632 -14.116 10.61 -7.403 -0.065074 2.1932 -6.8918 9.4389 -1.567 3.5215 -6.5438 2.5392
1 0 1 2 67.347 -13.64 15.256 -13.921 7.0933 -7.1112 0.058117 -1.0091 -7.9543 5.3502 -6.1007 7.3247 -1.1339 2.6514
1 0 1 2 67.388 -13.658 16.427 -13.546 6.2222 -8.463 -0.12757 3.5382 -4.606 2.7133 -6.2887 6.9631 -6.966 1.2424
1 0 1 2 67.347 -12.982 16.651 -14.866 8.3371 -6.9724 -0.12138 2.2772 -3.2728 8.4603 -2.7915 7.1333 -5.8947 3.1471
1 0 1 2 66.617 -14.462 16.494 -12.447 6.5323 -9.4062 2.532 3.2868 -5.7627 7.5073 -4.776 6.7226 -2.9718 3.0957
1 0 1 2 67.471 -14.067 13.899 -13.945 12.4 -5.7516 -0.046959 1.9249 -5.0074 6.388 -5.2164 2.8881 -6.3677 4.5504
1 0 1 2 71.025 -6.0673 24.267 -5.7814 13.895 -2.5169 0.15439 2.6617 -4.9834 1.1083 -8.3269 1.2705 -7.0311 4.4343
1 0 1 2 68.686 -10.083 20.905 -7.5303 13.032 -5.1156 3.7059 3.2701 -7.4621 3.0414 -7.7076 1.8915 -6.1316 4.319
1 0 1 2 67.272 -13.772 16.257 -12.937 7.4472 -6.0973 6.1976 4.6814 -5.2154 5.226 -7.6346 5.2788 -4.1873 3.0709
1 0 1 2 67.418 -14.021 14.635 -13.484 8.0139 -6.9951 -0.14074 1.2916 -4.4829 4.4676 -5.2871 5.8744 -2.9861 1.8252
1 0 1 2 67.48 -12.436 15.059 -13.274 8.7345 -8.9253 0.30287 -0.2276 -5.7196 9.4858 -5.5364 4.5186 -5.3004 1.6457
1 0 1 2 67.06 -13.509 17.505 -10.809 8.0457 -5.7979 3.0701 3.7341 -5.9436 7.3403 -5.8608 3.4271 -4.8462 2.5567
1 0 1 2 66.295 -13.482 17.447 -13.359 8.3236 -7.0667 -0.19617 3.6875 -3.5022 6.2894 -8.8065 1.1355 -7.2957 3.7224
1 0 1 2 66.367 -13.445 17.49 -14.574 5.1584 -10.045 2.9214 5.0688 -3.1202 7.396 -3.4524 2.4164 -6.5596 3.9564
1 0 1 2 66.757 -13.519 16.165 -14.964 10.549 -5.4806 -0.34124 4.178 -5.4533 6.1992 -3.8352 3.8404 -5.1062 3.2936
1 0 1 2 66.885 -13.985 16.14 -13.411 6.7623 -7.2043 2.512 2.3728 -3.6853 8.606 -5.2823 5.1547 -2.3867 3.0141
1 0 1 2 67.2 -14.164 14.779 -12.527 10.161 -6.2721 3.2352 2.6745 -5.6307 8.3018 -4.1139 5.7975 -4.0627 1.9827
1 0 1 2 66.202 -14.421 15.102 -13.001 8.2629 -8.3515 1.5301 2.3283 -1.5923 8.3659 -5.0272 5.4842 -3.748 3.7808
1 0 1 2 66.38 -14.306 14.704 -12.665 9.5389 -8.4665 1.0702 3.5643 -4.5096 5.7471 -5.6488 6.7141 -4.2697 -0.65935
1 0 1 2 66.513 -14.445 14.261 -13.707 9.8892 -7.1234 -0.55437 2.4662 -6.7597 4.3182 -4.1109 6.2023 -4.6613 0.10044
1 0 1 2 67.216 -13.371 15.766 -12.62 8.2134 -4.7291 0.70748 3.9271 -4.6722 4.3597 -5.9835 6.186 -2.8617 3.2624
1 0 1 2 66.749 -13.706 16.646 -12.22 8.907 -5.8942 1.5749 5.2517 -4.1913 2.983 -5.1329 4.0775 -3.7649 4.6236
1 0 1 2 67.039 -13.536 17.645 -13.037 7.2151 -5.5557 2.6631 4.3296 -7.1431 2.9644 -6.1299 4.9017 -6.0959 0.52395
1 0 1 2 66.68 -14.617 17.672 -12.27 7.8082 -8.6057 -1.0948 2.7473 -6.3127 3.5065 -5.8056 4.3584 -5.8525 1.4081
1 0 1 2 67.519 -12.628 16.187 -15.045 6.5545 -9.2532 2.3893 6.3304 -1.1932 8.7763 -5.671 5.155 -3.9863 2.7194
1 0 1 2 67.941 -12.71 14.668 -15.876 9.2824 -5.4182 0.97553 4.0138 -2.508 6.3475 -5.2905 5.5107 -2.72 3.5387
1 0 1 2 66.606 -13.57 17.215 -14.415 5.884 -8.4971 1.3168 2.2865 -4.405 6.4965 -6.4537 5.7972 -5.1896 1.0107
1 0 1 2 66.177 -13.643 17.406 -16.517 5.9452 -5.8861 1.4169 1.9077 -7.803 4.1498 -6.5931 3.7947 -5.9285 2.9767
1 0 1 2 67.224 -13.307 15.529 -12.746 9.7108 -7.0281 -1.7719 3.2474 -2.2014 7.7334 -5.212 3.6334 -8.6698 1.1904
1 0 1 2 67.15 -13.808 16.48 -15.115 6.7959 -6.8739 -0.15482 1.8698 -2.8788 9.423 -5.087 4.3045 -6.0346 2.2911
1 0 1 2 67.463 -13.35 15 -15.181 7.0451 -6.5826 -1.1722 -0.83694 -4.6763 5.8805 -7.9811 1.6735 -5.4441 2.7832
1 0 1 2 67.408 -13.156 16.111 -12.67 7.7793 -7.2102 -1.6383 -0.17811 -3.4368 5.9116 -8.3966 5.0169 -4.3083 1.9723
1 0 1 2 67.449 -13.695 17.228 -15.2 7.0032 -8.4515 -0.64428 4.1627 -3.2905 6.6198 -5.838 3.6305 -7.8449 3.6227
1 0 1 2 67.787 -13.89 17.334 -14.452 6.4164 -7.9253 -0.80407 3.074 -4.9101 7.6709 -3.7324 3.9433 -6.7098 2.7804
1 0 1 2 67.667 -12.897 18.408 -13.383 8.1539 -8.1863 0.75686 0.84908 -6.2419 6.7454 -5.8181 1.9377 -5.1025 3.4654
1 0 1 2 67.808 -13.539 17.893 -13.987 6.1147 -6.4094 0.087633 1.6051 -8.1737 5.284 -9.3132 0.004171 -5.7689 -0.53527
1 0 1 2 67.765 -13.506 17.876 -14.467 7.8931 -4.8717 -0.96537 3.9421 -7.7697 4.6632 -7.9849 0.91582 -3.7309 1.596
1 0 1 2 67.935 -13.969 17.204 -13.7 8.3878 -5.021 -1.1596 4.2931 -6.5472 6.1213 -7.5844 2.6831 -2.6267 1.6386
1 0 1 2 68.965 -12.978 15.778 -13.905 5.3736 -8.2772 -1.539 4.5191 -8.2658 6.791 -8.8515 4.8122 -3.7554 2.0114
1 0 1 2 69.142 -12.927 15.679 -14.266 4.4374 -8.6386 -2.8776 5.2401 -6.7073 7.5029 -9.6158 4.2946 -4.091 2.7841
1 0 1 2 67.734 -12.581 15.145 -12.629 -1.2564 -3.9586 -10.308 5.0884 -9.8801 11.835 -8.6029 2.4666 -3.6928 -0.16278
1 0 1 2 68.974 -11.595 14.834 -9.7229 0.24893 -1.6189 -10.428 7.3226 -12.554 7.3462 -4.9271 3.678 -2.9719 0.69556
1 0 1 2 67.673 -10.922 16.289 -8.1645 0.14249 -3.4663 -11.097 6.2589 -5.9922 5.1005 -9.0093 1.0923 -5.9594 2.2829
1 0 1 2 67.378 -8.1291 16.195 -9.9622 2.6663 -6.3165 -3.6953 7.6297 -8.1393 9.2273 -14.997 7.9042 -9.0377 0.50708
1 0 1 2 66.963 -8.6353 15.652 -8.6982 1.7582 -8.581 -7.5347 6.7111 -9.3318 10.285 -12.132 7.5918 -3.7832 1.721
1 0 1 2 66.881 -8.2774 14.86 -9.7243 3.0572 -6.1538 -5.6922 4.0627 -10.498 12.287 -13.887 5.0376 -8.1684 1.8494
1 0 1 2 66.734 -9.0118 14.416 -10.029 3.0694 -5.9021 -6.281 6.9299 -11.839 12.261 -10.312 7.9169 -10.103 4.311
1 0 1 2 66.267 -9.1639 16.205 -11.076 2.0539 -4.6875 -5.0346 8.0992 -11.853 8.501 -6.5486 9.0739 -7.8123 3.9599
1 0 1 2 66.104 -9.1374 17.456 -11.379 1.5089 -6.6816 -6.9058 8.2821 -11.165 7.7423 -10.572 7.4115 -9.8952 -1.6839
1 0 1 2 66.334 -9.4797 14.406 -10.811 0.31972 -8.1441 -9.6133 2.9088 -9.7891 9.8197 -7.3538 4.2576 -6.1695 3.7405
1 0 1 2 66.716 -9.2714 15.652 -11.937 4.0969 -8.8539 -8.1426 6.7074 -11.712 9.8761 -12.003 7.1672 -7.0096 -1.2823
1 0 1 2 67.045 -8.6105 15.654 -11.06 2.9505 -8.3395 -8.4336 7.5342 -6.5627 10.856 -12.464 6.8901 -6.9311 -0.76214
1 0 1 2 67.381 -8.7678 14.711 -12.021 5.3294 -9.0399 -6.5656 8.6968 -9.6291 9.6903 -11.723 5.5968 -8.0958 1.5886
1 0 1 2 66.401 -9.2833 16.268 -10.496 2.6936 -6.1139 -6.0863 5.1779 -6.6643 14.188 -11.531 4.0748 -8.5697 2.5584
1 0 1 2 66.94 -8.6168 16.2 -9.0012 1.8023 -6.8032 -6.7711 6.8023 -6.4857 13.028 -9.7734 8.106 -5.5853 1.374
1 0 1 2 67.461 -8.2786 15.374 -8.2381 1.8737 -8.8188 -8.3144 3.6964 -7.4953 11.962 -12.022 7.014 -10.094 2.0715
1 0 1 2 66.977 -8.9931 15.164 -10.189 0.52284 -8.2028 -5.8952 6.7968 -8.1014 12.815 -5.7787 8.8784 -10.717 2.0783
1 0 1 2 66.03 -9.5961 17.503 -10.443 0.10176 -6.2527 -8.3219 6.5896 -6.1808 14.744 -8.3382 2.8691 -9.8138 1.9947
1 0 1 2 66.118 -9.2355 15.961 -11.101 2.2591 -7.9407 -8.6773 9.4044 -5.5441 11.51 -9.5489 3.2626 -8.0627 2.9518
1 0 1 2 67.179 -7.8068 14.951 -9.5015 2.4207 -7.2321 -4.8595 8.8077 -11.55 6.6579 -9.9545 4.1582 -8.2227 3.9863
1 0 1 2 71.044 0.28008 24.232 -2.2386 9.2212 -1.6303 -5.3972 2.653 -9.3081 5.8792 -12.161 7.7666 -8.7614 6.5835
1 0 1 2 70.313 -6.0078 12.248 -11.81 -2.0518 -10.676 -3.2091 2.8734 -5.1501 11.482 -9.9242 5.0798 -10.203 -0.95636
1 0 1 2 69.019 -5.5054 15.052 -12.049 -2.587 -8.6383 -5.1105 5.2516 -8.387 8.9355 -12.776 3.3772 -11.144 -0.069126
1 0 1 2 68.778 -5.8023 14.766 -14.744 -1.3579 -7.9121 -7.5237 2.8072 -7.0185 7.3481 -13.218 4.0983 -8.2971 -1.7676
1 0 1 2 67.252 -9.1017 16.572 -11.414 3.9975 -4.1987 -5.5957 6.1532 -10.844 10.221 -7.5098 5.0599 -10.116 2.4915
1 0 1 2 66.853 -9.3647 15.999 -12.305 3.4368 -6.1276 -6.379 6.5384 -9.2848 8.5115 -7.1826 5.8408 -8.9295 3.3192
1 0 1 2 67.026 -9.236 16.427 -10.15 2.0732 -7.35 -6.8435 8.0094 -9.6203 9.2976 -10.469 5.2454 -9.9407 1.6776
1 0 1 2 67.178 -7.3742 14.54 -12.902 -4.2244 -5.2797 -6.4525 5.1792 -9.6979 8.8327 -7.0097 4.008 -9.3365 0.54836
1 0 1 2 66.007 -8.6312 17.906 -7.586 1.1594 -4.7921 -8.1152 5.7276 -12.432 11.743 -8.3389 6.092 -9.6279 4.6601
1 0 1 2 67.863 -7.4184 12.249 -10.074 -0.18196 -4.2829 -3.206 8.3952 -8.2322 7.8407 -12.041 6.6522 -9.8318 2.7789
1 0 1 2 67.128 -6.9999 14.314 -7.7452 2.7606 -6.7263 -5.8508 6.6621 -9.2858 12.042 -11.949 8.8229 -7.2968 0.94384
1 0 1 2 67.317 -8.4902 14.168 -7.1397 2.3055 -6.2393 -9.7588 5.1367 -9.0128 9.8755 -9.5246 8.7873 -8.9126 -1.5658
1 0 1 2 66.795 -7.7413 14.581 -9.5289 1.5178 -7.7197 -8.4535 7.3386 -7.8782 9.6274 -11.679 1.6374 -9.4183 2.6217
1 0 1 2 67.323 -7.9142 12.827 -10.645 3.8677 -6.528 -6.1565 5.4468 -10.835 11.535 -8.9255 4.2028 -10.688 -2.1995
1 0 1 2 67.267 -7.8624 12.848 -8.9888 1.62 -7.4101 -5.6255 6.2142 -11.588 8.7168 -10.192 6.7909 -10.526 -1.7318
1 0 1 2 67.194 -7.5821 15.185 -7.5811 2.6516 -6.0615 -7.3062 4.0764 -10.762 8.1701 -13.73 4.2132 -10.327 -2.2632
1 0 1 2 67.23 -7.722 16.272 -8.6311 1.6881 -7.6365 -8.6222 2.9433 -9.1978 11.244 -8.9383 3.702 -10.44 -0.37379
1 0 1 2 66.632 -7.6872 14.445 -8.8252 1.2134 -7.7237 -9.2618 7.8983 -9.7573 8.0789 -11.94 2.0671 -11.688 2.558
1 0 1 2 66.787 -6.7119 15.004 -9.4307 0.2059 -8.1994 -6.4073 7.7473 -9.2663 11.513 -14.495 2.4231 -10.821 -0.13023
1 0 1 2 66.445 -7.5496 16.445 -10.467 0.58502 -5.0868 -0.69398 7.6471 -9.0541 13.85 -13.324 4.5183 -6.6723 2.1943
1 0 1 2 66.121 -7.6062 16.805 -10.449 3.4068 -1.1291 -5.8852 5.9164 -12.843 7.0127 -11.388 1.0397 -10.89 -1.0047
1 0 1 2 66.606 -7.2265 17.128 -10.096 1.741 -4.3257 -7.3471 2.4246 -11.303 6.2534 -10.763 0.9733 -10.641 -0.8399
1 0 1 2 66.439 -7.3334 16.069 -9.7808 0.34019 -9.7409 -7.9882 6.2939 -8.0943 9.9985 -10.735 6.6772 -7.5787 1.2541
1 0 1 2 66.253 -7.4797 17.375 -10.639 -0.022268 -6.7346 -7.0113 2.4441 -8.0969 9.5632 -10.091 3.0368 -11.699 1.755
1 0 1 2 67.278 -7.5698 15.391 -11.257 4.3588 -4.573 -6.6227 5.4868 -7.1972 11.218 -12.718 3.9386 -6.8024 2.0384
1 0 1 2 66.638 -7.6355 15.87 -8.3012 1.9612 -8.7906 -7.2624 6.8529 -8.73 11.348 -7.56 8.9268 -5.4061 0.78545
1 0 1 2 67.594 -7.6768 15.079 -9.254 2.3378 -4.4935 -5.6722 5.4824 -9.0443 12.341 -7.4684 2.7594 -8.6264 1.5021
1 0 1 2 67.183 -7.4827 15.911 -9.2333 1.9777 -7.1113 -6.4765 5.6156 -8.6166 8.6166 -8.631 5.9927 -8.5494 2.3609
1 0 1 2 67.486 -6.7227 15.515 -9.8435 2.6805 -6.3035 -5.2356 5.2164 -8.7423 8.5359 -8.5725 6.138 -9.1278 1.1941
1 0 1 2 66.898 -8.0143 16.076 -8.3369 4.5214 -3.4408 -8.9992 1.8388 -8.5372 8.7074 -7.689 3.2661 -9.9263 -1.1675
1 0 1 2 67.176 -7.1594 15.449 -11.795 2.782 -5.243 -5.6958 6.1621 -7.1011 8.2569 -9.3506 -0.49478 -12.544 -0.29942
1 0 1 2 66.8 -7.7194 15.131 -10.205 2.3628 -6.2302 -3.3174 4.0944 -7.6381 11.544 -13.094 3.2935 -11.471 0.17316
1 0 1 2 66.679 -7.9428 13.636 -8.6202 3.9841 -6.1283 -3.4812 7.9672 -9.3135 9.1176 -10.9 1.7128 -11.365 -0.044381
1 0 1 2 66.954 -7.6846 13.324 -10.413 4.0425 -4.0891 -5.0703 9.0896 -7.5196 9.7934 -9.0092 3.8423 -11.33 -0.90784
1 0 1 2 67.328 -7.3878 13.822 -9.5444 3.3109 -4.5552 -1.1483 4.7994 -8.2313 11.243 -10.989 4.7953 -5.4211 2.4845
1 0 1 2 67.261 -7.2661 15.072 -9.4408 1.91 -6.7072 -1.2401 5.8819 -8.477 11.627 -11.867 4.4785 -6.1855 0.95652
1 0 1 2 67.117 -7.0895 15.537 -9.8376 1.3836 -6.189 -3.2082 6.093 -7.9488 10.438 -10.29 3.7462 -10.753 -2.2461
1 0 1 2 67.848 -7.073 14.488 -8.2308 3.0391 -7.1134 -4.9159 2.7105 -9.0971 6.5741 -10.43 5.2255 -9.5274 -3.1026
1 0 1 2 67.681 -6.7304 14.168 -9.7873 2.648 -4.8435 -3.2406 -0.62834 -10.572 7.187 -13.594 7.2312 -7.7297 -0.7626
1 0 1 2 67.669 -7.4542 13.5 -11.801 2.8228 -4.6875 -4.1309 2.71 -8.2387 9.2201 -12.996 2.7289 -8.098 -0.017583
1 0 1 2 67.359 -7.7929 15.647 -10.706 3.9631 -3.6408 -3.3984 4.5034 -6.9688 7.3216 -14.043 2.5208 -9.6493 1.3572
1 0 1 2 68.4 -7.0797 12.515 -12.147 2.3491 -5.4135 -1.2668 5.7233 -8.2798 6.8823 -9.5327 5.8214 -5.4751 -0.54294
1 0 1 2 67.639 -7.5709 16.273 -9.94 2.2857 -5.2048 -4.1112 4.3506 -9.6783 6.019 -9.5616 5.1433 -6.3249 -0.20787
1 0 1 2 67.512 -7.5856 16.088 -8.8352 3.2291 -6.4504 -5.959 3.5693 -6.8528 5.4273 -9.8793 3.9047 -6.2446 1.1796
1 0 1 2 68.296 -6.8235 14.659 -9.2729 2.171 -7.2215 -4.3929 1.5409 -11.267 6.275 -12.362 3.4092 -8.8698 -2.8447
1 0 1 2 67.901 -7.8009 14.763 -8.382 3.2652 -8.3595 -3.4914 3.7947 -6.7781 10.867 -9.8975 5.4463 -4.4154 2.0047
1 0 1 2 67.429 -7.8785 15.871 -9.9163 1.2972 -7.1817 -3.4327 3.6054 -6.1465 6.9016 -7.1509 3.0698 -8.9508 2.307
1 0 1 2 67.568 -6.4316 16.646 -10.883 2.5944 -10.662 -5.4379 6.5372 -8.5286 4.0066 -8.9967 3.0855 -7.2796 2.1706
1 0 1 2 67.537 -5.5324 17.64 -8.7128 4.8833 -7.0339 -4.4043 4.7467 -8.4653 7.5556 -10.4 1.1069 -9.0297 2.5338
1 0 1 2 67.893 -4.6812 18.423 -8.1474 7.4308 -4.7292 -2.6944 4.1297 -9.3974 9.6339 -8.8353 0.92951 -7.0057 4.8367
1 0 1 2 67.039 -7.5683 15.764 -8.8345 4.5508 -7.5308 -3.6882 3.3296 -7.3779 6.7095 -8.1524 3.4442 -7.5728 2.7358
1 0 1 2 67.9 -7.1788 14.126 -11.4 2.8848 -7.5701 -3.7138 3.9631 -7.9834 7.0162 -8.0153 2.9503 -7.3078 4.9383
1 0 1 2 67.249 -7.821 15.435 -11.211 1.1393 -7.4558 -2.3298 3.3174 -5.584 9.5134 -9.995 2.8241 -5.6021 3.4462
1 0 1 2 67.76 -7.3307 15.777 -8.2913 3.2644 -8.0368 -2.8929 0.42608 -6.7493 7.6034 -11.305 3.4249 -9.3566 1.5848
1 0 1 2 67.785 -7.4661 15.957 -7.662 3.6274 -9.8545 -4.8913 1.0738 -4.5397 6.9784 -12.615 4.0715 -7.0779 2.4835
1 0 1 2 67.965 -6.804 15.591 -7.1973 5.8655 -7.1406 -1.3215 1.4608 -6.5414 5.9903 -9.6516 7.012 -5.233 1.6971
1 0 1 2 70.955 0.63058 22.075 -3.3487 8.6552 -2.9921 -4.3851 0.21939 -8.6817 8.0166 -7.1013 5.852 -6.8539 3.7912
1 0 1 2 68.268 -7.0938 14.471 -10.32 0.32786 -8.7814 -5.5945 2.781 -7.4614 7.155 -7.8276 6.7381 -8.4538 -1.3054
1 0 1 2 67.748 -6.8112 14.159 -9.1708 4.0807 -8.1815 -4.4707 -0.026097 -7.6701 8.6205 -8.1242 1.1144 -13.255 0.89316
1 0 1 2 67.433 -6.9117 15.373 -9.0129 2.9559 -7.946 -5.6563 -0.31828 -8.1735 8.3885 -8.4218 3.1806 -9.9626 2.268
1 0 1 2 67.855 -6.6854 14.189 -9.3066 3.7756 -7.9883 -3.7716 5.0979 -7.6746 5.837 -11.799 0.99829 -5.9042 3.5763
1 0 1 2 69.581 -8.9574 18.764 -9.6109 8.5531 -0.59498 -1.0022 8.8737 -8.0829 7.9464 -9.5497 10.489 -4.7856 7.0959
1 0 1 2 69.645 -9.5079 19.632 -10.47 4.8251 -1.3359 -3.2249 7.8047 -9.7759 9.0238 -7.3297 6.8238 -7.2247 0.38952
1 0 1 2 70.37 -8.0511 20.039 -10.935 7.9542 1.2851 -3.8364 8.6679 -8.3142 7.7192 -6.675 5.8008 -5.8163 1.9906
1 0 1 2 69.936 -8.8034 19.772 -11.022 5.0637 -3.3162 -4.6634 9.5976 -8.2573 7.9496 -6.2576 8.2548 -3.1334 5.5486
1 0 1 2 70.03 -9.8481 19.504 -9.7134 6.0227 -2.6094 -4.3832 4.9968 -11.852 8.1444 -9.246 5.3158 -6.0739 2.3416
1 0 1 2 69.402 -9.9227 18.995 -9.971 9.1614 0.77369 -1.6505 8.686 -8.5944 9.9166 -7.3082 6.2087 -7.2612 3.6143
1 0 1 2 68.395 -10.962 19.145 -10.041 9.9721 0.07939 -2.7192 8.167 -7.0697 9.4835 -7.1701 6.9718 -5.4925 4.8738
1 0 1 2 68.137 -11.313 19.012 -9.3271 8.6979 -0.47296 -1.3713 5.6691 -10.457 10.093 -8.4738 9.6894 -6.8705 2.9146
1 0 1 2 68.461 -10.666 21.318 -6.3744 7.7376 -2.2408 -1.6708 5.4974 -12.662 5.9171 -12.645 3.5785 -9.208 2.805
1 0 1 2 69.338 -10.74 19.109 -8.3283 6.1241 -4.5804 -3.7721 6.1651 -10.476 9.2227 -4.3998 2.9527 -9.3465 3.0359
1 0 1 2 71.189 -6.5525 21.759 -8.9818 7.5245 -3.7904 -3.9367 6.5221 -6.5619 7.8198 -10.916 4.079 -5.3078 2.4545
1 0 1 2 69.783 -8.8724 19.753 -9.249 8.1088 -3.8028 -4.2733 5.7031 -6.208 8.5435 -11.033 5.481 -5.5864 1.9212
1 0 1 2 71.378 -4.4784 24.431 -5.2512 9.3073 -2.3966 -4.3137 1.7993 -14.077 3.7022 -9.8614 6.1259 -6.8224 2.8966
1 0 1 2 68.21 -11.021 21.404 -6.7789 8.9803 -3.3858 -3.4725 4.044 -11.638 4.5339 -11.401 3.647 -7.0345 3.7365
1 0 1 2 67.664 -13.283 17.909 -10.765 6.1519 -4.3935 -3.4356 5.6399 -9.2276 8.4164 -8.2012 4.0987 -6.1791 4.4814
1 0 1 2 68.503 -12.257 15.907 -13.154 7.0712 -2.1571 -3.6381 4.4602 -7.8432 6.7228 -9.3743 4.4234 -5.4996 3.7167
1 0 1 2 68.342 -12.186 17.409 -11.307 7.0885 -6.0544 -7.7949 5.2855 -6.6119 8.1365 -7.5205 8.5099 -4.9698 4.2636
1 0 1 2 67.364 -14.051 16.632 -10.767 6.6034 -3.8172 -6.2477 4.1066 -5.026 9.7298 -7.3953 9.9145 -5.9289 5.0024
1 0 1 2 67.453 -13.523 18.182 -10.423 5.3938 -5.4021 -0.41229 6.7298 -9.9959 6.9307 -12.195 4.3386 -3.0362 3.0143
1 0 1 2 68.128 -11.636 18.497 -10.223 7.3222 -4.7233 -3.192 1.9024 -9.8207 5.7076 -8.5647 8.3197 -6.1213 1.8165
1 0 1 2 68.99 -9.7384 19.83 -12.515 7.4787 -0.98905 -3.7293 4.4652 -9.2405 4.6834 -9.9281 6.4859 -6.4568 3.7146
1 0 1 2 70.342 -8.6438 20.714 -9.3009 8.7304 -4.9259 -4.6361 1.8858 -12.739 5.2845 -11.136 4.4227 -6.5763 0.61119
1 0 1 2 69.51 -11.041 19.054 -7.3771 7.5457 -4.34 -2.1792 5.4734 -10.86 8.0224 -8.3757 3.4198 -4.5181 2.3462
1 0 1 2 69.348 -10.828 18.974 -9.1767 5.4315 -6.3928 -1.3264 9.0334 -7.2855 8.4718 -8.5057 2.9184 -7.1485 1.1526
1 0 1 2 69.967 -9.7306 19.325 -12.102 2.5377 -7.5943 -6.676 6.5885 -2.6564 11.427 -7.7098 3.0877 -9.2779 -0.60731
1 0 1 2 69.227 -10.849 20.344 -9.6726 5.6585 -5.2175 -6.2586 2.7743 -6.1483 10.617 -5.7224 3.8523 -6.6274 2.1413
1 0 1 2 68.648 -10.945 18.233 -9.5969 8.8054 -4.0154 -2.3872 6.7756 -7.3646 5.6898 -6.542 7.2181 -2.7401 3.2782
1 0 1 2 69.639 -10.577 17.699 -13.559 3.7431 -6.7137 -4.3342 9.0476 -5.1971 6.6613 -6.5386 6.0047 -6.9106 4.0739
1 0 1 2 70.165 -8.16 22.459 -9.8645 8.8657 -3.3801 -7.0625 1.3771 -12.667 2.8502 -7.7667 3.5587 -5.7804 4.9187
1 0 1 2 72.63 -5.6533 21.686 -8.9205 9.3534 -1.3319 -7.0307 -1.0752 -12.87 1.3168 -9.3359 3.8737 -4.7197 4.2341
1 0 1 2 74.411 -3.5821 20.631 -9.7901 10.57 -1.2405 -7.6399 -0.19962 -11.561 -0.4203 -9.9111 5.6595 -4.6485 3.3979
1 0 1 2 71.853 -7.1289 20.59 -9.618 9.9398 -3.1087 -5.8053 0.26627 -12.583 3.4182 -10.469 4.3437 -4.3035 2.6151
1 0 1 2 72.345 -5.5344 23.043 -7.1013 10.228 -1.3333 -4.6971 2.6941 -10.864 2.8569 -11.067 2.6853 -5.5164 0.86326
1 0 1 2 75.944 -0.33828 21.828 -8.2891 13.164 -0.38446 -4.4334 5.0869 -8.1058 1.6237 -12.536 1.415 -4.8565 -0.1512
1 0 1 2 70.393 -9.3591 17.875 -13.495 4.1482 -4.4596 -6.0428 0.81634 -9.257 6.062 -7.9084 4.7538 -5.8114 1.6076
1 0 1 2 70.229 -9.4277 20.935 -9.4779 9.8076 -3.4654 -1.733 5.1168 -11.146 3.2185 -10.841 0.37999 -8.6722 2.8477
1 0 1 2 68.702 -11.425 19.833 -10.626 9.8239 -1.0904 -5.2851 2.4023 -11.246 4.2991 -6.8864 4.707 -8.2913 1.9404
1 0 1 2 68.415 -13.166 21.245 -7.7534 7.0288 -3.3826 -2.6354 9.0331 -6.5237 5.5978 -4.2444 5.3294 -6.3411 0.56634
1 0 1 2 67.61 -13.631 18.48 -11.045 7.1827 -3.1294 -1.7103 8.9025 -7.0448 6.6621 -5.258 6.5202 -5.1545 1.5504
1 0 1 2 67.942 -13.801 16.724 -12.347 7.1085 -2.0465 -3.4012 3.8857 -5.1099 10.122 -6.5334 4.9622 -5.0047 3.3038
1 0 1 2 68.339 -13.165 17.214 -10.546 9.288 -3.8785 -4.9276 6.6822 -5.1242 7.059 -6.3004 5.9517 -5.4151 4.8073
1 0 1 2 68.834 -12.193 19.398 -9.1974 9.0697 -3.2311 -1.4248 4.158 -5.4475 11.831 -7.7318 3.8934 -5.8261 1.1362
1 0 1 2 68.839 -9.8707 21.134 -10.322 8.1741 -6.3264 -3.2182 -0.24269 -10.821 7.7912 -8.2644 8.5013 -2.1858 1.8985
1 0 1 2 68.344 -12.192 19.993 -10.644 8.2068 -4.1773 -0.48024 2.8164 -7.0554 6.3016 -9.3925 7.3189 -2.9801 1.4863
1 0 1 2 68.053 -14.411 17.205 -10.899 7.9956 -6.392 -2.0189 5.6232 -4.9487 7.2527 -8.5987 5.1383 -7.9268 0.29219
1 0 1 2 67.935 -11.741 20.039 -10.251 10.894 -2.1651 0.62158 5.2645 -4.8893 8.0998 -6.8419 8.0027 -7.3223 0.65106
1 0 1 2 67.922 -13.53 17.994 -11.337 8.6181 -6.1653 -3.126 6.9062 -6.808 10.291 -5.7187 0.49423 -4.5663 3.3392
1 0 1 2 67.774 -13.786 19.322 -8.4118 10.057 -4.3512 -2.1758 7.929 -3.5551 7.7904 -7.7078 3.7316 -6.1735 4.9902
1 0 1 2 67.973 -13.412 18.644 -7.9568 8.4154 -8.863 -2.0378 2.4518 -7.0901 9.5131 -5.5269 6.7938 -5.879 1.6268
1 0 1 2 67.783 -12.988 18.345 -11.223 5.9606 -5.8439 0.5955 1.722 -7.5783 8.7848 -5.2449 6.585 -6.4458 0.55755
1 0 1 2 67.732 -13.898 17.88 -9.323 6.5958 -8.9556 -0.074227 1.9776 -6.7594 8.9069 -6.8184 5.3806 -6.1659 4.3466
1 0 1 2 67.946 -12.436 17.704 -12.209 8.6953 -6.7972 -0.85852 3.1029 -6.6799 9.6055 -9.0845 4.608 -5.0927 0.43848
1 0 1 2 67.643 -13.888 16.43 -11.956 9.4786 -5.7228 -0.93658 4.5315 -8.861 8.8718 -4.3855 3.4644 -4.3174 2.2404
1 0 1 2 68.005 -12.993 18.177 -11.354 7.6167 -7.11 -0.31362 4.5944 -5.1819 6.5318 -8.2168 6.6713 -7.6871 1.1294
1 0 1 2 70.493 -7.8032 21.237 -9.5018 8.0023 -8.0493 -5.3909 -0.77547 -9.9923 1.696 -9.9747 4.0266 -9.6751 2.2959
1 0 1 2 70.342 -7.8571 22.402 -9.9319 9.1675 -6.0185 -4.055 0.8669 -10.089 3.3536 -9.1046 3.1868 -4.2705 2.3751
1 0 1 2 67.394 -13.413 17.433 -12.915 9.5458 -6.3935 -0.40417 4.8737 -8.8126 6.787 -7.8758 2.032 -7.015 3.307
1 0 1 2 67.737 -11.472 18.325 -11.261 9.8005 -3.5122 0.67863 5.0285 -4.4479 9.2707 -6.4401 1.3293 -6.1083 1.6121
1 0 1 2 68.166 -12.57 17.198 -9.9934 10.731 -2.8733 0.13263 5.2708 -5.9511 8.594 -5.6217 6.0673 -4.3233 2.1659
1 0 1 2 67.474 -14.082 17.618 -12.017 7.0564 -7.2852 0.89911 6.5521 -4.9332 8.6355 -7.8365 3.0742 -5.3777 4.0712
1 0 1 2 67.853 -13.646 17.744 -10.622 6.6523 -6.4772 -0.28034 3.8875 -3.407 6.6376 -10.111 2.8485 -8.7531 1.6643
1 0 1 2 67.754 -12.378 18.052 -11.809 9.1046 -6.4543 1.2035 3.9726 -7.0182 8.0928 -8.4526 6.4128 -5.0719 2.6288
1 0 1 2 71.077 -7.016 23.402 -5.3947 14.606 -2.2165 3.7891 2.9494 -6.5917 9.2148 -6.6834 5.3388 -5.7136 2.8397
1 0 1 2 71.383 -5.6093 23.865 -10.027 9.9183 -4.6197 -5.0244 -1.6068 -8.2989 3.6278 -9.2936 3.5529 -5.7616 3.4917
1 0 1 2 71.404 -5.9513 22.723 -9.7637 9.9157 -5.9838 -3.9824 -0.42731 -9.6117 3.1133 -8.9883 5.1556 -7.0261 3.7649
1 0 1 2 69.11 -8.6912 21.616 -11.337 9.0212 -5.2402 -3.7953 0.8822 -8.6275 2.822 -6.5368 4.6055 -8.0582 3.5487
1 0 1 2 69.091 -10.265 20.997 -10.969 7.6154 -6.1715 -1.6646 -0.59525 -10.656 7.0348 -6.5733 3.9645 -5.8849 4.0038
1 0 1 2 67.982 -12.572 19.808 -8.7667 7.7877 -6.3746 -1.3796 2.7701 -6.533 7.9662 -6.3709 3.8818 -4.6066 3.9923
1 0 1 2 67.587 -10.773 22.004 -10.517 8.5257 -6.3551 -2.144 0.5106 -8.1817 8.352 -6.7245 9.101 -2.4612 4.0837
1 0 1 2 67.742 -12.303 19.038 -7.518 14.192 0.14102 6.078 6.7132 -1.5361 12.875 -6.1745 6.9289 -4.5223 3.8014
1 0 1 2 67.347 -13.36 16.582 -11.937 10.262 -2.9075 3.59 2.6569 -7.7357 8.4954 -7.9693 3.1193 -6.1797 3.093
1 0 1 2 66.912 -13.196 16.591 -12.912 10.125 -6.3741 0.20617 4.8683 -7.454 5.2734 -9.7952 4.1315 -7.5371 2.8656
