0 1 1 2 76.199 -11.744 1.9176 4.1332 3.776 -3.7924 13.302 -4.3964 1.4089 10.427 -5.0079 0.6231 1.1963 0.025772
0 1 1 2 75.423 -9.3 1.8677 0.22968 10.582 -5.4946 5.9609 -0.13977 1.576 2.0809 1.2781 0.26692 -1.2637 4.3458
0 1 1 2 76.072 -10.191 -0.40559 2.4932 11.833 -8.643 8.3619 5.7261 1.9867 2.2387 0.98302 1.5155 -4.5119 0.43425
0 1 1 2 76.191 -10.243 -0.66946 0.41647 10.469 -7.4112 10.141 3.8653 2.493 0.99938 -1.8088 -0.93888 -5.1307 2.1435
0 1 1 2 77.342 -12.001 -0.42365 4.759 7.3928 -6.4603 8.0041 -2.6333 1.4185 6.2332 -4.2462 1.1376 -2.708 -3.5552
0 1 1 2 77.214 -11.929 -0.15668 3.8603 8.0057 -6.4205 8.6279 -2.5663 1.5325 6.5618 -3.3908 1.1126 -2.9167 -3.3992
0 1 1 2 76.733 -10.145 1.6619 1.7836 9.803 -7.8405 4.2997 0.98112 1.4136 2.0264 3.0609 -1.0723 -4.2064 2.6545
0 1 1 2 76.248 -9.6495 1.7043 2.1925 10.764 -8.4866 4.1028 -1.0531 2.3073 0.75277 -2.6542 -0.75841 -3.0389 2.1373
0 1 1 2 76.883 -11.622 1.3188 4.5632 5.8077 -6.0813 8.5729 -7.4563 -2.3738 7.0873 -6.5246 1.649 0.69838 -1.7993
0 1 1 2 76.883 -11.622 1.3188 4.5632 5.8077 -6.0813 8.5729 -7.4563 -2.3738 7.0873 -6.5246 1.649 0.69838 -1.7993
0 1 1 2 76.039 -9.6774 1.498 1.5305 4.3145 -8.4797 12.028 -9.6883 -2.2731 6.8613 -7.9224 -2.0055 1.4854 -0.41782
0 1 1 2 76.641 -11.578 0.92792 6.888 3.8878 -5.8083 14.587 -9.4572 0.72185 7.8398 -7.7822 1.0951 4.6704 -1.2527
0 1 1 2 77.079 -11.297 -0.9878 4.8203 -0.74515 -6.536 16.14 -12.004 6.43 10.088 -7.3287 5.9026 4.3323 -0.63719
0 1 1 2 77.808 -11.074 0.8737 5.4186 0.29372 -5.7843 14.212 -11.631 5.1534 8.7854 -7.356 3.335 4.2218 -3.4205
0 1 1 2 77.125 -9.6051 2.6748 4.3896 1.4565 -6.0788 16.265 -13.356 1.8821 6.7463 -4.3466 -2.8312 3.2459 0.796
0 1 1 2 77.498 -10.497 0.69635 3.4882 5.5134 -7.5051 11.297 -7.5204 1.1436 6.7791 -5.4926 -3.8196 1.2802 -0.49804
0 1 1 2 77.944 -8.7837 -0.23704 1.7052 3.7046 -8.3381 10.483 -7.5305 0.065374 10.741 -8.971 -3.592 1.9837 -1.7218
0 1 1 2 78.08 -8.845 1.5344 1.2601 2.1486 -8.7138 12.797 -11.951 2.6311 10.383 -6.0211 -2.5733 5.0111 -0.82553
0 1 1 2 77.675 -11.783 2.084 5.8389 -2.0881 -8.5506 9.5734 -8.5669 -0.18494 7.6142 -7.6559 3.0813 5.1564 -4.0284
0 1 1 2 78.396 -12.605 1.3768 5.6058 -2.2712 -5.0559 10.793 -13.791 2.6232 7.3742 -8.8679 2.3797 0.0073331 -5.5828
0 1 1 2 77.633 -10.272 3.5801 3.3395 2.1199 -9.3283 8.434 -6.8936 -3.8512 10.493 -2.414 -1.787 3.4364 -4.7746
0 1 1 2 78.575 -11.965 2.1953 4.9565 -3.8409 -4.1216 11.052 -6.5039 3.2614 8.4426 -8.9807 1.2765 2.6856 -6.9682
0 1 1 2 78.395 -12.654 1.781 8.6063 0.25491 -4.6856 10.812 -13.145 3.9816 2.2633 -11.186 3.7734 3.6104 -8.1786
0 1 1 2 77.948 -12.168 3.2532 8.203 -0.8449 -5.7886 13.638 -10.362 2.3859 2.7666 -10.198 3.017 5.33 -7.493
0 1 1 2 78.202 -11.276 4.1077 3.2834 2.0463 -9.3147 12.379 -6.4973 -3.748 3.9317 -5.4728 -0.27937 9.6729 -4.165
0 1 1 2 78.251 -11.365 3.6508 3.4038 1.748 -7.7614 10.03 -9.6685 -3.8997 4.6058 -2.7253 -1.8507 4.7423 -4.5602
0 1 1 2 78.236 -11.582 4.8116 6.4366 -2.8778 -6.9178 14.354 -8.1547 0.73108 3.8511 -8.5277 -1.1925 2.1809 -8.1777
0 1 1 2 78.138 -11.23 2.5257 6.1781 -1.7835 -12.141 10.119 -7.3134 3.5751 5.4407 -8.7865 2.6901 5.0815 -8.7712
0 1 1 2 78.695 -10.323 2.8608 3.4234 -1.4182 -8.1595 13.966 -8.0488 0.82341 10.06 -6.6602 1.4718 6.7593 -5.7778
0 1 1 2 79.265 -10.246 1.1005 2.1392 -1.8974 -5.519 12.765 -9.7339 5.2764 8.0886 -3.5482 3.8154 7.3258 -7.1119
0 1 1 2 80.213 -9.4265 0.43373 1.7774 -3.9594 -6.7784 15.721 -12.246 6.3778 9.9753 -5.6844 4.725 6.0346 -7.0432
0 1 1 2 78.766 -10.564 4.2933 5.2242 -1.1918 -10.559 10.041 -9.6206 1.6424 8.3064 -4.7901 2.0237 8.9894 -5.6956
0 1 1 2 78.342 -11.139 2.1757 2.5849 1.4442 -10.18 11.243 -7.6358 2.1379 8.6586 -7.3983 0.27516 8.8889 -5.619
0 1 1 2 79.601 -11.394 2.8946 2.3751 -3.0334 -7.2432 14.675 -10.679 1.3018 6.5253 -10.663 4.66 4.3977 -4.3964
0 1 1 2 77.147 -9.6715 7.8858 -6.8554 2.1451 -6.8649 9.1763 4.5734 0.16663 4.509 -4.9689 -0.77746 0.89259 -4.3174
0 1 1 2 78.861 -11.733 4.1596 -0.63532 -4.9559 -7.6484 17.126 -3.654 0.030506 9.9589 -7.5071 -0.75542 3.7618 -2.4934
0 1 1 2 79.059 -10.6 3.9559 0.44337 -0.26115 -12.53 13.006 -3.9564 -2.6903 11.872 -5.2162 2.4378 6.0728 -4.0101
0 1 1 2 77.316 -9.7944 8.0663 -11.175 2.5099 -5.5601 5.7259 4.2636 -0.79511 0.61129 -1.3017 1.6286 0.4455 0.53879
0 1 1 2 77.049 -10.139 7.6206 -10.038 5.5894 -8.3698 5.7735 7.4282 2.3297 0.78779 2.8242 3.725 -1.0766 -0.17747
0 1 1 2 77.021 -9.5541 7.5121 -7.5255 4.8936 -11.776 6.3681 2.738 0.64087 -0.16918 -2.3692 2.0409 -0.99303 4.7265
0 1 1 2 77.379 -8.82 6.0034 -9.0939 8.3258 -5.974 5.7345 3.4702 0.6698 0.76585 -1.7502 1.5216 -1.9733 0.85974
0 1 1 2 76.914 -8.8979 7.906 -7.808 4.9687 -9.6463 3.7494 -0.1244 -3.4942 -1.2736 -2.2364 2.7153 0.32936 1.6784
0 1 1 2 77.222 -8.8892 6.7275 -8.1152 4.3885 -9.9023 5.6657 2.3324 -1.8012 -0.41983 -1.3272 3.7959 0.31767 2.1978
0 1 1 2 76.844 -8.9432 7.82 -9.6838 3.091 -7.5583 3.0656 1.8777 -2.1996 0.82469 -5.9699 1.9821 1.3419 0.65813
