1 1 1 1 71.188 -16.908 9.2237 5.5055 2.9953 -0.58523 1.4922 6.0285 5.9516 -6.3471 -4.3766 -8.6265 -4.7199 2.2566
1 1 1 1 70.658 -16.987 9.3194 5.345 5.9292 1.3785 -0.7399 3.9645 1.6863 -6.3865 -4.8809 -9.5867 0.54869 1.9257
1 1 1 1 73.982 -15.732 0.42937 -0.86455 11.164 8.3781 -6.0808 -0.82301 -0.80306 -5.3785 1.8317 -4.7817 -7.1189 -1.7003
1 1 1 1 73.897 -16.155 -1.0528 -2.7287 11.238 9.9083 -4.3995 -1.6491 -3.8189 -5.8398 2.7512 -4.0401 -7.8307 -2.0583
1 1 1 1 70.356 -17.837 11.914 1.7571 5.6899 0.89349 -2.5926 1.1388 5.097 -5.9695 -1.3381 -7.5222 -5.0699 -2.7318
1 1 1 1 71.377 -17.12 8.4584 4.4257 7.9595 0.0001007 -3.8817 3.6688 0.7404 -8.4521 -1.7723 -7.5934 -1.0298 -0.90369
1 1 1 1 73.297 -19.72 0.3751 8.6917 9.7398 -3.9858 -2.5875 8.1376 0.74035 -9.1486 1.3012 -1.9761 -2.6309 -1.8301
1 1 1 1 73.297 -19.72 0.3751 8.6917 9.7398 -3.9858 -2.5875 8.1376 0.74035 -9.1486 1.3012 -1.9761 -2.6309 -1.8301
1 1 1 1 71.616 -16.573 5.917 -0.12252 4.5605 5.0166 -2.9161 -3.3162 1.0046 -0.13165 -0.6052 -10.87 -0.70884 1.8029
1 1 1 1 71.052 -18.02 6.836 0.15188 4.2586 3.1846 -1.1037 -1.0715 1.0578 -1.4258 4.9758 -5.4308 -5.9056 -0.73435
1 1 1 1 70.531 -17.06 7.8093 1.9916 4.2518 5.7278 -2.2712 -1.3599 -2.3248 -2.5876 -0.097011 -4.625 -0.85477 -0.19073
1 1 1 1 71.59 -17.647 4.6156 3.8923 6.4201 2.3766 -1.4454 0.88899 2.3286 0.39997 0.18661 -12.191 -2.2596 3.9468
1 1 1 1 71.227 -19.518 2.4602 4.4125 3.2399 -3.2683 0.78329 6.1979 1.5242 -6.8231 4.646 -5.2247 -2.0943 -2.3851
1 1 1 1 71.828 -17.165 8.0515 -0.11284 -0.77963 2.5091 -0.8365 0.86887 1.8817 -3.9177 1.0859 -4.4555 0.55203 2.6289
1 1 1 1 71.512 -18.233 6.5454 1.8719 0.61471 -2.5894 1.477 2.0681 1.2833 -2.3309 1.5213 -3.6709 0.61069 0.19788
1 1 1 1 71.064 -18.693 5.2174 3.6083 0.64266 -3.2988 1.7576 5.9974 0.54837 -2.0743 2.9872 -4.2597 -0.39414 0.32132
1 1 1 1 70.633 -16.88 8.2924 0.82187 1.2529 1.1407 0.21532 3.1843 2.0543 -6.2139 0.5064 -1.0486 -3.8648 2.2435
1 1 1 1 70.566 -19.204 5.7498 4.5075 6.3809 3.1266 -3.2718 5.3363 2.455 -6.9263 -3.2702 -4.247 -2.1145 -2.1778
1 1 1 1 71.203 -15.806 7.6047 0.88608 3.5531 4.6348 -4.7707 -4.5541 4.4101 0.69893 -0.44274 -9.6608 -3.0204 1.434
1 1 1 1 71.211 -17.387 6.7822 1.9407 6.6834 0.94871 -0.564 -0.013019 2.0453 -4.3866 -2.9229 -10.272 -1.9974 1.4973
1 1 1 1 71.173 -17.291 7.151 1.7511 3.2989 0.23493 -2.6217 2.1594 3.0515 -5.8405 2.0329 -3.6028 -4.3293 -2.1664
1 1 1 1 70.881 -17.141 7.1969 1.8759 4.5512 1.3463 -3.8788 2.3269 2.725 -4.4902 0.98518 -4.284 -3.3236 -2.1964
1 1 1 1 72.212 -16.261 6.1255 4.1267 9.1214 1.3719 -5.0807 3.408 2.0052 -4.5938 0.039936 -9.8685 -4.0802 0.53097
1 1 1 1 72.091 -16.894 5.9549 5.3902 6.6872 -2.9588 -2.797 7.8793 -1.6483 -9.6384 3.3497 -6.0982 -5.2142 0.32774
1 1 1 1 71.333 -15.811 8.1471 0.49341 4.0278 -1.6227 -4.8959 6.1118 1.5122 -10.039 0.69621 -3.5716 -2.2771 -3.0843
1 1 1 1 70.064 -18.062 10.442 2.4557 4.397 1.2577 -1.4333 1.9776 1.3754 -7.1763 -3.8256 -7.2239 -1.6568 -0.97694
1 1 1 1 70.889 -16.977 9.569 1.4112 2.8569 2.7478 -1.149 0.08439 1.2437 -4.4034 -2.0638 -7.2106 -2.5972 -0.51439
1 1 1 1 71.944 -15.421 8.7514 -0.19094 2.3353 3.5923 -1.7318 0.12612 1.8009 -3.5853 -0.35942 -5.181 -2.8652 0.20468
1 1 1 1 70.523 -18.139 9.0542 3.9814 6.3937 4.7315 -2.3351 0.79706 -0.23397 -1.7719 -0.68231 -10.031 -2.1553 -1.4225
1 1 1 1 69.6 -17.77 11.105 3.3627 3.1449 5.1342 -0.058138 1.9708 1.4065 -3.2363 -1.4291 -8.7715 -3.3814 0.18768
1 1 1 1 71.537 -17.184 6.9003 5.6938 5.2996 -3.6157 -2.5741 7.3412 -1.0392 -9.5296 2.8167 -5.1996 -6.4963 -1.9172
1 1 1 1 70.897 -18.492 8.3279 6.8694 6.6131 -3.6007 -1.3667 3.4187 -5.05 -9.9191 -0.38768 -9.3416 -4.1959 -2.2082
1 1 1 1 71.754 -17.188 7.7589 1.8468 5.1043 1.7655 -2.0503 0.97515 3.2677 -5.2528 0.42734 -7.3262 -3.1526 -0.31649
1 1 1 1 71.067 -18.13 7.9433 3.1314 5.9523 2.156 -2.2879 1.2145 4.0502 -5.4375 -0.03975 -8.5479 -3.0466 0.5839
1 1 1 1 70.698 -17.738 8.8801 2.9618 7.0787 2.2547 -4.249 4.807 5.2407 -4.4529 3.088 -6.6411 -2.4848 -3.268
1 1 1 1 70.789 -18.964 6.6166 5.4314 9.8828 -3.367 -3.7925 10.865 2.1126 -11.425 0.8308 -4.8065 -2.3564 -2.5915
1 1 1 1 71.681 -16.137 7.2478 0.89641 3.9958 0.16097 -2.6025 1.5388 2.8122 -4.9664 0.91582 -7.6638 -2.4001 -3.7227
1 1 1 1 70.702 -17.859 7.0724 3.17 3.9852 0.22369 -3.0347 0.46895 3.4655 -4.6742 -0.19413 -9.0746 -2.3897 -4.45
1 1 1 1 70.461 -18.022 8.9964 2.2656 4.2208 2.4211 -2.4292 1.9868 -0.10219 -6.0208 -0.91054 -13.355 -0.28626 3.8902
1 1 1 1 72.733 -16.879 5.6021 1.1659 4.283 -3.0457 -4.6162 7.6575 1.6118 -9.3428 5.3808 -3.1904 -1.8894 -0.21679
1 1 1 1 69.666 -19.745 8.7044 1.3086 1.6264 -2.3334 -2.6154 3.6568 0.47505 -4.1215 -0.81366 -10.678 2.4416 4.5816
1 1 1 1 72.616 -21.616 -0.023376 4.489 5.9186 -5.1116 -3.0551 6.7701 -2.6583 -12.704 5.6237 -7.8029 -6.3242 2.5163
1 1 1 1 72.947 -20.75 1.0376 4.7572 4.6887 -6.3312 -2.9105 8.1799 -1.2883 -11.615 7.497 -5.2659 -4.3266 2.5195
1 1 1 1 71.183 -19.228 7.3272 2.6764 3.4858 -1.4121 -3.8183 0.37638 -0.73638 0.12737 3.6403 -9.2595 -4.8305 2.5282
1 1 1 1 70.323 -17.714 8.513 0.1905 3.5714 0.54067 -1.3345 4.5065 0.28001 -3.1693 0.1029 -7.6337 0.18275 0.96091
1 1 1 1 71.54 -16.885 6.511 -0.4948 3.8465 -2.185 -4.487 5.9331 0.6691 -6.4029 7.3565 -4.4403 -0.82369 0.2596
1 1 1 1 70.836 -18.977 8.2048 3.7664 4.9445 -2.3361 -2.2848 3.4652 -0.13864 -6.0357 -1.6106 -9.1048 -1.5619 -2.1857
1 1 1 1 72.653 -18.292 5.8535 2.1731 4.491 1.2697 -4.0688 -2.2142 5.5397 0.0079288 -2.1971 -8.9383 2.0901 -0.49792
1 1 1 1 71.178 -16.249 9.1006 -1.5924 5.9159 3.8983 -3.5427 -0.085705 0.44217 2.4543 3.3463 -10.96 -1.7493 -0.97571
1 1 1 1 72.028 -17.663 6.6458 1.383 8.7447 3.2341 -2.314 -1.2144 -1.719 2.3692 4.0316 -10.991 -2.6135 1.0237
1 1 1 1 72.437 -19.565 2.2902 6.6259 10.473 0.35331 -2.0283 4.9146 3.0404 -4.3911 -2.9905 -5.4268 -2.0366 -2.5796
1 1 1 1 73.657 -17.411 0.44078 1.7452 14.724 1.4614 -10.808 3.2367 4.8138 -3.167 -1.4927 -7.2971 -5.1668 -4.5527
1 1 1 1 71.249 -17.571 7.61 -0.05173 8.0985 4.9718 -6.6822 2.0116 5.8505 -5.9865 -2.3016 -8.2001 -1.0029 0.46122
1 1 1 1 72.8 -16.023 4.6464 3.5028 10.839 -2.2824 -7.3026 5.8264 2.1452 -3.1934 -0.57696 -6.127 -1.0177 -1.6267
1 1 1 1 71.748 -16.053 9.0832 1.1492 3.3888 1.1099 -1.098 3.639 0.8067 -7.7422 2.338 -6.2408 -4.107 0.31199
1 1 1 1 70.704 -17.924 7.6564 -2.1258 7.197 5.7617 -3.1074 -5.1076 -0.86536 1.6963 2.5195 -12.009 -3.8376 -2.1246
1 1 1 1 70.449 -16.946 9.5298 -0.98115 4.1135 5.6954 -0.1618 -1.0749 -4.2602 -3.293 1.6804 -9.1178 -4.4964 -1.8875
1 1 1 1 71.678 -16.338 5.9148 -1.2618 4.276 4.0761 -1.3114 -2.0744 -1.3437 2.1899 5.1445 -10.804 -1.7286 -0.14935
1 1 1 1 71.923 -16.554 8.0345 -1.353 5.8307 -0.30622 -4.8063 4.9224 2.5904 -5.8479 1.629 -1.9056 0.19507 -2.0727
1 1 1 1 71.747 -17.734 5.597 1.4722 5.8749 1.4266 -0.55837 1.5038 -3.7358 4.3294 -0.45291 -10.784 3.4429 2.5155
1 1 1 1 71.132 -16.649 5.8991 -2.2022 4.5376 1.7837 -4.2594 0.47481 0.98916 1.8471 1.8156 -9.4557 1.7271 2.5225
1 1 1 1 72.766 -17.476 3.4277 1.7361 6.6408 -7.4249 -5.6262 6.9572 0.281 -6.331 2.985 -0.93125 -0.72243 -2.928
1 1 1 1 69.974 -19.133 5.7621 -0.34019 3.9094 -3.2865 -6.9271 7.7909 3.3115 -6.0166 2.8407 -2.4654 -0.1801 -1.1917
1 1 1 1 70.453 -17.183 7.5166 -3.3297 4.1144 -4.7608 -5.2669 9.5405 2.9604 -9.0929 6.3465 -3.0203 2.4712 0.26931
1 1 1 1 71.347 -17.348 6.9953 -2.7211 3.8473 -3.5038 -4.9951 7.8457 0.61646 -9.1986 4.1448 -0.97713 0.41391 1.1728
1 1 1 1 71.789 -16.6 7.2889 -2.0678 4.2878 -1.3974 -2.5293 4.4348 0.62276 -2.8167 1.1862 -6.1935 1.502 -0.98726
1 1 1 1 71.324 -17.383 6.2916 -1.2509 8.0528 -1.2207 -6.3107 2.0053 2.9014 -3.524 -3.0521 -7.9296 1.4079 1.3465
1 1 1 1 71.883 -17.985 7.2592 3.3531 4.1342 -4.2491 -2.4896 11.948 -2.8627 -5.9082 5.0785 -6.1723 -0.81666 1.1249
1 1 1 1 71.068 -17.639 9.1424 -0.75166 2.4626 -0.56567 -2.843 7.0047 -0.89708 -4.3635 4.0216 -7.3004 -0.54055 -1.6831
1 1 1 1 71.056 -17.613 11.638 2.1485 4.0254 -0.45995 0.40049 3.7985 -0.15244 -3.3908 -0.52833 -10.246 1.5338 -3.4402
1 1 1 1 72.243 -19.183 8.1764 2.1701 7.1322 0.50643 -0.55939 4.3797 -0.18938 -4.1241 -2.1038 -9.2104 -2.2573 -3.485
1 1 1 1 73.25 -16.593 5.2882 -1.0834 9.8452 2.4182 -3.9264 0.60306 -0.1958 -0.609 1.759 -9.3591 -0.40587 0.24316
1 1 1 1 72.797 -17.61 4.4143 0.90674 10.4 4.7547 -3.5764 -0.21486 1.5886 -1.103 0.37968 -8.8687 -1.047 0.016398
1 1 1 1 72.688 -16.251 6.9214 -1.8292 3.6726 4.8678 0.17411 -4.1646 -2.7699 -3.2275 2.6494 -10.16 -4.4397 -2.3968
1 1 1 1 71.212 -16.887 10.922 2.5694 9.7919 -3.8698 -3.404 9.1409 -1.5671 -8.6672 0.59528 -2.2326 -0.21718 -3.2775
1 1 1 1 71.519 -16.129 10.306 0.28579 7.83 -4.0169 -1.4296 9.4214 -2.9726 -7.6179 0.92286 -3.3704 1.5889 -1.1717
1 1 1 1 71.032 -15.654 11.3 0.65665 4.942 -4.8027 0.91653 6.2898 -7.4796 -3.9206 3.643 -6.5745 -0.44048 -0.78096
