0 0 1 2 69.908 -15.955 0.59977 6.3557 10.668 -8.7913 -1.4828 8.1478 1.5286 -7.4396 2.1059 -1.2079 -1.1141 -3.8264
0 0 1 2 69.202 -15.023 5.7913 4.1342 2.6219 -0.95859 5.6115 1.6479 -1.5323 0.25146 1.3077 -10.53 0.34243 0.819
0 0 1 2 69.982 -16.978 4.9535 5.3575 7.1055 -6.1138 3.0179 2.4297 0.77572 -3.2668 -0.89327 -6.1419 2.2609 -3.5742
0 0 1 2 70.387 -17.177 3.9542 5.4646 6.9007 -6.0884 2.676 2.7287 1.5456 -3.2925 -1.6501 -5.6977 2.0185 -4.0161
0 0 1 2 70.361 -17.21 5.5031 2.4379 7.3711 3.2779 3.632 2.5456 2.9677 -1.7646 -0.89822 -9.195 -2.3864 -1.8408
0 0 1 2 70.984 -16.697 4.3801 3.8774 7.459 1.6636 -2.281 -5.4433 8.7096 -1.0511 -3.4533 -7.1614 -3.7167 3.9825
0 0 1 2 70.249 -16.438 4.9267 4.6204 8.1289 1.5286 -1.672 2.5405 8.089 -1.4838 -5.2881 -9.2133 1.5532 -1.3244
0 0 1 2 69.697 -15.511 5.8814 2.7216 6.7108 -2.1198 0.031539 3.8233 2.7366 -1.6618 -4.1998 -8.3829 -2.5861 -3.3976
0 0 1 2 69.486 -14.358 5.8676 6.4795 5.5953 -4.8003 0.1298 4.188 1.5596 -4.0193 -0.35151 -5.6642 -0.051309 -3.6482
0 0 1 2 71.177 -15.87 3.6663 2.9648 9.6521 1.2386 -3.9648 0.9332 6.5395 -3.1751 -0.5446 -10.991 -0.75129 0.80106
0 0 1 2 70.058 -14.727 -1.4257 8.1575 13.674 -9.4695 -0.0040855 9.6847 3.3917 -4.0449 -2.6043 -4.853 -7.6081 -6.7363
0 0 1 2 69.256 -14.205 6.7372 3.762 7.228 -1.9568 -1.9332 0.0079174 2.4117 -0.93593 -2.6878 -11.673 -0.58373 -3.2344
0 0 1 2 68.306 -13.057 7.639 0.71572 3.9281 4.3978 5.4189 -1.6251 -1.8967 0.90582 -2.5679 -11.823 -1.7127 -2.6233
0 0 1 2 69.125 -14.703 5.9159 3.7326 5.9426 2.1645 1.4673 0.30646 2.9224 1.9418 -3.5714 -10.962 -1.2499 -1.3979
0 0 1 2 70.377 -15.462 5.3872 4.5821 7.5995 1.9347 -2.4258 3.1846 4.4409 -10.459 -0.6611 -3.1259 -2.2257 -3.6077
0 0 1 2 69.852 -15.803 4.2936 4.528 8.0598 -1.0757 -1.8694 5.566 4.667 -2.7667 1.6478 -8.4414 -5.7688 -1.8129
0 0 1 2 69.697 -15.764 0.77188 6.0319 7.0593 -6.0494 -0.88385 5.5082 3.0902 -8.8896 -2.7063 -0.73536 3.7829 -3.0684
0 0 1 2 69.45 -18.122 2.3979 6.825 5.0229 -3.3179 0.79075 2.2362 6.4605 -1.9153 -0.40082 -2.9766 2.3616 0.32928
0 0 1 2 69.106 -17.818 2.4209 5.7055 2.8079 -4.2175 2.7177 3.8285 5.3625 -0.90446 -0.31299 -4.083 4.5478 -1.4637
0 0 1 2 69.215 -16.424 2.5422 3.9231 7.1237 -5.2823 -0.56341 7.0454 5.8733 -6.0206 -2.4665 -3.8646 4.0534 -5.3159
0 0 1 2 68.965 -16.907 3.8767 1.2301 4.8035 -1.5967 1.491 -0.71064 5.8546 3.4014 -3.8127 -6.5246 5.5853 -4.3186
0 0 1 2 70.812 -18.827 0.082659 9.1345 9.1434 -1.0984 -0.5069 5.6882 4.5487 -4.0233 0.71829 -5.7098 -0.14288 -1.4428
0 0 1 2 70.364 -18.851 1.668 10.381 6.0826 -3.3178 1.2798 4.9116 2.9128 -3.9959 -0.73449 -2.1767 2.0074 -2.0355
0 0 1 2 69.385 -15.473 2.4129 4.6324 7.0929 -4.7445 0.28979 7.1299 0.51418 -0.77779 3.8443 -4.0823 -1.2521 -0.61774
0 0 1 2 69.285 -16.227 4.6281 5.3655 4.4146 -2.347 1.1239 4.7611 4.5598 -2.0102 -2.3202 -6.3776 3.4096 2.0073
0 0 1 2 68.939 -16.105 4.1252 4.2126 4.4249 0.93895 0.85987 -0.92846 5.5106 -3.6671 -3.2546 -6.7792 0.84716 1.4281
0 0 1 2 68.776 -16.09 3.6919 8.1835 7.5768 -1.3391 0.85012 2.4045 1.6923 -9.8404 -3.4328 -3.872 1.4944 -1.0517
0 0 1 2 69.539 -15.053 1.0802 -1.7035 5.2166 5.2925 2.234 -4.868 -0.45873 2.5463 2.6666 -11.849 -4.936 0.362
0 0 1 2 69.616 -16.852 0.92297 4.7652 6.7068 -8.3932 0.75428 -1.8166 -1.1878 -0.19147 3.0206 -6.9132 1.8161 2.3726
0 0 1 2 71.293 -17.564 -3.3045 8.5371 5.8444 -5.4549 -4.6784 -1.3429 4.9966 -4.3395 3.2337 -2.9434 0.56758 1.0637
0 0 1 2 71.276 -17.45 -3.1879 9.2754 5.5068 -5.9999 -4.2025 -1.2971 5.473 -6.1018 2.715 -1.832 0.45237 0.63249
0 0 1 2 71.276 -17.45 -3.1879 9.2754 5.5068 -5.9999 -4.2025 -1.2971 5.473 -6.1018 2.715 -1.832 0.45237 0.63249
0 0 1 2 69.974 -16.159 2.5796 7.5332 7.5062 -7.9781 -0.093145 3.8586 -4.4987 -7.4823 -0.63389 -0.83913 3.5774 -0.33213
0 0 1 2 70.468 -15.943 1.2425 8.6717 8.4357 -7.9743 -2.645 3.4867 -1.2665 -6.3175 -0.8413 0.54868 3.245 0.74918
0 0 1 2 68.909 -14.448 7.2926 2.9731 5.5052 -0.57602 -1.9973 -1.3522 2.9229 -3.8439 1.5733 -6.6847 3.449 0.52746
0 0 1 2 69.063 -14.275 6.8259 3.1705 4.6047 -2.1378 2.0827 2.4639 2.9126 -3.5107 1.548 -10.258 0.82834 2.4583
0 0 1 2 69.377 -16.89 3.3996 5.9841 5.3751 -5.2472 5.4028 3.6909 -0.83671 -8.4729 6.2568 -3.4996 -0.77168 2.3433
0 0 1 2 69.718 -18.916 3.0653 9.7655 4.1263 -8.3199 5.9427 2.0711 -0.038239 -3.3838 5.4353 -3.9296 -1.7976 2.3741
0 0 1 2 71.581 -18.898 1.8632 10.89 3.0386 -3.4329 1.1168 -0.70676 4.4676 -2.1462 2.3455 -9.992 0.8844 -0.39555
0 0 1 2 71.62 -18.707 1.5816 10.964 2.6083 -2.7052 1.044 0.29397 3.9421 -2.5849 1.8264 -9.6556 1.5663 -0.086426
0 0 1 2 68.512 -14.016 6.4928 3.47 3.4127 0.89636 1.0315 5.2611 -1.4006 -4.7247 -2.9136 -9.4129 2.6854 -1.675
0 0 1 2 68.992 -14.962 3.793 6.6578 7.6546 -0.84944 1.5863 5.4798 0.90831 -1.072 -0.88761 -8.207 -3.6854 1.1934
0 0 1 2 69.379 -16.183 2.0822 10.578 6.8353 -4.8511 3.9231 6.2499 -2.9429 -3.8669 -2.6238 -7.5123 -4.3409 1.4923
0 0 1 2 69.402 -16.173 1.4779 11.495 6.7362 -6.6231 4.5946 6.0722 -4.9738 -5.2379 -3.3366 -6.0167 -3.7561 0.10005
