1 0 1 2 71.193 -18.107 5.128 6.2506 11.881 4.8044 -0.86876 -0.4633 3.1037 1.618 -0.075726 -4.7631 -6.5467 0.47173
1 0 1 2 71.076 -16.854 8.4246 1.7682 7.7761 8.5675 -2.5644 -0.26538 2.9091 4.995 4.8888 -7.4729 -1.3101 -1.0983
1 0 1 2 70.627 -17.57 8.8806 4.7501 8.3351 1.04 -2.9547 7.328 2.3229 -2.1508 4.1699 -5.4973 -1.901 -2.0099
1 0 1 2 70.935 -16.96 8.7306 2.5895 6.7723 2.0539 -0.35048 2.9229 -0.5452 -0.30007 3.3515 -7.5347 0.50105 3.2285
1 0 1 2 72.787 -16.231 3.3332 -1.3775 12.239 7.717 -2.4052 -0.93017 1.7219 0.10419 2.9161 -8.6533 -3.8884 0.16601
1 0 1 2 69.847 -17.403 8.907 3.3094 7.0789 2.6403 -1.2772 6.4904 1.6294 -0.64113 0.14697 -8.213 0.064351 0.79728
1 0 1 2 71.08 -17.459 5.9498 3.2539 9.4842 0.64075 -7.1543 8.8614 1.4429 -2.871 2.5017 -2.6933 -1.3477 0.19841
1 0 1 2 73.285 -16.692 1.4806 4.9923 9.6545 -4.1264 -5.6178 9.562 3.6322 -2.5916 -0.48837 -0.23775 -1.8367 -0.16639
1 0 1 2 72.252 -16.677 3.822 5.4104 4.3587 -3.9695 -1.2758 9.0571 -1.2915 -2.1839 2.444 -4.0494 1.388 0.25293
1 0 1 2 70.562 -17.224 9.8253 2.4043 0.99207 3.909 -0.028722 1.5945 1.44 1.5289 -0.29658 -3.414 3.7466 0.13726
1 0 1 2 70.48 -16.587 8.9945 0.74286 3.04 4.3703 1.0037 5.2769 3.5559 1.8186 1.7583 -6.7224 0.77956 4.5444
1 0 1 2 70.944 -18.026 7.4817 3.4181 6.4079 7.0358 -1.6111 4.9452 1.1175 -0.66965 1.3405 -2.8894 0.31288 2.1651
1 0 1 2 71.064 -18.205 6.98 3.9143 7.7008 7.1748 -1.7583 4.1884 1.4626 -0.79817 0.97413 -2.8387 1.3559 2.4643
1 0 1 2 72.145 -17.19 7.0641 3.0418 7.8118 3.7647 -2.5718 3.4174 7.2487 -1.2527 0.64855 -4.2343 -0.21317 2.1899
1 0 1 2 71.01 -17.569 7.8303 3.4477 5.513 2.8805 -1.1425 3.4831 3.1538 1.7376 0.14606 -6.7336 1.7871 1.4062
1 0 1 2 71.896 -17.843 5.8675 3.861 7.3061 4.2629 1.1836 4.4605 4.5556 2.1021 -1.6573 -7.5601 -0.38468 3.5841
1 0 1 2 71.896 -17.843 5.8675 3.861 7.3061 4.2629 1.1836 4.4605 4.5556 2.1021 -1.6573 -7.5601 -0.38468 3.5841
1 0 1 2 71.147 -16.042 7.7655 0.96274 6.7989 5.3251 -4.4916 3.9391 3.3793 -2.0812 1.0172 -4.4486 -0.24652 1.8897
1 0 1 2 70.516 -15.705 10.105 2.9715 6.9734 2.2925 -3.4643 5.9062 1.5369 -3.4306 -1.384 -4.8344 1.4905 1.7994
1 0 1 2 70.274 -16.718 8.8129 1.3413 6.4058 5.5122 0.84727 5.3629 -2.0795 -0.87489 0.32038 -7.2969 1.5361 2.3133
1 0 1 2 70.715 -15.836 7.6984 0.10724 6.8699 7.497 3.1645 2.8349 -5.0227 2.1936 3.4416 -7.2633 0.052654 -1.3424
1 0 1 2 71.858 -14.532 6.1005 -2.8904 4.6905 8.7659 5.4189 2.2301 -3.8337 -2.4836 1.9499 -4.0244 2.8355 -2.2803
1 0 1 2 72.65 -15.195 5.1836 -0.24113 7.8645 6.47 -1.4176 -1.2105 -0.19476 6.1594 4.0136 -12.207 -1.6497 3.1271
1 0 1 2 72.232 -15.372 4.6304 4.5785 11.34 0.26867 -4.3262 11.298 0.77218 -4.4354 0.72904 -3.4188 0.6924 -0.70744
1 0 1 2 70.695 -16.789 8.885 2.8735 8.6859 2.8391 -0.26795 3.3721 2.0188 1.373 -2.5707 -9.3363 3.2718 0.084598
1 0 1 2 71.014 -15.914 7.0677 3.2389 6.5564 7.61 0.78387 0.98297 1.9676 6.7864 -5.0626 -11.94 4.0098 -0.041522
1 0 1 2 72.455 -17.721 6.6426 5.7665 8.7933 3.2037 -0.79306 1.6554 6.3549 0.041482 -3.3849 -5.6227 2.4667 -0.47019
1 0 1 2 71.385 -15.534 8.0806 3.4167 7.0572 1.2986 -3.728 7.7396 4.2949 -2.6893 2.4813 -2.1517 -1.9986 0.33253
1 0 1 2 72.114 -15.203 8.8451 3.2964 4.4337 0.67195 -1.9312 8.5178 1.2506 -6.0538 3.0477 0.33802 -2.4509 0.23517
1 0 1 2 71.331 -17.347 7.6138 7.6968 5.8139 -1.2124 1.114 10.498 0.96334 -4.3736 4.1988 -4.1771 -2.7576 2.9399
1 0 1 2 70.625 -15.832 11.458 1.883 5.8491 4.3503 -3.6366 2.5079 2.9965 -4.9688 -0.35439 -6.2586 0.89538 1.3713
1 0 1 2 69.216 -16.668 13.348 3.0156 5.1835 6.5759 -1.2094 3.0635 0.35995 -0.38476 -0.67835 -8.6382 3.4274 3.2884
1 0 1 2 70.752 -16.411 8.9934 2.0877 8.493 8.374 -4.6072 -2.4319 3.2526 4.7885 0.90379 -6.4794 -0.92769 2.1467
1 0 1 2 70.523 -15.552 7.4882 0.64285 8.0096 10.862 -4.3726 -1.6215 5.0048 6.8745 -0.88016 -10.008 -0.68219 3.17
1 0 1 2 70.928 -14.403 10.115 -0.49216 5.6367 5.0364 -2.3791 5.8032 1.6806 -0.20705 3.8052 -6.4769 1.8339 2.4851
1 0 1 2 69.95 -16.195 10.234 3.0031 8.6217 5.1874 -1.7577 4.8572 3.6884 2.5448 2.1984 -8.816 1.0275 1.4727
1 0 1 2 70.889 -17.771 9.327 5.6097 4.4613 3.2954 -0.5258 3.2832 2.2 0.21965 1.0944 -3.8943 -0.46635 2.8483
1 0 1 2 70.894 -18.089 8.988 6.2496 4.8564 3.207 -0.4283 3.3583 2.0821 0.49114 1.2231 -3.9078 -0.5128 2.4894
1 0 1 2 70.515 -17.087 9.5495 4.9019 4.7608 1.4527 -0.3207 3.181 -1.9472 0.7933 0.83083 -7.0431 4.3696 3.4472
1 0 1 2 70.578 -16.588 9.923 2.6616 4.6741 3.9073 -2.944 4.5948 1.6453 -1.2352 0.13759 -5.7391 2.9909 2.8442
1 0 1 2 70.368 -16.585 9.6864 2.2124 4.5702 3.0425 -0.95448 5.9784 0.78299 -0.9351 0.609 -4.2604 3.2841 2.974
1 0 1 2 71.066 -17.014 8.0568 4.5075 7.6523 1.2443 -1.6403 8.9322 0.45713 -5.7042 0.15753 -1.9943 -0.03468 0.22695
1 0 1 2 70.364 -17.872 11.168 4.9334 6.8343 5.726 -0.41499 1.7085 1.9018 -0.58695 -0.40692 -6.3505 3.3989 -0.47841
1 0 1 2 69.827 -15.768 12.952 0.1334 3.1024 5.3432 -1.8854 4.8658 -0.68578 1.2863 2.2198 -10.133 2.2776 3.0715
1 0 1 2 71.289 -16.946 10.116 4.6048 5.5717 4.2806 -0.46362 3.6813 4.1262 0.34706 -2.4567 -5.3728 3.3571 -2.3941
1 0 1 2 71.513 -16.678 9.5617 5.6558 5.616 2.0007 -0.33562 7.0472 2.7063 -2.9664 -0.88131 -6.2631 1.73 -1.5435
1 0 1 2 70.549 -16.26 10.32 5.0197 6.5508 2.6796 -0.77092 9.1445 1.5174 -5.1112 -2.4722 -7.2596 1.3747 1.2109
1 0 1 2 71.39 -17.073 8.0461 6.2618 10.417 1.3396 -5.8635 5.83 5.2267 -4.3458 -1.9395 -9.2853 -1.8303 0.51566
1 0 1 2 71.263 -17.83 10.001 8.227 5.1785 7.296 4.8144 1.5455 0.99818 3.2417 -4.6187 -7.0293 1.8876 -2.5722
1 0 1 2 71.605 -17.517 9.5692 7.6537 4.3565 7.3501 5.284 0.45803 0.11688 3.7369 -3.6921 -5.5704 2.3141 -2.6536
1 0 1 2 72.073 -15.073 6.1955 5.13 7.514 -1.2632 -2.8511 10.35 2.545 -2.6646 -1.2802 -2.0216 1.1213 -5.1331
1 0 1 2 71.091 -15.508 10.195 2.8509 6.8356 1.7224 0.64673 9.3025 -1.8772 -3.0687 -0.84455 -4.8173 -0.46592 -0.095421
1 0 1 2 71.071 -16.442 8.8442 5.4759 9.3552 0.77196 -4.1179 9.1833 0.64779 -7.7755 2.5554 -2.8886 -1.9919 -0.27694
1 0 1 2 72.85 -16.825 6.4816 6.1135 8.5881 1.2186 -2.5573 4.6532 4.5938 -3.7464 -4.669 -5.1787 2.539 -4.1385
1 0 1 2 71.355 -17.482 8.6505 5.7515 4.9223 6.8735 0.068035 1.2082 1.5109 -1.4429 -1.9874 -8.8926 -3.9548 0.63846
1 0 1 2 73.181 -14.799 4.0758 1.7139 14.292 5.2678 -6.7698 0.18627 0.74433 -0.33346 1.0433 -10.4 -3.7225 3.0229
1 0 1 2 73.394 -16.467 2.1299 2.2226 11.519 10.352 -3.9846 -2.9302 0.82777 8.1252 3.5774 -15.834 -2.0662 3.3834
1 0 1 2 73.525 -16.867 1.2456 8.0926 15.04 -4.8001 -8.3735 10.911 3.6348 -3.3394 3.4865 -3.3127 -5.8193 -3.0399
1 0 1 2 73.537 -16.821 1.6146 8.211 14.61 -5.9246 -8.3704 11.867 3.7319 -4.3278 3.0317 -3.1419 -5.2698 -2.4631
1 0 1 2 73.345 -16.889 2.0897 8.3679 14.401 -6.4492 -8.1634 12.75 3.8176 -5.0274 2.7546 -3.2742 -4.9477 -2.2247
1 0 1 2 70.428 -15.709 11.612 2.7567 2.9185 3.3897 1.7537 3.3607 0.14149 0.21116 -3.5994 -9.2253 4.8283 1.8043
1 0 1 2 70.33 -15.284 11.42 3.0335 2.9729 4.7419 0.2385 3.9043 0.8527 -0.2481 0.25529 -8.5091 1.976 0.21806
1 0 1 2 71.069 -16.017 9.0042 2.2951 7.306 4.6028 -4.9047 3.3051 4.4865 0.96102 -1.0237 -6.8956 -1.153 3.7533
1 0 1 2 71.658 -15.296 8.6824 1.3009 6.0782 5.0798 -5.3266 1.6858 4.5417 -1.1453 0.32903 -5.9683 -2.2867 3.5004
1 0 1 2 72.059 -15.216 7.983 1.4107 6.1749 3.8152 -4.856 3.0746 3.9258 -2.3103 1.1934 -5.5175 -2.7316 2.7913
1 0 1 2 72.059 -15.216 7.983 1.4107 6.1749 3.8152 -4.856 3.0746 3.9258 -2.3103 1.1934 -5.5175 -2.7316 2.7913
1 0 1 2 70.373 -16.761 11.921 2.7255 3.3395 3.2097 -0.15231 3.505 2.6743 -2.2067 -3.7854 -6.7961 2.1449 1.9272
1 0 1 2 70.141 -15.753 12.013 1.7096 3.589 5.1223 0.34439 3.614 1.0514 -0.88183 -1.6885 -6.9346 5.853 1.7415
1 0 1 2 72.18 -14.622 8.4149 0.20939 7.0563 2.1329 -4.0825 7.0726 1.5341 -3.2246 0.80481 -1.9678 2.1761 -1.8635
1 0 1 2 71.708 -16.018 5.9657 3.1938 8.9016 1.0301 -4.7572 10.078 7.0321 -5.9724 -0.40264 -0.93905 0.77064 -0.93878
1 0 1 2 71.046 -16.188 6.8728 2.5541 9.6004 5.2499 -4.693 5.7916 5.515 0.12125 -2.5323 -6.0824 1.3344 0.27783
1 0 1 2 71.046 -16.188 6.8728 2.5541 9.6004 5.2499 -4.693 5.7916 5.515 0.12125 -2.5323 -6.0824 1.3344 0.27783
1 0 1 2 71.178 -16.859 7.7412 2.6787 8.8447 0.67393 -2.8411 7.0825 4.4579 -2.3562 -2.2296 -5.2251 4.077 1.5199
1 0 1 2 72.304 -17.088 5.9778 5.5675 9.2725 1.7938 -2.5623 3.6046 3.1248 0.56867 0.45416 -9.2498 -1.526 4.5337
1 0 1 2 70.744 -17.372 10.348 4.9315 7.2068 2.1623 -2.3048 6.5957 3.4884 -2.3443 1.6071 -7.8405 1.2993 1.422
1 0 1 2 70.614 -16.715 11.148 4.1727 7.2258 0.18637 -6.5782 9.2412 4.2538 -5.8591 3.5145 -4.2897 -5.011 -1.8189
1 0 1 2 71.114 -17.246 9.9455 4.7137 5.9336 0.52314 0.29679 8.007 -1.5999 -5.2527 -0.82065 -5.0948 3.8417 -0.1764
1 0 1 2 70.93 -16.232 13.554 3.7384 5.5083 2.6939 -1.7963 7.085 1.1862 -7.1008 -4.7322 -2.7253 0.089215 1.1408
1 0 1 2 72.036 -15.845 8.9432 3.3707 8.5016 2.9415 -4.4007 7.2084 3.5403 -4.9601 -4.8308 -0.30292 1.7481 -2.7762
1 0 1 2 71.777 -16.893 8.4473 5.9896 10.109 3.4144 -4.24 7.355 2.5292 -6.3764 -6.3507 -1.5534 2.0108 -2.1851
1 0 1 2 71.829 -17.183 6.9754 3.7678 8.7274 4.9328 -1.9607 4.831 -0.21369 0.73335 -3.4217 -8.5912 2.074 0.021844
1 0 1 2 72.677 -15.896 6.4904 2.3853 6.9648 2.9203 -2.014 4.6665 -0.58188 1.9197 -1.2116 -7.2067 2.0469 0.73928
1 0 1 2 72.391 -16.493 5.2583 3.7722 10.56 3.2096 -2.4295 2.7844 1.7043 3.3381 -1.0558 -9.185 -2.9916 2.0362
1 0 1 2 72.954 -16.654 4.0373 5.3253 9.1436 1.8632 -1.1931 3.6986 0.3553 1.3732 -0.50966 -11.693 -3.1284 2.7332
1 0 1 2 72.604 -14.574 6.3281 3.5834 9.2548 1.0352 -3.3475 6.609 -0.57424 -2.49 -1.5892 -8.0207 1.4575 1.426
1 0 1 2 72.63 -16.358 7.255 3.7494 6.5604 1.3217 -0.26303 3.7395 3.292 -0.35856 2.2684 -6.0385 0.78155 0.48667
1 0 1 2 72.124 -16.968 8.75 3.7043 9.32 1.8657 0.70513 5.3701 3.5533 -0.6751 -2.1384 -6.5894 2.0453 -0.47713
