1 1 1 2 72.222 -16.135 6.3847 2.1627 -2.5952 -0.14836 12.271 -12.469 2.1808 -1.9054 2.1674 -3.964 4.9088 -6.0088
1 1 1 2 73.578 -14.512 6.2249 1.0724 -2.2822 -0.81008 10.083 -11.571 3.5531 -1.7684 2.6358 -3.5689 4.6563 -5.8518
1 1 1 2 72.802 -15.086 7.2955 0.80007 -1.8879 0.7226 10.287 -11.622 2.947 -2.6374 3.0753 -3.907 4.1992 -5.6593
1 1 1 2 72.723 -15.878 4.7031 -0.45955 -1.9179 1.7154 4.6699 -12.484 4.0473 -1.9625 5.4377 -3.3017 6.4025 -7.3134
1 1 1 2 72.873 -15.583 5.8297 -0.96886 -2.0615 -0.30006 6.3247 -10.515 6.3564 -3.5463 3.5882 -1.4942 5.2328 -5.5394
1 1 1 2 73.766 -16.035 4.4094 -1.016 -0.82825 1.3343 4.7053 -9.8402 5.6291 -2.7477 1.6149 -2.9068 5.0857 -5.4663
1 1 1 2 73.981 -15.575 4.4884 -1.1193 -1.2485 1.2016 4.3965 -10.289 5.509 -3.2277 1.3183 -2.948 5.3904 -5.3734
1 1 1 2 73.501 -14.99 5.8517 -1.476 -1.082 1.105 6.5422 -10.401 5.6464 -1.5771 1.633 -2.3278 5.2678 -6.6909
1 1 1 2 73.487 -14.583 5.6253 -2.1382 -1.935 0.19666 5.6381 -10.62 5.2723 -2.5095 1.65 -2.8068 5.578 -6.6925
1 1 1 2 73.231 -14.236 5.3269 -1.0993 -1.1434 0.12028 7.4721 -8.0903 2.9129 -3.0819 3.5845 -1.2223 4.4026 -4.8331
1 1 1 2 73.061 -15.597 5.0101 -0.21443 -0.95609 3.8408 9.9494 -9.7754 1.3118 -5.304 5.7051 -2.2074 5.4963 -6.4001
1 1 1 2 73.176 -16.009 7.0679 0.28254 -0.6525 1.5517 6.3764 -8.2203 -0.03317 -0.86996 3.1946 -2.3098 4.9875 -5.317
1 1 1 2 73.176 -16.009 7.0679 0.28254 -0.6525 1.5517 6.3764 -8.2203 -0.03317 -0.86996 3.1946 -2.3098 4.9875 -5.317
1 1 1 2 73.129 -15.442 5.1202 0.12638 -1.4635 -0.38461 6.8515 -7.7401 1.6615 -4.304 3.0448 -2.8214 3.9868 -4.8332
1 1 1 2 71.728 -17.262 4.217 0.39929 -0.30735 4.5168 8.6325 -11.943 2.1826 -5.8913 3.3097 -1.7298 4.4883 -5.3948
1 1 1 2 73.039 -14.376 6.1394 -0.80804 -1.602 2.6302 6.4082 -10.274 4.4035 -4.3815 3.4905 -3.0172 4.1997 -4.8366
1 1 1 2 73.2 -15.28 8.4787 0.68908 -1.8194 2.2697 8.3586 -13.72 4.4261 -1.1455 4.047 0.9516 3.0783 -4.0917
1 1 1 2 73.464 -15.791 6.1829 -0.30125 -2.4878 0.32271 5.5873 -8.6154 3.3208 -2.648 4.7109 -0.74199 3.4994 -5.0534
1 1 1 2 72.19 -17.747 5.7083 0.62316 -2.8943 0.067828 5.4394 -10.189 2.2789 -2.7653 5.8922 -0.48674 2.2239 -7.7643
1 1 1 2 73.615 -14.363 8.565 -1.491 -0.32392 2.9146 6.4269 -11.26 3.6164 -2.6056 3.6763 0.13148 0.48957 -5.7278
1 1 1 2 73.242 -13.944 5.2952 -3.0521 -1.2474 0.59633 6.7845 -9.342 3.9024 -2.6553 2.4623 -1.0233 3.6153 -3.8536
1 1 1 2 71.705 -15.505 6.2463 -0.48112 -1.7198 2.3705 7.9372 -11.503 4.2702 -3.1713 3.3829 -4.1262 4.7579 -7.5306
1 1 1 2 72.018 -16.222 7.2083 -1.5429 -0.75292 3.8245 5.9865 -11.239 4.1126 -1.3414 4.6975 -3.659 4.9038 -7.206
1 1 1 2 72.957 -14.812 6.2252 -2.3914 -1.3254 1.486 5.1693 -8.6649 4.6826 -2.1177 2.5954 -3.4429 4.1126 -5.6173
1 1 1 2 72.616 -15.155 6.6682 -1.5337 -2.0145 1.6171 6.2971 -8.8763 3.9374 -0.7983 3.2114 -4.1219 3.1343 -5.8074
1 1 1 2 72.436 -16.556 8.0987 0.55892 -2.2892 2.7209 5.3475 -8.5817 2.393 -3.479 2.6536 -1.5457 2.1461 -5.2373
1 1 1 2 72.436 -16.556 8.0987 0.55892 -2.2892 2.7209 5.3475 -8.5817 2.393 -3.479 2.6536 -1.5457 2.1461 -5.2373
1 1 1 2 72.211 -15.587 6.5284 -1.0353 -4.7949 2.9316 7.4064 -10.598 3.18 -4.4048 4.3449 -2.0465 3.8777 -6.7073
1 1 1 2 72.909 -15.122 6.2875 0.15945 -0.66917 2.833 8.7878 -10.664 2.9793 -2.3498 2.1486 -4.1985 5.1856 -5.3179
1 1 1 2 72.169 -16.127 6.5787 1.3141 0.61868 4.2241 9.426 -11.706 1.8297 -2.1984 1.4916 -3.9954 5.0686 -5.8496
1 1 1 2 73.319 -16.236 7.8757 -0.1697 -2.7077 3.9298 4.9837 -7.0008 0.80721 -1.3633 2.0918 -2.9641 4.8537 -9.662
1 1 1 2 72.404 -15.086 4.794 -0.96594 -0.79715 2.3606 6.6508 -8.5078 4.4199 -1.9435 3.9411 -3.1925 3.9208 -5.3328
1 1 1 2 72.965 -14.557 4.572 -1.9328 -1.8952 1.2065 4.736 -8.0154 3.4241 -1.8395 4.0623 -2.3554 2.634 -6.2627
1 1 1 2 72.473 -15.944 4.3143 0.31176 0.24837 -0.73409 5.6753 -8.4176 3.648 -5.0673 2.9989 -0.95719 3.9346 -6.0764
1 1 1 2 73.443 -14.969 6.8047 1.2742 -2.0581 2.9296 7.6893 -8.9029 2.0277 -1.2885 4.5704 -2.4133 3.22 -6.7784
1 1 1 2 72.769 -15.732 7.0574 1.0599 -3.4434 4.4826 9.2289 -10.392 1.0014 -0.69044 5.5162 -2.1536 2.5536 -7.0197
1 1 1 2 73.735 -13.814 6.5078 -1.167 -2.2569 0.36496 5.6674 -8.0443 4.7727 -2.8757 3.2789 -2.7737 3.7707 -4.5646
1 1 1 2 73.135 -14.519 6.5962 -1.16 -2.6194 1.6596 6.417 -9.3233 3.022 -4.4189 4.3147 -2.4864 3.8402 -4.1857
1 1 1 2 72.776 -14.536 6.4959 -1.1186 -3.2536 2.2222 8.7006 -9.3139 2.7053 -3.4524 4.2858 -3.9695 3.1375 -4.8285
1 1 1 2 73.159 -14.209 6.1539 -1.2437 -2.3283 1.1872 7.8901 -8.6094 2.9439 -3.1392 3.9555 -3.9375 3.0861 -4.2493
1 1 1 2 71.83 -16.295 5.5642 -0.72584 -1.1208 -0.025448 5.8975 -4.0443 1.8952 -6.7511 4.3435 -0.47494 1.1456 -5.9849
1 1 1 2 73.184 -14.383 6.1593 -0.97252 -1.8938 0.83703 5.4172 -6.8376 2.5958 -5.4042 4.9041 -2.6826 1.4884 -3.5069
1 1 1 2 72.617 -14.688 6.9982 -0.62876 -2.522 1.92 6.6326 -8.2856 1.7383 -5.6159 5.9083 -2.6458 1.7876 -3.9347
1 1 1 2 71.627 -16.478 6.8945 0.26466 -2.4674 1.8429 6.6936 -9.733 1.8489 -2.9071 6.4375 -3.0186 1.5383 -5.1425
1 1 1 2 71.012 -17.349 7.1069 1.0882 -2.215 2.3488 6.9491 -10.18 2.2512 -1.5019 7.6352 -2.7272 1.6266 -5.7578
1 1 1 2 73.554 -13.65 5.9894 -1.7392 -0.64463 2.1496 4.5865 -10.609 4.9708 -3.0373 6.1082 -2.4821 2.5129 -4.1329
1 1 1 2 73.613 -13.728 5.195 -1.96 -2.3602 2.0912 5.0428 -9.3905 3.7737 -3.3041 5.0195 -1.7791 3.3442 -2.9206
1 1 1 2 73.082 -14.192 5.0096 -1.9518 -3.1135 1.6986 5.9623 -8.9798 2.7515 -4.6509 5.7302 -2.7017 3.6447 -3.2652
1 1 1 2 72.1 -15.781 6.5657 0.5067 -2.5978 0.86602 5.581 -8.7361 2.6215 -6.6899 4.2842 -2.9984 6.0881 -4.2183
1 1 1 2 73.021 -14.918 5.808 0.61553 -2.7308 -0.38134 5.085 -11.225 4.5315 -5.5811 4.2483 -2.751 3.4857 -3.3858
1 1 1 2 73.594 -15.634 8.0153 0.93901 -3.6546 -0.23633 5.1788 -12.627 1.4213 -2.6818 4.7957 -3.9976 2.7142 -2.3826
1 1 1 2 73.976 -14.295 5.7065 -1.9712 -1.8801 -0.19508 3.3471 -7.1727 4.6522 -3.8642 1.5634 -3.3135 2.4509 -2.1577
1 1 1 2 73.063 -15.115 6.0474 -1.0719 -3.4618 -0.88091 5.0404 -9.8959 3.1442 -5.4808 6.7764 -0.89867 2.9222 -2.2722
1 1 1 2 73.558 -13.811 8.3052 0.41486 -6.8049 -4.6055 4.593 -11.88 1.4712 -2.6193 8.6336 -1.3393 5.3651 -1.6905
1 1 1 2 73.526 -13.794 7.2284 -2.06 -7.4578 -5.1774 1.0885 -12.67 2.3061 0.45043 9.2261 0.63976 5.9622 -2.7883
1 1 1 2 74.182 -13.015 6.7349 -1.9808 -6.5896 -4.6379 1.3306 -12.061 3.7211 0.006829 10.049 0.2808 5.0436 -3.7242
1 1 1 2 74.611 -13.157 6.8294 -0.085237 -5.9605 -6.8851 -0.14128 -13.138 1.4488 -2.3542 8.1771 0.63412 4.2714 -3.6177
1 1 1 2 73.812 -13.783 6.8132 0.15898 -7.1316 -8.1774 -1.8615 -14.964 0.08305 -3.482 9.1679 1.0343 3.9125 -3.2269
1 1 1 2 73.523 -12.325 5.1927 -1.3636 -4.87 -4.6415 -1.2909 -11.75 2.4598 -0.69688 8.5301 0.24159 4.6882 -1.2841
1 1 1 2 73.596 -12.736 6.2076 -0.45628 -5.0531 -4.8451 -0.2799 -11.442 2.7646 -2.2225 5.3911 -1.3733 3.4314 -1.6302
1 1 1 2 74.576 -11.703 6.8634 -1.1935 -4.1256 -6.1407 1.9437 -8.7586 1.0161 -2.0013 7.8426 0.032653 4.1051 -2.3215
1 1 1 2 74.733 -14.48 6.0488 -0.16812 -6.4446 -7.5789 -1.9265 -12.233 2.5051 -2.5083 8.1713 1.4565 3.016 0.16629
1 1 1 2 74.733 -14.48 6.0488 -0.16812 -6.4446 -7.5789 -1.9265 -12.233 2.5051 -2.5083 8.1713 1.4565 3.016 0.16629
1 1 1 2 75.124 -13.013 5.6185 -1.112 -3.9102 -5.2541 -2.7548 -10.952 1.968 -1.3427 8.6243 1.3514 5.8104 -2.7834
1 1 1 2 75.232 -12.783 5.9013 -1.2516 -3.878 -5.1005 -2.5726 -10.96 2.6082 -0.74151 8.875 1.0671 5.9304 -3.0945
1 1 1 2 73.474 -12.969 8.7074 -0.27666 -6.9959 -4.0201 -0.3129 -15.454 1.6962 -2.1299 9.1619 0.051426 4.9797 -1.3124
1 1 1 2 73.806 -12.845 8.1766 -0.55019 -6.6657 -4.2415 0.55434 -13.942 1.8586 -2.6303 8.0917 -0.16533 4.3927 -0.70206
1 1 1 2 74.422 -12.872 6.8033 -1.1567 -5.1315 -4.433 1.1764 -13.079 1.944 0.20539 8.4413 0.66735 4.1673 -1.2549
1 1 1 2 74.553 -13.136 6.2818 -1.3371 -5.6287 -5.8846 0.57185 -13.045 3.4892 0.64441 7.7993 0.26335 3.4273 -0.62112
1 1 1 2 74 -13.652 6.1445 -1.1827 -6.7521 -7.5233 0.16115 -15.061 3.212 0.47648 8.5499 0.82441 2.9951 -0.36344
1 1 1 2 75.611 -11.194 8.5324 -1.0335 -2.7958 -6.2561 0.89142 -10.831 3.2745 1.129 6.5903 2.4236 3.908 -2.5105
1 1 1 2 81.436 -12.848 3.1075 -8.6768 2.6329 -9.7506 -3.7416 -11.549 4.1354 -2.1708 8.2812 -0.84519 4.566 -2.6359
1 1 1 2 81.213 -13.239 1.058 -9.9377 2.3815 -11.113 -4.5576 -12.227 2.1579 -2.7954 8.4261 -0.62183 4.7406 -3.1625
1 1 1 2 81.213 -13.239 1.058 -9.9377 2.3815 -11.113 -4.5576 -12.227 2.1579 -2.7954 8.4261 -0.62183 4.7406 -3.1625
1 1 1 2 77.451 -10.266 4.7935 -11.326 -3.5696 -11.698 -8.5868 -14.745 -5.5766 -0.32792 6.5023 3.7736 4.0826 -0.53396
1 1 1 2 76.625 -8.4885 3.2974 -5.2915 -3.2455 -6.6458 -10.167 -12.635 -3.7274 -3.2455 5.9966 6.9345 -1.8591 -4.3955
1 1 1 2 77.164 -7.6254 1.8324 -9.5097 -1.9083 -7.2597 -10.113 -17.604 -4.1866 1.464 7.934 2.2066 -0.67126 -1.0861
1 1 1 2 77.56 -8.1888 1.9084 -10.501 -1.124 -6.6563 -11.91 -16.543 -3.6392 2.4681 8.2559 0.79939 -0.24616 -0.87945
1 1 1 2 77.565 -8.2746 1.7575 -8.0299 -1.6165 -7.3109 -14.259 -14.991 -6.9179 4.4303 4.7122 1.7817 1.1985 -2.8703
1 1 1 2 77.404 -8.0269 1.8831 -6.828 -1.8812 -7.1545 -14.023 -14.276 -7.0602 4.5558 3.779 2.8471 1.8622 -3.3892
1 1 1 2 76.945 -10.556 3.7749 -5.5032 -9.1763 -5.9657 -13.336 -9.1568 -9.1274 -3.3859 6.3745 4.8877 -0.9445 -2.0043
1 1 1 2 76.945 -10.556 3.7749 -5.5032 -9.1763 -5.9657 -13.336 -9.1568 -9.1274 -3.3859 6.3745 4.8877 -0.9445 -2.0043
1 1 1 2 76.859 -10.608 3.6025 -5.7479 -9.2501 -6.3223 -13.815 -8.8771 -8.7355 -3.5528 6.7257 4.5724 -0.36171 -1.2232
1 1 1 2 76.349 -8.5321 1.8475 -6.9136 -3.7848 -8.8749 -13.83 -6.8421 -7.7483 0.43644 5.1889 6.6443 -1.4079 -4.8503
1 1 1 2 76.339 -8.4793 2.1918 -6.8527 -3.9195 -8.5313 -12.783 -7.1028 -7.9464 0.72268 4.9686 7.5132 -1.9943 -4.7356
1 1 1 2 76.668 -8.5684 2.1779 -7.044 -5.7492 -6.5203 -10.486 -9.8374 -6.9052 0.38544 2.6184 6.8607 -3.1798 -2.7278
1 1 1 2 77.389 -8.8258 1.2964 -6.148 -7.181 -5.6767 -9.3356 -9.8577 -6.7964 0.33513 1.8342 5.2469 -1.0415 -2.4597
1 1 1 2 77.463 -8.8831 1.0311 -5.8545 -7.501 -6.0209 -9.2399 -9.3538 -6.9189 -0.012159 2.3847 4.9156 -0.23556 -2.8343
1 1 1 2 77.434 -8.8736 0.95522 -5.6466 -7.6436 -6.5487 -9.1005 -8.7781 -7.0191 -0.32562 3.3099 4.8799 0.55392 -3.1811
1 1 1 2 76.769 -8.3784 1.5466 -6.7451 -7.8011 -10.711 -11.387 -9.7213 -1.314 -0.73907 2.6427 6.7315 3.8115 -1.5684
1 1 1 2 76.27 -7.4218 2.0561 -6.9425 -3.7622 -8.7612 -9.231 -9.3941 -6.6942 -1.5164 5.7054 4.8863 0.61607 -0.32081
1 1 1 2 77.914 -9.5551 2.4125 -3.6934 -10.202 -4.9372 -7.2623 -10.472 -8.6556 3.0838 5.0519 0.33374 8.4077 -3.9745
1 1 1 2 77.914 -9.5551 2.4125 -3.6934 -10.202 -4.9372 -7.2623 -10.472 -8.6556 3.0838 5.0519 0.33374 8.4077 -3.9745
1 1 1 2 77.933 -9.7039 2.5672 -3.8477 -9.3682 -5.0685 -6.5938 -10.996 -8.9261 2.6875 5.8019 1.6893 8.5147 -4.121
1 1 1 2 77.131 -9.2943 4.1341 -8.0617 -7.9609 -6.3627 -7.3329 -14.348 -6.438 -1.9057 5.6614 8.2452 0.76202 -3.3805
1 1 1 2 77.19 -8.8348 3.7366 -7.267 -7.5022 -6.614 -8.1191 -14.917 -5.3495 -2.1695 3.6231 8.1795 -0.96304 -3.6215
1 1 1 2 77.19 -8.8348 3.7366 -7.267 -7.5022 -6.614 -8.1191 -14.917 -5.3495 -2.1695 3.6231 8.1795 -0.96304 -3.6215
1 1 1 2 77.139 -7.8477 0.80808 -5.9224 -3.0951 -8.2621 -9.87 -12.032 -6.3813 -1.0418 0.88627 9.4021 -0.76812 -5.9659
1 1 1 2 77.401 -8.4912 0.89117 -6.5853 -3.8895 -8.7108 -11.618 -9.7803 -6.0686 -0.95199 0.21187 9.2667 0.15272 -5.1546
1 1 1 2 77.575 -9.0493 0.91806 -6.4371 -4.9649 -9.2624 -12.133 -9.5153 -5.5993 -0.87139 0.040097 8.7006 0.51144 -4.2316
1 1 1 2 77.816 -10.31 0.77092 -5.4498 -7.3558 -10.47 -11.102 -9.5829 -4.9425 -0.3647 0.75846 7.0606 1.2918 -1.377
1 1 1 2 77.883 -10.569 1.4193 -3.7824 -8.1091 -10.213 -8.1484 -9.603 -4.6708 0.24901 3.041 4.6953 0.25113 0.087452
1 1 1 2 77.631 -9.9453 2.2945 -2.7569 -8.1254 -9.8444 -5.853 -10.262 -5.0374 1.0906 6.0037 3.7377 -1.3703 0.41964
1 1 1 2 76.985 -8.4321 2.5408 -3.7652 -6.3968 -8.7754 -5.8672 -11.35 -6.2471 1.923 7.3167 5.8248 -2.1391 -1.3887
1 1 1 2 77.698 -9.4726 2.2623 -5.5977 -7.0908 -8.1506 -8.8532 -11.189 -0.87781 0.50145 2.7016 4.1231 -0.69666 -0.72176
1 1 1 2 77.698 -9.4726 2.2623 -5.5977 -7.0908 -8.1506 -8.8532 -11.189 -0.87781 0.50145 2.7016 4.1231 -0.69666 -0.72176
1 1 1 2 77.036 -9.5276 3.5081 -7.1182 -0.49067 -10.82 -6.8978 -11.157 -6.7754 -2.0551 5.0651 4.8764 -2.4603 -2.7896
1 1 1 2 76.728 -9.2717 3.6002 -5.2948 -4.4794 -8.3702 -7.4763 -9.9017 -8.3851 -0.69196 5.2806 4.7414 -2.1492 -4.3077
1 1 1 2 76.831 -9.5296 2.7278 -4.8311 -7.2334 -6.6028 -8.1806 -10.056 -5.0862 1.9627 4.0262 4.5043 -1.3301 -4.676
1 1 1 2 77.032 -9.5996 2.7866 -5.8432 -6.8272 -6.9508 -8.7123 -11.207 -3.3701 2.6666 3.9644 5.6269 -1.2274 -4.2148
1 1 1 2 76.688 -9.139 2.6381 -8.5404 -5.1005 -10.005 -12.107 -11.993 -5.6116 1.1229 5.7866 6.8367 0.99461 -2.7391
1 1 1 2 77.988 -12.595 5.4567 -6.9108 -6.2583 -4.5927 -15.803 -5.8527 -6.6584 0.40967 1.1224 8.1233 -2.005 -3.0415
1 1 1 2 77.587 -10.37 3.4735 -5.0142 -10.305 -0.48314 -15.456 -11.751 -4.1354 -3.3977 6.312 7.7279 0.73382 -2.2096
1 1 1 2 76.423 -7.8841 1.8557 -7.0319 -6.4707 -6.4076 -12.886 -11.36 -6.125 -0.51268 5.6565 5.482 1.9694 -2.5541
1 1 1 2 76.423 -7.8841 1.8557 -7.0319 -6.4707 -6.4076 -12.886 -11.36 -6.125 -0.51268 5.6565 5.482 1.9694 -2.5541
1 1 1 2 78.218 -10.06 0.34013 -0.86115 -6.9135 -8.7199 -7.8562 -10.738 -7.9957 3.3057 4.9881 2.2503 -0.59544 0.89822
1 1 1 2 78.218 -10.06 0.34013 -0.86115 -6.9135 -8.7199 -7.8562 -10.738 -7.9957 3.3057 4.9881 2.2503 -0.59544 0.89822
1 1 1 2 78.214 -10.264 0.18104 -1.2158 -7.1947 -8.8959 -8.3736 -11.182 -8.0646 3.234 4.7325 2.0273 -0.19537 1.0409
1 1 1 2 78.042 -9.367 3.8108 -5.7383 -4.2929 -7.0993 -12.33 -7.004 -2.6944 0.56985 2.9653 3.7216 0.74705 -3.0253
1 1 1 2 77.922 -9.3546 4.7362 -6.3939 -4.1924 -6.557 -12.238 -6.7213 -1.3327 -0.23465 3.0471 6.2591 -1.0441 -4.0524
1 1 1 2 77.777 -9.518 4.797 -6.2868 -4.9405 -6.3725 -11.729 -7.3515 -0.96377 -0.49995 3.2547 7.51 -2.3487 -4.267
1 1 1 2 76.863 -9.6898 2.6957 -3.9797 -9.7513 -5.4306 -10.083 -15.594 -2.5693 -2.3483 4.3155 9.1908 -5.4572 -4.1166
1 1 1 2 76.674 -9.0056 1.5913 -2.4915 -9.9493 -7.9731 -5.5659 -14.197 -5.1628 -0.051295 8.516 5.8099 -0.47344 -1.0527
1 1 1 2 77.539 -8.5515 1.1209 -1.8349 -8.4148 -11.007 -3.6481 -11.494 -7.0139 -1.8482 6.3761 -0.86728 3.3451 -0.78251
1 1 1 2 77.7 -10.847 4.5545 -4.1753 -7.7621 -6.2831 -14.353 -6.7267 -8.8225 -2.4564 8.5275 -1.1707 -2.1426 -1.4645
1 1 1 2 77.621 -11.528 5.625 -4.4602 -7.8917 -4.982 -15.39 -7.2092 -8.6724 -3.5479 9.2013 0.087897 -2.3026 -2.1398
1 1 1 2 77.967 -12.062 3.0702 -3.5739 -6.3865 -9.987 -10.515 -9.5266 -11.148 3.0376 6.1661 11.722 0.011317 -2.7466
1 1 1 2 78.994 -12.809 2.5224 -2.3454 -4.9577 -10.414 -10.503 -8.0986 -11.863 3.3839 4.0665 10.062 -1.6017 -2.4855
1 1 1 2 79.1 -12.692 2.4332 -2.1314 -4.7781 -10.313 -10.416 -7.9105 -11.643 3.186 3.2157 8.7818 -2.4582 -2.9993
1 1 1 2 78.158 -10.268 3.3299 -2.3125 -5.9818 -9.6365 -9.8838 -9.4319 -8.8832 1.2667 1.4016 6.4585 -2.3776 -4.9745
1 1 1 2 77.728 -10.794 2.7644 -7.9135 -5.4775 -10.662 -12.266 -5.1307 -9.3553 -2.9346 10.437 7.8172 -1.1488 -1.2534
1 1 1 2 78.072 -11.482 2.5564 -6.0508 -4.5524 -12.487 -12.614 -3.0417 -9.8973 -4.2747 9.6101 7.017 -1.4836 -1.4667
1 1 1 2 78.192 -10.99 2.0833 -4.562 -3.9401 -13.822 -12.467 -1.6644 -9.107 -5.2098 7.494 6.0649 -1.0331 -1.9025
1 1 1 2 77.96 -9.7877 1.2188 -3.7511 -3.7048 -14.119 -11.333 -2.1757 -7.7638 -5.4395 5.9474 5.884 -0.45344 -1.8287
1 1 1 2 76.387 -7.6818 0.6117 -4.6801 -3.6722 -9.8454 -7.8132 -8.2538 -6.611 -2.3648 4.1829 5.3979 2.067 -4.6053
1 1 1 2 76.725 -7.935 1.7225 -5.6055 -3.6135 -8.4805 -8.7443 -12.606 -5.8761 0.058161 5.1471 3.6291 4.3985 -4.1125
1 1 1 2 76.762 -8.0739 1.8413 -5.1949 -3.7669 -8.5537 -8.4315 -11.974 -6.2675 -0.020846 5.8131 3.8273 4.6689 -3.5211
1 1 1 2 76.679 -8.0936 3.2622 -7.1791 -5.9158 -7.2986 -11.433 -8.075 -8.6952 1.0465 7.7579 2.7175 2.0045 -2.8614
1 1 1 2 76.679 -8.0936 3.2622 -7.1791 -5.9158 -7.2986 -11.433 -8.075 -8.6952 1.0465 7.7579 2.7175 2.0045 -2.8614
1 1 1 2 76.614 -8.2537 2.3413 -5.2301 -4.673 -7.6371 -9.2657 -10.503 -8.4745 1.3266 9.1035 4.2469 2.1672 -2.2138
1 1 1 2 75.945 -8.0461 2.7568 -4.8516 -4.5264 -8.9228 -7.8687 -12.522 -6.8659 1.5413 9.3551 6.1487 1.6499 -0.66028
1 1 1 2 76.99 -8.696 1.3432 -3.325 -5.4793 -7.3118 -10.31 -12.876 -9.1979 -1.111 5.9689 2.1514 0.78972 -4.9878
1 1 1 2 76.99 -8.696 1.3432 -3.325 -5.4793 -7.3118 -10.31 -12.876 -9.1979 -1.111 5.9689 2.1514 0.78972 -4.9878
1 1 1 2 76.11 -7.6347 2.8552 -6.387 -6.8 -6.3327 -9.4466 -12.424 -7.7613 -1.6506 6.5848 3.537 1.8209 -0.85298
1 1 1 2 76.532 -9.0831 3.275 -1.9584 -11.25 -6.6621 -6.9369 -12.773 -2.8213 0.60002 4.2179 5.2507 -1.7831 -4.6807
1 1 1 2 76.532 -9.0831 3.275 -1.9584 -11.25 -6.6621 -6.9369 -12.773 -2.8213 0.60002 4.2179 5.2507 -1.7831 -4.6807
1 1 1 2 76.54 -8.8667 3.0594 -2.4954 -11.415 -6.6867 -6.915 -12.848 -2.3271 0.48125 3.765 4.6788 -1.9143 -4.8568
1 1 1 2 75.911 -8.5865 3.255 -5.3661 -6.4557 -5.4279 -11.387 -14.561 -3.4592 -1.3582 6.4981 6.0263 -1.65 -1.4753
1 1 1 2 76.064 -8.7911 3.0473 -6.0307 -6.5695 -4.9998 -11.906 -14.775 -4.0731 -0.53483 6.2684 6.5414 -1.4414 -1.4932
1 1 1 2 76.424 -8.291 2.5036 -7.7061 -6.1321 -4.9433 -10.836 -13.829 -5.8124 0.50085 4.3768 7.6599 0.65497 -1.5104
1 1 1 2 76.522 -6.6802 2.0509 -6.582 -4.3993 -7.6093 -8.7722 -12.004 -7.1728 0.6801 4.2313 6.6316 0.39892 -1.2349
1 1 1 2 76.278 -7.0139 2.2926 -5.4981 -4.8761 -8.6289 -6.3599 -12.371 -6.1454 -0.48672 6.1379 5.9585 -0.41292 -1.9389
1 1 1 2 77.86 -9.6611 -1.0596 -0.88099 -6.0283 -10.95 -9.4295 -11.651 -4.8712 -0.81548 0.91644 3.2897 1.8762 -4.7674
1 1 1 2 78.409 -9.7122 -1.1143 -1.3593 -5.1291 -11.984 -9.689 -12.927 -5.0102 -3.8809 1.5434 3.8331 0.25104 -6.3965
1 1 1 2 78.63 -9.5356 -0.74664 -1.8594 -3.7239 -12.64 -9.5048 -12.334 -4.8678 -5.8001 2.7165 4.0767 -0.30987 -6.6442
1 1 1 2 78.63 -9.5356 -0.74664 -1.8594 -3.7239 -12.64 -9.5048 -12.334 -4.8678 -5.8001 2.7165 4.0767 -0.30987 -6.6442
1 1 1 2 78.577 -9.3334 -0.51387 -2.1276 -3.0294 -12.921 -9.2636 -11.558 -4.7865 -6.1045 3.3022 3.8742 -0.44223 -6.2345
1 1 1 2 78.319 -10.343 0.51269 -3.8589 -1.8684 -12.87 -10.664 -9.7231 -5.753 -1.5227 2.9996 5.5751 1.6797 -2.4106
1 1 1 2 79.78 -12.504 -1.5199 -3.5354 -0.94172 -12.294 -10.086 -7.7849 -5.2273 -0.01241 2.603 6.1502 2.8452 -2.6196
1 1 1 2 79.78 -12.504 -1.5199 -3.5354 -0.94172 -12.294 -10.086 -7.7849 -5.2273 -0.01241 2.603 6.1502 2.8452 -2.6196
1 1 1 2 86.744 -3.2214 -6.1164 -12.98 -7.6941 -4.0897 -4.2851 -2.5412 -6.4309 -2.4946 1.0205 0.14916 1.7147 -1.1124
1 1 1 2 86.744 -3.2214 -6.1164 -12.98 -7.6941 -4.0897 -4.2851 -2.5412 -6.4309 -2.4946 1.0205 0.14916 1.7147 -1.1124
1 1 1 2 81.266 -7.2279 -1.7324 -13.855 -8.7494 -4.8427 -5.7272 -4.2406 -6.8397 -0.048661 -0.18422 3.0623 3.8643 -3.1837
1 1 1 2 76.39 -8.2654 1.3206 -5.4212 -6.3467 -8.7523 -11.27 -12.729 -7.989 2.4064 3.402 3.347 0.55344 -6.2282
1 1 1 2 76.746 -9.2362 -0.68218 -4.2027 -5.0605 -12.459 -12.946 -10.674 -3.7918 -2.6512 3.6827 8.1011 -2.7327 -4.6425
1 1 1 2 76.803 -9.3971 -0.49224 -4.366 -5.8245 -14.146 -10.888 -8.887 -5.515 -2.049 5.7632 9.0898 -1.2576 -3.9922
1 1 1 2 76.803 -9.3971 -0.49224 -4.366 -5.8245 -14.146 -10.888 -8.887 -5.515 -2.049 5.7632 9.0898 -1.2576 -3.9922
1 1 1 2 77.054 -8.6513 3.2444 -4.7867 -4.9815 -10.225 -9.8775 -10.28 -8.1475 1.1577 5.4241 4.2002 -2.4439 -3.1159
1 1 1 2 77.549 -9.0259 3.554 -6.2475 -6.1755 -7.8 -9.664 -11.591 -9.0094 -0.29509 3.1346 4.1482 -2.5468 -2.7534
1 1 1 2 77.452 -9.1683 3.0237 -6.5897 -6.7701 -7.0625 -9.0905 -12.11 -8.6601 -1.1398 2.8866 3.9659 -2.022 -2.7061
1 1 1 2 76.284 -8.4641 2.3244 -7.7222 -7.482 -6.3882 -10.715 -11.144 -5.0325 -1.5463 5.4567 4.1564 -0.62795 -3.0909
1 1 1 2 76.786 -9.3628 2.6053 -6.4489 -5.4269 -8.1131 -11.656 -7.5828 -7.3621 2.5412 7.9697 4.0572 -0.4537 -3.2524
1 1 1 2 76.786 -9.3628 2.6053 -6.4489 -5.4269 -8.1131 -11.656 -7.5828 -7.3621 2.5412 7.9697 4.0572 -0.4537 -3.2524
1 1 1 2 76.835 -8.169 1.4287 -5.9716 -4.6644 -9.3841 -11.018 -8.5191 -7.1183 1.2633 4.7672 5.4702 2.3312 -1.3091
1 1 1 2 77.023 -8.8366 1.9145 -5.9555 -3.9151 -7.8384 -15.071 -11.583 -6.6724 0.87599 -1.3326 4.613 3.5854 -1.3336
1 1 1 2 76.996 -8.7994 2.2109 -6 -3.9931 -7.3569 -15.875 -11.531 -5.7457 0.75148 -1.5411 4.8138 3.7287 -1.6387
1 1 1 2 76.848 -8.8624 2.2792 -6.2883 -4.5945 -7.6144 -16.883 -11.866 -5.1012 0.0050703 -1.6834 4.5129 3.5981 -2.1686
1 1 1 2 76.602 -8.6335 2.6138 -5.9589 -5.3116 -7.988 -17.292 -11.702 -2.5682 -0.63078 0.33242 4.2728 3.9861 -2.079
1 1 1 2 76.753 -8.7869 0.79051 -5.0666 -5.0248 -5.9603 -15.236 -10.229 -1.0575 -3.9148 4.4411 2.5309 2.2521 -4.3109
1 1 1 2 76.797 -8.7498 0.62941 -4.9916 -4.5052 -5.8467 -14.782 -9.8051 -1.1421 -3.2784 4.7899 2.3446 1.8775 -4.558
1 1 1 2 76.837 -8.5508 0.86996 -5.5385 -3.5991 -6.3953 -13.369 -9.2983 -2.5446 -2.1515 4.6123 2.2474 1.5287 -5.1166
1 1 1 2 76.355 -7.1648 1.8266 -6.6206 -3.9172 -8.5928 -11.997 -13.047 -5.1908 -0.64992 7.6757 4.3646 1.6604 -3.4165
1 1 1 2 76.073 -7.9272 2.3688 -6.6513 -3.3505 -8.3785 -9.4381 -13.19 -3.3519 0.030067 2.5333 2.9071 2.6286 -4.721
1 1 1 2 76.523 -8.2029 1.9399 -7.231 -3.2 -8.5684 -9.5354 -11.36 -4.5194 0.020924 0.76065 2.5865 2.2798 -5.7161
1 1 1 2 77.072 -8.5673 2.2516 -7.7942 -2.6828 -9.1588 -8.2044 -10.284 -5.4245 1.4146 -1.1095 3.0466 1.7326 -5.2566
1 1 1 2 78.089 -9.8868 3.9407 -9.9052 -2.6966 -9.7638 -3.0342 -12.715 -3.7449 0.78311 -3.1046 2.791 1.6781 -0.91834
1 1 1 2 78.201 -10.023 4.0995 -9.8397 -3.0766 -9.4784 -3.2868 -13.069 -4.1275 0.26191 -2.1663 3.2531 2.2172 -0.46084
1 1 1 2 78.052 -10.306 3.7692 -7.7921 -5.4573 -9.589 -5.3424 -11.821 -10.158 0.71578 2.4382 5.6344 2.8568 -1.7028
1 1 1 2 78.052 -10.306 3.7692 -7.7921 -5.4573 -9.589 -5.3424 -11.821 -10.158 0.71578 2.4382 5.6344 2.8568 -1.7028
1 1 1 2 76.819 -7.2506 1.1209 -6.5859 -5.1855 -10.998 -10.321 -10.779 -2.9671 0.12788 3.1545 4.7985 0.91809 -2.9781
1 1 1 2 77.124 -9.3345 1.6843 -5.2485 -6.0581 -6.9574 -12.228 -14.613 0.026573 2.26 3.5704 3.3224 -4.059 -2.8165
1 1 1 2 77.185 -9.7209 2.9197 -3.1006 -6.3108 -6.3232 -11.75 -15.361 -3.9059 2.5555 6.5099 4.8424 -3.439 -0.75879
1 1 1 2 77.256 -9.8617 3.0967 -2.8444 -6.6011 -6.2019 -11.167 -15.2 -4.3448 1.86 5.8591 4.7255 -2.9993 -0.64067
1 1 1 2 77.294 -9.9095 3.218 -2.6639 -6.8357 -6.2671 -10.726 -14.823 -4.4524 0.92507 4.7199 4.3157 -2.5459 -0.87763
1 1 1 2 77.63 -8.1603 0.094375 -3.6322 -4.3912 -9.5733 -9.8625 -11.398 -5.1364 -0.61663 1.1273 4.3399 2.9819 -2.7712
1 1 1 2 78.123 -8.2656 -2.0028 -3.9025 -4.4357 -6.6498 -10.154 -9.2773 -7.2476 -1.0627 4.8283 3.1254 2.4645 -5.7732
1 1 1 2 78.123 -8.2656 -2.0028 -3.9025 -4.4357 -6.6498 -10.154 -9.2773 -7.2476 -1.0627 4.8283 3.1254 2.4645 -5.7732
1 1 1 2 78.053 -8.4296 -2.0591 -3.7312 -4.8717 -6.4976 -10.127 -9.4117 -7.5966 -0.95317 5.4372 3.2468 2.4924 -6.1952
1 1 1 2 77.903 -8.4385 -1.8564 -3.6036 -5.1858 -6.451 -10.009 -9.689 -8.019 -0.82013 6.1547 3.7267 2.7444 -6.1299
1 1 1 2 77.444 -8.1978 -1.4913 -4.4436 -5.79 -6.8961 -9.3451 -10.626 -8.8907 -0.98455 7.4459 4.6647 3.3887 -5.2623
1 1 1 2 76.989 -7.7472 -1.1003 -5.7694 -6.3003 -7.5372 -7.9605 -10.144 -9.0182 -1.2072 9.0331 4.6644 3.4166 -3.2302
1 1 1 2 76.601 -7.7167 0.066348 -6.2549 -6.0582 -8.3634 -7.6678 -9.0897 -6.8029 -3.3467 8.7594 2.7954 2.213 -2.6521
1 1 1 2 76.702 -7.5801 0.73792 -6.7382 -2.792 -10.061 -6.6812 -13.495 -7.8417 -4.4168 5.1298 1.5988 2.2945 -3.1525
1 1 1 2 76.728 -7.5694 1.0638 -7.1003 -2.7129 -10.042 -6.7943 -13.312 -7.9935 -3.9599 5.2717 1.9179 1.844 -2.6358
1 1 1 2 76.795 -8.7404 3.9995 -9.3999 -5.4888 -8.4126 -11.935 -12.015 -7.5184 -1.9504 5.3408 5.1165 -1.8978 -1.5658
1 1 1 2 76.795 -8.7404 3.9995 -9.3999 -5.4888 -8.4126 -11.935 -12.015 -7.5184 -1.9504 5.3408 5.1165 -1.8978 -1.5658
1 1 1 2 76.331 -8.2353 1.9535 -7.2383 -4.6978 -10.173 -9.405 -7.9356 -3.6142 -0.92187 4.0505 4.6818 2.0303 -5.8271
1 1 1 2 76.963 -8.3638 0.11896 -5.4567 0.5169 -10.495 -15.939 -8.901 1.4586 0.33928 -0.1441 4.1781 4.7217 -1.7816
1 1 1 2 76.936 -8.2325 -0.58988 -4.6309 0.37383 -10.75 -15.851 -8.7585 1.3285 0.14782 -0.30723 4.5026 4.4178 -2.0513
1 1 1 2 77.264 -7.7867 -0.71959 -1.9534 -3.4041 -11.722 -12.939 -10.006 -1.4704 -2.8748 2.4149 6.4923 -0.28431 -1.3303
1 1 1 2 77.216 -7.8712 -0.3417 -1.9551 -4.0976 -11.461 -11.436 -10.624 -2.9332 -3.4509 4.1005 6.8561 -1.4623 -1.7283
1 1 1 2 77.1 -8.0424 0.12291 -2.1633 -4.9062 -11.032 -10.052 -11.119 -4.6954 -3.7359 5.868 6.8118 -2.4537 -2.5281
1 1 1 2 77.356 -8.2622 1.2161 -3.0358 -7.276 -6.851 -3.4757 -9.5024 -7.7902 -0.52285 5.3426 5.2676 -1.7786 -1.8518
1 1 1 2 77.371 -8.2751 0.91183 -3.1379 -6.9282 -6.5485 -3.9849 -9.459 -7.3853 -0.83448 5.3441 6.4638 -1.5632 -2.4249
1 1 1 2 77.057 -8.16 -0.20728 -5.1619 -3.89 -10.656 -6.4432 -11.507 -5.4325 0.15555 4.0129 5.1103 3.3002 -5.3893
1 1 1 2 77.057 -8.16 -0.20728 -5.1619 -3.89 -10.656 -6.4432 -11.507 -5.4325 0.15555 4.0129 5.1103 3.3002 -5.3893
1 1 1 2 77.403 -10.173 2.7489 -8.18 -6.1852 -8.8373 -11.825 -9.2826 -10.389 2.9486 2.2491 5.3452 -0.71684 -3.0377
1 1 1 2 77.446 -10.175 2.4873 -8.5071 -6.6981 -8.0921 -11.794 -8.9662 -10.192 2.7319 2.9772 5.0843 0.0012158 -2.1276
1 1 1 2 78.327 -8.8263 -2.5883 -5.0242 -3.1482 -7.673 -9.2799 -10.908 -8.2886 -2.5143 4.6865 1.8556 2.8337 -3.8641
1 1 1 2 78.458 -8.4213 -3.2578 -5.0245 -1.1104 -8.5694 -10.744 -13.112 -5.348 -0.32376 4.1904 0.73828 2.2256 -3.6993
1 1 1 2 78.312 -8.2436 -2.572 -5.4808 0.043231 -9.218 -11.79 -14.423 -2.866 2.3115 3.051 0.5895 1.4749 -2.7546
1 1 1 2 77.87 -9.2021 1.1489 -8.4288 -3.1293 -7.6247 -10.766 -14.846 -7.4422 4.9613 6.8087 3.8348 -2.3834 -0.63581
1 1 1 2 78.046 -9.4716 0.76855 -8.0806 -2.9585 -7.703 -11.367 -14.884 -7.5654 4.3679 7.2362 4.6132 -2.7139 -1.2508
1 1 1 2 78.134 -9.7728 0.17294 -7.858 -2.8438 -8.1386 -11.884 -14.543 -7.2197 3.5952 7.5045 5.4346 -2.4487 -1.7971
1 1 1 2 77.458 -9.8359 0.57196 -4.9148 -1.6359 -11.631 -11.617 -10.936 -3.7042 -1.2221 6.0453 7.3492 -3.0541 -5.6198
1 1 1 2 77.015 -9.5227 1.4768 -3.5489 -1.8506 -12.061 -10.679 -9.8626 -1.7839 -1.5493 6.3271 8.0157 -4.0101 -5.3021
1 1 1 2 76.198 -8.7519 2.3357 -2.2543 -8.1886 -6.9709 -9.7029 -17.87 0.20467 0.58394 3.2181 6.6374 -2.7751 -3.104
1 1 1 2 76.173 -7.9001 2.1801 -3.933 -6.6734 -9.0796 -10.501 -14.782 -2.5343 -0.47348 2.7104 8.4583 1.7266 -1.8348
1 1 1 2 78.134 -10.545 5.8033 -5.4556 -7.815 -0.94277 -15.578 -9.4015 -6.8462 -2.3585 6.1741 7.2 2.5958 -5.6524
1 1 1 2 78.238 -10.597 5.9323 -5.7764 -8.3009 -0.6596 -15.6 -9.6401 -7.1499 -2.9747 5.8442 7.32 2.5958 -6.0827
1 1 1 2 78.141 -10.329 5.5339 -6.0909 -8.6197 -1.1202 -14.942 -9.2533 -7.9012 -4.2835 5.9817 6.9953 2.0414 -6.5919
1 1 1 2 77.42 -10.097 2.5727 -5.1013 -3.8921 -10.084 -11.07 -12.253 -6.5157 -5.0915 7.0746 3.1042 -5.1236 -3.5189
1 1 1 2 77.676 -11.069 2.7025 -4.4656 -3.1211 -10.94 -11.684 -11.337 -7.9868 -6.1214 7.3417 2.3695 -5.7626 -2.9072
1 1 1 2 77.654 -11.019 2.8546 -4.1029 -2.7877 -10.705 -11.268 -10.808 -7.7817 -5.7116 7.0578 2.3187 -5.3055 -2.5826
1 1 1 2 76.468 -9.3942 1.8158 -2.7003 -4.5129 -7.9457 -10.741 -13.597 -6.4376 -5.0696 8.4397 4.7852 0.78046 -1.7249
1 1 1 2 76.867 -9.7763 4.1274 -6.8502 -3.3811 -8.4117 -8.7842 -14.035 -3.2666 -5.1314 7.4467 4.5332 -0.63643 -0.92559
1 1 1 2 77.186 -9.6066 4.9476 -6.3305 -4.073 -8.7552 -9.5843 -11.942 -3.6131 -4.3119 5.1122 5.163 0.35264 -2.5528
1 1 1 2 77.213 -9.5968 4.7211 -5.9332 -4.62 -9.0381 -9.2663 -11.498 -4.0287 -3.9864 4.5293 5.3725 0.1756 -3.0049
1 1 1 2 77.296 -10.035 3.5383 -4.9679 -4.7621 -9.784 -8.8123 -10.585 -3.7072 -3.8486 4.7397 6.6397 -1.6545 -3.1375
1 1 1 2 77.162 -9.6687 2.5459 -5.198 -3.8988 -10.327 -10.173 -9.2636 -3.1311 -4.6093 5.9971 9.1256 -1.228 -1.8645
1 1 1 2 76.778 -8.9814 2.0269 -5.5867 -3.6993 -10.663 -11.81 -8.2439 -4.9619 -4.3129 5.835 8.624 -0.05689 -1.176
1 1 1 2 76.015 -7.5739 1.2187 -5.8851 -5.6031 -6.791 -8.0955 -10.835 -5.8731 2.1337 6.1579 6.0332 1.9809 -3.9081
1 1 1 2 76.037 -7.9355 1.2462 -5.5533 -5.3201 -5.3486 -7.7711 -10.971 -4.9288 1.8825 7.9291 6.4743 2.659 -4.4208
1 1 1 2 76.258 -8.1839 1.3214 -7.6466 -5.9846 -8.0103 -11.783 -9.0997 -9.2595 -2.6589 8.361 5.7556 3.2893 -2.7253
1 1 1 2 76.293 -8.1474 0.97861 -7.3753 -6.465 -8.2115 -12.082 -9.0962 -9.4707 -2.6208 8.4713 5.3448 3.0688 -2.2916
1 1 1 2 75.336 -7.4429 1.7377 -5.3134 -4.6144 -9.3461 -9.4188 -9.6048 -6.4719 1.4427 3.7057 4.1986 2.1119 -3.8928
1 1 1 2 75.018 -7.7814 1.9222 -5.891 -4.5312 -8.5475 -9.2162 -9.936 -6.5596 2.1651 3.4758 5.0499 1.6222 -4.9194
1 1 1 2 76.007 -13.925 5.6778 3.0703 -4.5332 -12.398 2.3019 -12.063 -0.86261 0.041443 10.462 2.515 6.9828 -6.3453
1 1 1 2 76.275 -13.541 5.6653 2.8302 -4.7926 -11.767 2.6433 -11.198 -0.63311 -0.6458 10.22 2.4925 7.002 -5.8519
1 1 1 2 76.958 -13.225 1.9248 -3.6059 -4.3119 -7.6016 2.459 -10.012 4.9146 -0.081018 6.0598 0.67183 6.0312 -2.8286
1 1 1 2 76.774 -13.409 1.8669 -2.9178 -3.7541 -8.1205 2.3538 -10.806 4.6079 -0.92462 5.382 -0.055184 4.9412 -4.1548
1 1 1 2 75.356 -11.823 6.1784 -0.065434 -3.9591 -5.412 2.6687 -14.963 2.5561 -1.2867 7.93 2.2891 6.9863 -5.469
1 1 1 2 75.197 -12.038 8.3098 -1.6378 -6.1313 -6.2451 4.2619 -18.124 1.1384 2.2654 10.297 4.1422 7.5859 -4.4254
1 1 1 2 75.904 -13.354 6.2881 1.7502 -3.4258 -10.986 1.2038 -9.2519 2.3428 -3.9266 7.3589 3.8192 5.1925 -6.6536
1 1 1 2 75.752 -13.687 6.1429 2.24 -3.7593 -11.812 1.03 -9.1836 2.6464 -4.1927 7.1065 4.1001 5.3488 -6.8199
1 1 1 2 75.647 -13.853 5.9416 2.2821 -4.0119 -12.014 1.0357 -9.3502 2.6561 -4.2587 6.8238 4.0437 5.3968 -6.8739
1 1 1 2 75.518 -13.958 5.5744 2.0121 -4.2078 -11.644 0.94605 -10.278 2.3355 -3.7636 6.7069 3.5155 4.8309 -7.0649
1 1 1 2 75.266 -12.201 6.7055 -2.7233 -5.5708 -6.1945 2.1738 -11.192 3.1717 0.52764 9.1781 0.94514 6.1844 -4.4118
1 1 1 2 74.597 -13.136 7.1285 -1.3889 -6.3095 -8.4778 1.8369 -12.516 2.4563 0.45211 8.8012 2.969 5.5372 -5.8045
1 1 1 2 74.659 -13.211 6.9045 -1.3333 -5.5909 -8.6178 1.1511 -12.49 2.0873 0.23704 7.6909 3.2344 5.2703 -6.0865
1 1 1 2 75.37 -13.074 5.801 -1.2169 -3.8769 -6.5286 -1.0718 -12.026 0.72648 -0.27532 7.8776 3.157 7.3068 -5.9276
1 1 1 2 75.842 -12.44 7.1143 -1.2126 -3.706 -6.3441 -1.0493 -13.002 -0.51973 -1.5629 5.1413 3.0823 9.2625 -6.2265
1 1 1 2 75.487 -12.014 6.5009 -1.9985 -4.4105 -6.1872 1.1218 -13.714 1.5261 -0.09174 5.6759 2.1628 6.7592 -5.2824
1 1 1 2 74.409 -13.371 7.0575 -1.7002 -5.5408 -5.3626 2.6117 -15.281 1.4965 3.4075 7.5779 1.4137 8.085 -3.9446
1 1 1 2 75.198 -12.876 6.7068 -1.4606 -5.3586 -6.1316 3.3685 -14.185 1.2 3.4155 9.4248 2.4545 5.0961 -4.5408
1 1 1 2 75.625 -12.568 6.2072 -1.7129 -4.4714 -6.0793 2.9409 -13.891 0.77426 3.2803 8.1521 2.2852 5.4035 -5.4441
1 1 1 2 76.127 -11.484 6.8225 -2.7758 -3.7597 -4.4445 1.2986 -14.643 3.1627 -0.79455 7.0324 1.5986 7.3559 -3.7395
1 1 1 2 76.1 -11.534 6.8208 -2.6558 -3.7926 -5.0451 1.2659 -15.192 2.8475 -1.4224 7.783 1.9845 7.4032 -3.6896
1 1 1 2 75.456 -11.494 6.2025 -2.2238 -4.7696 -6.4823 2.7872 -12.847 3.5371 -1.8295 5.6292 0.39072 6.5128 -3.3522
1 1 1 2 75.987 -14.839 9.236 -2.2916 -4.9963 -4.598 -2.325 -6.6023 -2.633 6.4947 3.4088 1.1918 7.9259 -6.865
1 1 1 2 76.043 -14.814 8.6089 -2.7068 -4.8632 -4.2974 -3.0913 -7.3135 -1.1184 4.8655 2.5992 1.7624 8.1767 -7.8602
1 1 1 2 75.748 -12.098 5.5103 -1.4769 -3.0843 -4.037 2.1638 -10.716 2.6291 -3.6028 5.5782 2.3782 6.4448 -4.8663
1 1 1 2 74.502 -13.434 4.8224 -1.889 -3.639 -7.4604 -0.93191 -12.289 2.2246 -3.8643 6.0967 3.2795 7.9605 -6.1273
1 1 1 2 74.895 -12.883 8.2053 -0.5618 -6.0861 -7.338 -0.98556 -13.901 2.3705 0.20332 7.1394 1.3734 7.347 -4.9011
1 1 1 2 75.106 -12.752 8.1351 -0.008746 -6.9168 -6.0155 -1.2687 -16.782 2.5348 1.6376 8.2452 0.6436 8.5238 -6.1222
1 1 1 2 75.358 -13.088 5.9478 -1.7216 -4.077 -4.9567 3.4696 -12.651 1.9171 1.007 5.2208 -0.06827 8.0668 -4.2258
1 1 1 2 75.358 -13.088 5.9478 -1.7216 -4.077 -4.9567 3.4696 -12.651 1.9171 1.007 5.2208 -0.06827 8.0668 -4.2258
1 1 1 2 74.756 -12.203 7.416 -1.9649 -3.4097 -5.7197 1.0052 -11.208 3.2587 -1.2665 5.7861 -1.1543 6.2922 -5.6512
1 1 1 2 75.871 -13.131 5.9536 -0.24237 -2.6103 -7.5808 0.313 -9.1994 1.7459 -2.4674 9.2838 2.6265 6.3109 -6.11
1 1 1 2 75.141 -13.524 6.8381 -1.1943 -3.7322 -6.8013 -1.4186 -11.078 4.0159 -1.6428 7.7707 1.693 5.1649 -5.0448
1 1 1 2 74.969 -13.745 5.8674 -1.4737 -5.019 -6.9611 0.36499 -13.426 2.829 1.308 6.6865 1.0438 5.9912 -4.2136
1 1 1 2 74.95 -12.267 6.8177 0.37791 -2.7142 -8.7984 0.48542 -11.027 2.0805 -3.7895 7.8293 0.91921 3.5025 -3.9695
1 1 1 2 75.206 -12.153 6.6146 -0.39061 -2.2367 -7.7597 0.95627 -10.584 2.6557 -2.7607 6.8368 0.79987 3.9352 -3.5896
1 1 1 2 74.002 -13.474 7.0916 -2.7673 -4.6639 -5.5957 -1.4589 -12.929 2.4833 -0.21667 5.8987 2.3409 7.6507 -4.3205
1 1 1 2 75.593 -12.462 8.4791 -0.85941 -2.3627 -7.5778 -0.90833 -11.081 0.73254 0.82738 5.8028 2.0213 5.7344 -6.4067
1 1 1 2 74.685 -12.918 6.9195 -2.1687 -5.5127 -5.4694 0.28601 -16.688 0.68353 -1.6131 9.4027 4.9919 9.3259 -6.976
1 1 1 2 74.781 -13.135 7.7863 -3.4561 -6.8317 -3.7211 0.64268 -11.171 -0.0077427 0.72633 7.4728 1.7263 5.4045 -5.3578
1 1 1 2 74.534 -13.155 7.8036 -2.8839 -6.0795 -4.5183 -0.32398 -12.22 -0.85603 0.33069 6.0406 0.0059225 3.9663 -4.1279
1 1 1 2 74.308 -13.212 7.7981 -0.80987 -3.758 -4.9859 0.17416 -11.68 1.1969 -0.1226 9.6607 0.26845 5.0969 -3.3183
1 1 1 2 73.996 -13.509 6.3187 -1.7068 -5.3742 -6.7147 -1.2351 -14.783 0.73121 -0.090809 9.6356 3.213 5.5096 -4.6344
1 1 1 2 74.533 -13.147 6.8313 -2.5757 -4.8596 -5.5902 -1.2651 -13.016 2.0998 1.8825 11.031 1.9747 6.1251 -3.5694
1 1 1 2 75.07 -12.254 6.1159 -3.5013 -3.7883 -4.9367 0.55069 -12.118 2.7339 -1.4865 9.1545 0.35219 6.8927 -1.5461
1 1 1 2 75.406 -12.632 6.3464 -1.704 -5.7413 -5.3409 0.73146 -11.686 4.3644 0.7201 7.0857 -0.55225 6.6654 -4.0083
1 1 1 2 74.326 -13.514 7.3211 -0.65669 -4.5206 -8.0072 -2.3408 -13.788 0.53638 1.9811 9.998 -0.10944 5.0778 -2.4038
1 1 1 2 75.498 -11.444 5.0593 -3.8866 -1.4089 -5.0731 -3.0753 -12.81 4.7127 0.85734 4.1595 -1.6156 8.7804 -3.0258
1 1 1 2 74.934 -13.12 4.4017 -3.7543 -2.8206 -3.9244 -1.6981 -17.805 3.2337 1.5849 5.2075 -1.8712 4.7912 -4.2587
1 1 1 2 74.834 -12.922 4.9253 -3.496 -3.1051 -3.293 -0.44915 -17.003 3.9672 1.9141 6.1606 -1.6675 4.4689 -3.954
1 1 1 2 74.57 -12.236 6.015 -2.8636 -2.4566 -2.6329 0.34501 -13.856 7.9067 -0.46789 6.6601 -1.3464 5.3563 -3.3576
1 1 1 2 75.001 -11.478 6.2258 -1.9103 -1.3015 -3.8402 -0.39227 -12.78 7.0984 -1.6591 5.8249 -1.1632 7.0482 -2.6558
1 1 1 2 74.96 -13.054 7.1519 -2.9417 -5.8164 -5.5695 -0.23809 -14.138 3.6401 1.1213 6.3449 1.2915 4.8976 -1.3176
1 1 1 2 74.926 -14.646 8.3969 -3.713 -6.1887 -3.6685 -1.5076 -12.448 0.73022 -1.529 6.6145 3.3845 5.3682 -1.2134
1 1 1 2 75.645 -12.649 5.8751 -2.6401 -3.2162 -1.729 -2.6511 -15.086 4.7638 0.74818 6.3206 -2.8154 4.26 -2.1906
1 1 1 2 75.645 -12.649 5.8751 -2.6401 -3.2162 -1.729 -2.6511 -15.086 4.7638 0.74818 6.3206 -2.8154 4.26 -2.1906
1 1 1 2 74.027 -14.204 3.6913 -3.8478 -2.3412 -2.1685 -6.7947 -19.874 5.3124 2.1098 8.3064 -2.0319 4.6333 -0.85538
1 1 1 2 74.186 -12.82 5.7009 -3.5096 -3.3685 -2.9798 -2.3857 -14.71 4.9133 0.19981 9.7832 1.3965 6.6727 -1.8896
1 1 1 2 73.674 -13.367 6.5389 -2.6606 -4.2751 -4.9979 -2.5647 -15.251 3.1023 -0.56698 10.122 2.7389 7.5524 -3.8631
1 1 1 2 75.314 -11.798 8.4175 -1.6346 -2.7529 -4.5082 -2.3798 -11.262 3.3302 0.95807 9.4 0.57463 3.7545 -2.9554
1 1 1 2 75.616 -13.357 5.3897 -1.3717 -2.9957 -3.5821 -1.6083 -10.822 2.2299 2.1176 11.381 1.347 5.8074 -4.6601
1 1 1 2 74.699 -12.636 4.4183 -1.9445 -4.4768 -5.9686 -3.3556 -14.493 6.1808 -1.1081 8.7948 1.3515 6.2362 -1.3982
1 1 1 2 74.434 -13.787 4.6822 -2.2987 -2.0258 -5.3796 -6.0769 -12.759 6.6462 1.4553 5.0584 -0.24534 8.0781 -0.43445
1 1 1 2 74.895 -13.987 6.1671 -0.026008 -3.5694 -5.3432 -3.7127 -12.896 4.1651 -5.5695 7.0162 3.7551 7.637 -2.4621
1 1 1 2 74.998 -13.972 6.2922 0.846 -4.3359 -6.1412 -2.9241 -11.843 4.1543 -6.1058 8.1399 4.0889 7.0892 -3.2107
1 1 1 2 74.168 -13.706 6.1417 -1.8761 -4.719 -4.3573 -0.20984 -15.357 4.9582 0.86229 9.9968 0.19293 4.2037 -0.99446
1 1 1 2 74.591 -13.611 6.8418 -0.7353 -5.0778 -4.6276 -1.9033 -13.249 2.5023 -0.19967 9.8389 4.4374 7.9062 -3.2426
1 1 1 2 75.082 -13.018 6.3443 -1.1777 -4.3567 -4.9925 -1.4318 -10.126 3.3333 -0.79537 8.9205 3.1062 7.79 -2.616
1 1 1 2 74.053 -13.511 6.015 -1.7567 -5.0458 -6.8442 -1.8728 -13.766 0.85041 -2.9794 8.2287 2.8365 3.2602 -1.6605
1 1 1 2 73.731 -13.618 5.2735 -1.1517 -4.0215 -4.7776 -1.8224 -10.669 4.8759 -1.7523 8.675 1.9226 6.1134 -4.4533
1 1 1 2 75.27 -14.037 5.7986 -2.6491 -5.1956 -5.2736 -1.7955 -10.552 0.55056 -1.0034 10.772 4.6402 3.6636 -1.8534
1 1 1 2 75.264 -14.123 6.8161 -1.6878 -5.0492 -6.5905 -4.2162 -9.369 -0.64245 0.79433 10.504 4.4612 2.2345 -2.9224
1 1 1 2 74.826 -14.23 6.655 -1.1229 -5.2861 -7.2646 -4.9938 -10.449 -0.22907 1.3056 10.995 4.3401 2.0673 -2.7448
1 1 1 2 75.282 -12.276 3.3947 -0.70782 1.0694 -6.6147 -3.9221 -7.7404 5.793 -4.4545 6.8747 1.991 3.3545 -2.3539
1 1 1 2 78.928 -11.29 4.9927 -0.41058 2.4222 -6.0074 -2.2105 -11.582 9.3548 0.13202 4.4936 3.6085 7.4294 0.53777
1 1 1 2 79.561 -10.892 5.3741 -0.92552 2.7064 -4.9765 -1.4858 -10.41 8.7011 1.4533 4.1031 4.2304 6.2118 0.021218
1 1 1 2 80.606 -10.501 6.5259 -2.5494 2.2129 -4.5709 0.32577 -7.7754 7.7579 3.3228 3.8743 4.7306 3.8613 -0.44281
1 1 1 2 81.722 -11.828 7.1516 -6.5314 1.7003 -9.6172 0.406 -7.4283 3.9058 2.4829 9.0616 -1.1148 2.2873 1.3509
1 1 1 2 81.425 -12.851 5.9861 -7.839 1.0233 -10.971 -1.7411 -10.831 2.1886 2.3042 9.9511 -3.9628 1.7903 1.4349
