0 0 1 1 72.877 -22.073 -2.1174 1.7221 8.0198 -13.683 9.0055 -1.4777 0.62377 2.1999 -1.95 -5.3011 3.6252 -0.24149
0 0 1 1 71.15 -23.555 -0.88173 -0.41545 3.4042 -16.25 9.5282 -1.8146 -0.77811 -0.79518 2.6875 -1.3756 -0.5324 -0.999
0 0 1 1 70.22 -22.57 2.17 -2.2314 7.5995 -9.1085 4.3274 -3.1383 0.1649 1.0198 -0.20805 -2.3432 -1.1333 -1.6389
0 0 1 1 70.256 -22.626 1.2974 -2.0776 3.6198 -11.638 8.2798 -2.4113 0.3064 -0.88784 2.1751 -3.0736 3.0274 -0.37314
0 0 1 1 71.655 -21.306 1.3841 -1.1857 6.6094 -10.168 8.5874 -4.4131 0.83773 1.0085 1.2517 -0.28547 -0.2676 0.95247
0 0 1 1 72.03 -21.843 1.4897 1.1587 4.0455 -13.297 7.5336 -2.8309 -0.027328 0.25466 -0.53335 -3.4049 0.88654 -0.59015
0 0 1 1 71.118 -23.003 -0.93765 -0.078334 5.3701 -14.762 7.6535 -4.6871 -1.9174 -0.72976 3.6792 -1.3706 0.6445 -1.327
0 0 1 1 71.274 -22.507 0.5067 -0.51391 6.1173 -13.11 6.6353 -3.0804 -0.06853 -2.9804 3.0806 -2.4734 -0.63341 -0.67293
0 0 1 1 70.963 -23.05 -0.16481 -1.0977 7.1163 -12.663 6.3818 -2.4694 -0.87715 -1.4677 1.8216 -4.4369 0.57948 0.070214
0 0 1 1 71.026 -22.293 1.6262 2.4099 6.0452 -12.957 7.2421 -3.8227 -0.95487 2.0947 1.5969 -4.0666 1.0536 -0.35108
0 0 1 1 70.727 -23.727 -0.050088 2.9061 5.2543 -14.874 8.0497 -1.768 -3.2763 -1.635 3.6101 -1.8587 3.3076 1.7225
0 0 1 1 71.742 -22.814 -1.9961 0.63 5.0858 -13.129 9.5163 -1.6 -3.3889 -0.87668 4.2655 -1.7771 1.4263 -1.8952
0 0 1 1 72.612 -21.012 -0.099828 -0.37394 6.7684 -11.611 9.9914 -4.9222 -4.1499 0.73848 6.0331 -0.30306 0.95938 -2.9182
0 0 1 1 70.508 -23.84 -0.096126 1.9542 6.3275 -12.98 8.8535 -3.327 -3.2054 -2.2409 1.351 -1.8993 1.3589 -2.0736
0 0 1 1 71.529 -22.75 0.47232 0.30298 6.5621 -11.315 8.4239 0.14144 -2.0002 -0.073994 1.5713 -3.9487 3.2798 -1.371
0 0 1 1 71.23 -23.691 -0.84506 -0.88584 6.3444 -11.275 8.9944 1.4424 -1.7635 -0.79791 1.2678 -3.7215 3.4274 -1.2594
0 0 1 1 70.819 -22.529 -1.441 -1.9664 5.2927 -14.239 10.978 -3.5301 0.3561 1.5177 1.6856 -2.5159 0.7767 -1.0832
0 0 1 1 71.953 -20.835 0.078243 0.2919 5.3133 -16.726 7.8437 -1.749 -0.15634 2.1278 1.8724 -5.9023 1.3244 -0.66306
0 0 1 1 70.393 -22.704 -0.38828 -1.4685 4.3119 -13.127 6.3185 -2.544 -0.44929 -5.4499 2.7622 1.0848 3.4952 -1.5571
0 0 1 1 72.117 -21.14 0.063987 0.60667 4.8429 -12.207 12.244 -2.8591 -2.9022 -0.95637 -0.051461 -5.6368 0.21903 -1.138
0 0 1 1 70.788 -22.914 -1.1808 0.015632 6.9945 -13.767 4.7022 -1.575 1.9069 -5.0303 4.2233 -1.0641 0.17967 -2.0079
0 0 1 1 72.733 -20.382 -1.2452 -1.1418 7.6445 -10.164 4.4203 0.22372 0.3787 -2.0982 3.7847 -1.2271 -1.6841 -2.5203
0 0 1 1 72.423 -20.004 0.34012 -1.2032 7.5198 -10.267 6.131 -1.0949 1.0635 -4.1466 2.4276 0.40921 -0.92695 -1.5732
0 0 1 1 71.77 -21.704 -2.5381 -2.1873 8.5619 -10.511 6.0145 -0.60818 2.4101 -4.7596 1.6317 1.384 -0.26124 -1.8264
0 0 1 1 71.954 -21.033 -2.7024 -1.7917 9.0871 -11.492 4.7444 -1.2669 3.4285 -5.0048 1.1939 2.049 -0.44866 -2.5978
0 0 1 1 71.965 -22.121 0.025626 1.7314 6.0977 -12.67 6.4771 -4.5292 3.0941 2.1066 2.7461 -3.7343 -0.15037 0.37668
0 0 1 1 71.357 -21.343 1.1803 1.2316 6.2183 -11.026 5.807 -5.5125 2.4792 -0.40462 0.7197 -3.5516 2.3524 -0.46369
0 0 1 1 71.638 -21.188 0.63965 1.2632 6.1921 -11.515 5.7734 -2.4208 2.9139 -3.1816 0.13371 -2.8621 1.9448 0.36737
0 0 1 1 72.18 -20.479 -0.67563 -2.2349 8.4974 -7.952 5.1622 -3.6176 -0.10907 -4.7673 4.3384 -1.9151 -2.0707 -0.9267
0 0 1 1 72.418 -19.922 -0.94142 -1.8866 8.2315 -8.7049 5.8521 -5.2413 -0.41833 -3.8476 4.4143 -0.76766 -1.9011 -2.1512
0 0 1 1 71.117 -22.161 -2.4115 -0.96765 6.3815 -12.859 7.5757 -5.1519 0.94349 0.42649 1.2653 -0.91323 0.019453 -3.4336
0 0 1 1 71.236 -22.646 -0.21477 1.9231 5.0492 -14.951 7.9059 -5.9902 -1.6648 3.6577 2.4344 -3.816 4.7537 -1.1301
0 0 1 1 73.33 -20.79 0.36727 2.6865 7.4112 -11.872 4.5316 -3.8061 1.2692 0.39223 0.3316 -3.4493 4.1962 -0.91852
0 0 1 1 72.454 -20.693 -1.1435 -1.2862 6.4145 -11.971 6.5114 -4.0412 2.135 -4.673 1.8762 -1.6194 1.6732 -0.81699
0 0 1 1 71.711 -21.459 1.262 2.978 5.6423 -13.258 10.16 -3.7136 0.2103 -0.29087 1.1938 -2.2649 3.4984 -1.8386
0 0 1 1 72.201 -21.955 1.67 2.7748 5.9231 -14.845 7.8216 -5.2792 0.44664 -0.23874 2.5499 -3.4187 2.5239 -2.5928
0 0 1 1 73.471 -19.5 2.1572 2.3306 6.1028 -14.534 10.615 -3.304 -1.7607 0.84266 2.6359 -4.7206 3.6448 0.15208
0 0 1 1 71.739 -22.301 -0.066693 -0.19705 6.7415 -11.933 6.6056 -5.7635 0.9648 -1.3188 3.8016 -1.809 3.3385 -0.49296
0 0 1 1 71.207 -23.307 1.6963 2.437 4.4648 -13.295 13.28 -6.8384 -0.85583 -0.30686 1.5954 -2.803 3.0912 -2.1121
0 0 1 1 71.777 -20.071 2.7446 -1.6945 6.1745 -9.4954 5.655 -4.3766 4.9001 -0.52801 1.721 -2.3562 1.7123 -3.0907
0 0 1 1 73.547 -17.672 3.4011 1.1769 4.5597 -13.842 12.018 -4.4876 0.59017 -1.0628 1.6451 -2.9429 1.1796 -2.8345
0 0 1 1 71.567 -22.6 -2.1053 -0.5817 5.71 -14.871 10.184 -5.1009 -1.7873 -2.8318 5.8959 -3.4131 -0.21345 -3.7712
0 0 1 1 72.896 -19.194 2.1064 1.7378 6.4011 -15.56 11.023 -3.6475 -1.0035 -2.343 5.0171 -3.1404 1.5592 -2.9311
0 0 1 1 72.083 -21.429 0.84077 0.79942 6.2141 -14.136 9.9508 -4.7258 -0.36379 -1.2344 4.1493 -3.4185 1.4105 -0.85283
0 0 1 1 73.459 -19.939 0.7221 -0.67766 5.7104 -12.054 9.4829 -3.4267 0.68783 0.40667 2.6006 -3.3739 2.1686 -1.2133
0 0 1 1 71.596 -24.003 -1.7097 1.3649 4.9467 -15.848 12.543 -2.5954 0.52176 0.40939 1.6649 -2.4286 3.6818 -2.4598
0 0 1 1 72.512 -21.246 0.86892 0.5028 5.5279 -15.299 11.17 -2.5526 -1.8047 -0.67339 6.7155 -1.427 1.88 -3.1268
0 0 1 1 73.673 -18.842 2.3857 0.45146 6.3832 -12.589 10.464 -5.9997 1.1547 -2.0715 2.4518 -3.8881 2.3559 -3.0172
0 0 1 1 72.684 -21.517 0.54845 -1.0165 7.3362 -12.34 10.352 -6.7852 -0.62409 -0.18939 1.5311 -4.1376 1.257 -4.2254
0 0 1 1 73.701 -18.547 3.1698 1.0476 6.3964 -15.3 11.887 -3.503 0.39448 -0.3913 2 -2.6976 3.7738 -0.73889
0 0 1 1 71.5 -23.052 0.3538 -0.036957 6.582 -16.661 10.464 -5.8043 -0.63996 0.19598 1.9887 0.2747 3.0506 -1.6611
0 0 1 1 73.468 -19.678 2.7194 0.36312 6.6443 -14.286 11.383 -2.6934 -0.73806 -0.67587 1.1145 -2.3025 2.3866 -1.9981
0 0 1 1 70.645 -24.194 0.045106 -1.1483 5.6322 -13.584 10.676 -7.1452 -2.7156 -0.33282 4.7938 -0.76429 3.8944 -1.1104
0 0 1 1 73.034 -19.93 0.13895 -2.0602 8.444 -11.039 7.7844 -5.3187 1.1455 -0.96243 4.8438 -4.2048 2.489 -1.0307
0 0 1 1 72.897 -19.184 4.5609 -0.1894 5.3157 -11.81 10.009 -4.7996 1.5022 -1.2773 2.8433 -3.1594 3.3903 -2.1585
0 0 1 1 73.015 -18.564 4.6679 -0.68899 4.4344 -12.172 10.774 -3.5456 0.89189 -2.2048 4.1445 -3.2366 2.9718 -0.59139
0 0 1 1 72.871 -18.574 4.407 -1.1911 5.2176 -12.621 11.477 -3.507 0.80508 -3.5856 3.2385 -1.995 3.8052 -2.5332
0 0 1 1 71.448 -23.263 -0.46548 -0.77131 8.841 -11.438 8.4952 -7.268 1.338 -1.3248 5.3143 -0.10607 0.62069 -1.1207
0 0 1 1 72.684 -21.613 -3.0226 -3.9737 8.9871 -10.954 7.8492 -8.6187 1.4385 -1.3692 5.7444 -1.0036 0.74952 -1.6188
0 0 1 1 73.764 -18.477 2.4526 1.2858 6.5284 -16.255 11.606 -3.5856 -0.59202 -2.716 1.7363 0.18844 0.69189 -2.4787
0 0 1 1 72.749 -19.351 1.2709 -1.9448 7.1992 -11.415 13.116 -7.113 -0.11343 -4.6799 2.7773 -0.99603 1.24 -1.4603
0 0 1 1 71.4 -21.202 2.8784 -0.76978 6.4523 -13.528 8.5268 -2.8657 2.8138 -6.6583 3.3944 1.0518 -0.84692 -3.0633
0 0 1 1 71.166 -21.49 3.1736 0.046971 6.2442 -13.488 9.8813 -2.9675 -0.75158 -1.9373 3.9689 -3.5907 2.2315 -2.2856
0 0 1 1 72.154 -18.77 3.7871 -2.5221 7.2401 -9.9178 7.5482 -5.1776 2.9363 -1.9928 2.9438 -3.7687 2.9009 -1.0273
0 0 1 1 71.162 -22.257 2.2905 -2.2387 5.2555 -11.117 8.8648 -7.0652 1.4615 -0.56637 4.1186 -0.76649 1.2201 -0.93971
0 0 1 1 71.939 -21.4 1.3787 -1.0897 6.8501 -12.401 7.9808 -5.6906 4.9061 1.3074 1.873 -4.4641 0.62446 -1.8769
0 0 1 1 70.389 -22.702 1.2115 -2.4783 9.7828 -12.354 7.9329 -5.0317 4.8658 -2.2393 0.1435 -0.66307 2.8014 0.31593
0 0 1 1 70.994 -21.155 2.6468 -1.8263 9.1999 -13.055 7.8916 -5.6353 3.5881 -1.9913 2.0678 -1.7095 1.5469 -1.0676
0 0 1 1 70.366 -23.138 1.2402 -1.141 10.282 -11.671 6.4243 -4.3585 1.0378 -0.39974 5.0426 -5.5734 3.8407 -1.6979
0 0 1 1 71.858 -19.514 4.2525 -0.80055 7.644 -12.736 7.7639 -3.2917 0.68376 -1.1441 4.7524 -5.5841 3.5214 -2.1164
0 0 1 1 71.525 -19.282 4.7251 -1.1418 6.5037 -12.302 7.9663 -3.6659 1.9258 -1.5051 3.3669 -3.6793 1.5357 -2.2332
0 0 1 1 71.599 -19.31 4.9135 -2.1216 7.3933 -11.276 7.6763 -4.438 2.6603 -2.3801 2.4649 -1.3369 0.93949 -1.5263
0 0 1 1 71.623 -19.175 4.4374 -3.3939 10.05 -11.088 4.353 -2.6788 3.2314 -5.0231 5.333 -3.5615 0.59931 -0.56972
0 0 1 1 72.868 -18.509 4.3552 -1.788 7.2961 -11.657 8.4143 -4.6217 1.3449 -1.0848 0.89034 -0.71932 0.054109 0.74656
0 0 1 1 71.919 -21.276 1.543 -1.096 7.578 -13.471 8.9494 -2.2356 0.65992 -2.0829 -0.4296 -0.35888 2.1932 -0.3155
0 0 1 1 72.556 -19.903 3.1183 -1.3744 8.3021 -12 8.3696 -3.2948 0.56009 -1.6788 2.4028 -1.0801 3.7207 -2.5521
0 0 1 1 71.936 -21.654 1.9093 -2.1403 7.8857 -12.239 7.2214 -3.1351 0.62664 -0.78687 2.5035 -1.9597 3.2941 -2.9026
0 0 1 1 71.466 -21.856 4.2395 -0.56672 6.0678 -11.764 8.082 -1.9593 2.0674 -0.86001 0.23202 -3.1338 2.7876 0.22157
0 0 1 1 72.574 -19.694 4.692 -1.7455 6.6481 -10.913 8.0823 -3.7834 -0.49017 1.1369 3.195 -4.6743 2.0083 0.75921
0 0 1 1 70.729 -25.039 -0.93083 -2.7573 8.4398 -11.159 2.948 -6.3741 -0.88307 1.3375 2.5383 -4.0102 3.7389 0.51995
0 0 1 1 71.885 -21.138 2.3457 -2.8746 5.8346 -9.3433 5.6102 -0.24192 2.1906 -4.4445 4.6938 -3.3301 1.369 -2.5162
0 0 1 1 70.211 -25.136 4.7731 -0.83313 4.0142 -13.05 3.2564 -1.4814 -0.44083 -3.2809 5.3757 0.87513 3.4451 -0.097567
0 0 1 1 71.474 -22.599 5.1175 -1.1813 5.3441 -11.499 3.4064 -0.61297 0.4905 -2.692 5.4985 -0.98859 1.7471 -0.42214
