1 0 1 1 71.248 -21.497 9.1826 -5.7992 8.3051 -9.6412 7.9393 -12.935 2.858 -9.1392 8.1552 -0.19906 0.45227 0.66041
1 0 1 1 72.519 -19.388 10.948 -6.6618 7.5978 -9.3284 8.5643 -7.3481 7.0193 -7.8645 6.7773 -2.3037 -2.0347 2.0935
1 0 1 1 72.089 -19.961 10.212 -6.3579 5.6497 -9.6783 8.6814 -7.2075 7.5013 -8.0067 4.8819 -0.12759 -1.0412 0.70044
1 0 1 1 71.171 -21.336 10.171 -6.678 5.349 -9.3985 10.491 -9.1493 2.0222 -11.845 3.9624 -0.81947 0.54866 1.893
1 0 1 1 71.103 -21.066 11.449 -7.4174 3.2773 -10.981 7.9429 -8.8909 6.7187 -10.776 2.9676 -0.69369 -0.38442 1.7917
1 0 1 1 71.753 -20.614 9.4933 -6.4471 6.814 -8.884 9.6787 -7.5998 7.0642 -7.8391 4.2528 -2.2171 -1.8132 1.5726
1 0 1 1 71.732 -21.418 9.3705 -6.3549 6.9572 -8.398 6.9496 -6.731 5.7636 -9.7479 3.7089 -0.77628 1.3475 0.89984
1 0 1 1 71.023 -22.886 9.6534 -6.2086 7.3551 -6.8552 7.0604 -7.3267 5.0698 -12.303 0.20684 -2.7257 -1.4039 -1.0843
1 0 1 1 70.873 -21.707 10.841 -5.4317 6.6621 -8.6452 7.4535 -7.9891 6.8751 -10.972 3.8671 -1.1682 2.2365 2.3658
1 0 1 1 72.611 -19.416 10.07 -5.0635 5.1724 -9.2288 7.5346 -7.7539 5.2304 -9.9307 3.3331 -2.9155 -1.8887 -1.4086
1 0 1 1 71.413 -20.897 9.403 -5.2888 5.4511 -9.4642 6.4509 -7.3713 4.2585 -10.239 3.5492 -3.0912 -0.089661 1.5155
1 0 1 1 72.408 -20.078 10.18 -6.2607 6.4899 -9.5458 6.5251 -6.9221 5.665 -10.861 3.9146 -4.0513 -0.29401 2.257
1 0 1 1 72.065 -21.207 9.6172 -5.5783 7.2323 -9.0061 4.4458 -7.9974 4.7797 -9.1738 5.7507 -1.6633 -0.59008 -0.59341
1 0 1 1 71.927 -20.13 10.24 -4.8628 7.668 -7.613 7.933 -8.0714 0.62798 -12.341 1.1702 -6.9925 -2.3144 2.0393
1 0 1 1 72.811 -18.704 9.8389 -7.0882 5.5596 -7.1307 9.0545 -8.5757 3.8703 -10.525 2.331 -2.3024 0.55931 -1.1745
1 0 1 1 71.176 -21.234 9.9555 -7.0479 5.647 -8.8753 9.8607 -5.7467 4.2266 -10.507 0.35533 -4.2072 -0.087587 1.1192
1 0 1 1 71.91 -21.085 9.3919 -6.2128 5.2853 -9.9498 3.359 -7.8141 4.969 -11.585 4.0246 -0.79439 -0.51117 -0.24514
1 0 1 1 72.352 -20.953 10.215 -4.9775 8.1081 -9.2475 3.8943 -6.3482 5.3849 -10.48 3.5179 -1.0007 1.2021 0.87197
