0 1 1 2 71.276 -17.475 5.6443 -5.565 7.5786 -9.6748 7.6802 -6.2583 2.5296 -12.137 4.3403 -8.6176 4.8269 -3.6197
0 1 1 2 71.812 -17.891 7.5288 -9.9631 5.112 -11.774 5.4942 -8.8607 5.5707 -9.6551 1.834 -4.8085 1.26 0.79477
0 1 1 2 71.741 -16.009 7.0098 -4.8799 5.9373 -2.6314 7.3524 -4.9763 4.9928 -7.2833 -1.0544 -7.6478 0.78592 -0.24246
0 1 1 2 70.204 -16.738 5.2329 -5.054 8.1717 -6.2967 2.4034 -6.4109 4.3885 -2.5151 0.84639 -1.534 0.93438 0.37584
0 1 1 2 71.123 -15.084 6.4707 -3.6626 6.7803 -7.3037 6.7447 -9.1374 6.4828 -10.822 2.1903 -4.5114 1.9866 -0.52772
0 1 1 2 71.33 -15.607 6.4347 -5.3898 6.1123 -7.4011 2.9021 -7.5887 6.3518 -13.095 3.619 -1.1168 3.1441 -0.97739
0 1 1 2 70.077 -15.677 6.7147 -3.0484 6.6353 -6.0347 6.9802 -4.9903 4.4038 -6.4282 3.4429 -2.4924 -0.83738 1.4321
0 1 1 2 70.521 -15.731 5.7461 -2.8268 5.7463 -9.9438 5.1275 -4.4385 3.8147 -5.427 2.4022 -1.48 0.18534 2.2946
0 1 1 2 70.913 -15.832 4.6778 -3.6178 6.7431 -7.5954 4.6728 -3.4115 3.2837 -11.096 -0.9207 -1.1685 -1.3818 2.0504
0 1 1 2 70.981 -15.468 5.5846 -4.2554 5.7937 -8.0252 6.3269 -3.8578 2.4769 -12.485 0.65291 -1.7337 0.78928 2.7631
