1 0 1 2 62.376 -23.608 10.211 -4.405 5.9646 -8.8454 6.516 -5.6494 9.3711 -6.5848 4.0679 -2.4293 -0.27437 -1.3699
1 0 1 2 65.303 -17.746 10.764 -7.1528 5.7443 -7.8648 6.9527 -6.4713 6.8441 -7.2256 4.8697 -2.5871 2.2093 -1.732
1 0 1 2 61.858 -23.866 9.1437 -5.752 5.8062 -9.813 6.4776 -5.6057 8.4101 -6.6801 4.1758 -1.5836 1.4056 -3.1526
1 0 1 2 61.772 -24.924 9.5556 -3.5348 6.6203 -8.089 5.3416 -5.5102 8.6844 -7.0374 4.2003 -1.1701 1.6789 -3.1306
1 0 1 2 64.12 -20.816 10.983 -5.6802 5.7276 -7.6964 5.9528 -5.6536 7.3558 -7.1547 3.4466 -1.4277 1.0547 -0.98797
1 0 1 2 65.108 -17.624 10.895 -7.3457 5.0273 -6.3662 5.8343 -6.4438 7.6271 -8.0863 5.611 -2.8804 1.5338 -1.5851
1 0 1 2 63.866 -19.714 10.975 -6.1195 5.8494 -6.7799 6.745 -5.7944 8.5628 -8.0462 5.0078 -2.5677 2.7021 -1.6522
1 0 1 2 64.881 -17.396 11.292 -8.2327 6.1388 -6.8827 5.9749 -6.6585 8.074 -7.8465 5.1494 -3.1131 2.1028 -1.5382
1 0 1 2 64.04 -18.937 10.773 -6.7792 5.2574 -7.6793 5.7518 -5.5689 8.2756 -7.473 4.5709 -3.7126 1.4388 -2.2488
1 0 1 2 64.474 -18.23 10.642 -6.6875 4.9516 -6.5872 6.0772 -6.113 7.7834 -8.2501 5.5645 -3.0219 1.6148 -1.3089
1 0 1 2 64.483 -18.407 10.913 -7.0293 5.7109 -6.6255 6.0736 -5.7368 7.9802 -8.06 4.9249 -2.4823 1.6726 -0.87904
1 0 1 2 64.481 -18.17 10.905 -7.3169 5.7307 -7.1289 5.6715 -5.7586 7.1283 -7.6805 4.7285 -1.9525 1.4504 -1.0241
1 0 1 2 64.176 -18.494 11.424 -7.2235 5.6801 -6.9187 5.4399 -5.707 6.9155 -7.5678 4.1418 -1.9966 1.0627 -1.7397
1 0 1 2 62.598 -21.279 10.172 -5.7574 6.8368 -7.6733 5.1024 -5.1663 7.7681 -7.8457 3.8903 -2.1064 1.9803 -2.4595
1 0 1 2 64.832 -17.916 11.037 -6.9611 4.9452 -6.4097 6.2321 -7.0521 8.0278 -8.417 5.5008 -2.861 1.9645 -1.2109
1 0 1 2 65.334 -17.136 10.748 -7.3731 5.3037 -6.1887 5.7293 -6.8904 8.4112 -8.3167 5.046 -2.8436 2.1867 -1.6403
1 0 1 2 60.724 -23.541 11.313 -4.4576 8.4961 -4.7613 7.426 -5.1459 9.8659 -9.2382 3.1955 -1.9181 1.1581 -3.9824
1 0 1 2 61.019 -23.209 11.265 -5.4356 6.5202 -7.9215 4.7259 -5.0396 9.315 -7.8191 4.4775 -1.2049 1.5996 -3.5172
1 0 1 2 61.273 -20.525 11.753 -7.3891 5.3347 -6.1097 5.0469 -6.2288 8.0398 -6.7386 3.9323 -3.1655 -0.035202 -1.7217
