1 0 1 2 66.579 -12.691 10.088 -0.90933 3.0713 -2.0661 -0.91508 -2.1933 -3.7032 -2.9295 1.2083 -6.3372 3.1054 0.48251
1 0 1 2 66.245 -12.447 12.539 1.8107 4.4379 -3.4914 -1.8707 -3.7338 -5.0166 -3.1967 1.6798 -6.1643 3.6083 1.1024
1 0 1 2 67.245 -11.406 11.428 -0.13416 4.3539 -3.4556 -1.2892 -3.0584 -4.0423 -3.2097 2.3515 -5.6298 2.5349 0.34766
1 0 1 2 67.245 -11.406 11.428 -0.13416 4.3539 -3.4556 -1.2892 -3.0584 -4.0423 -3.2097 2.3515 -5.6298 2.5349 0.34766
1 0 1 2 65.85 -14.08 8.887 -2.339 3.3012 -1.302 0.32403 0.86148 -2.0579 0.079935 5.5424 -6.0119 3.32 1.1914
1 0 1 2 65.049 -15.717 6.911 -4.3319 2.5135 0.29292 1.7142 0.14661 -2.3856 0.3341 5.0532 -7.1986 3.9302 0.57881
1 0 1 2 65.372 -15.185 7.8992 -3.4444 3.9952 1.6089 0.62759 -0.25978 -1.5724 -2.1147 4.816 -5.0966 5.6844 0.65638
1 0 1 2 66.981 -12.176 11.453 -1.7921 3.3916 -0.26207 -1.0516 -1.3711 -0.72096 -3.862 4.7873 -3.1122 5.5666 1.0484
1 0 1 2 66.768 -12.662 9.8714 -3.6105 2.6815 0.47279 -1.6973 1.1254 1.2579 -1.3548 3.3248 -3.3176 3.9159 -0.68007
1 0 1 2 66.768 -12.662 9.8714 -3.6105 2.6815 0.47279 -1.6973 1.1254 1.2579 -1.3548 3.3248 -3.3176 3.9159 -0.68007
1 0 1 2 65.137 -14.791 7.9507 -4.9523 2.9115 -0.34466 -1.398 3.1453 1.4095 -0.0054775 3.5778 -3.3385 4.7615 -0.29658
1 0 1 2 66.576 -13.741 7.0923 -5.7209 3.0435 -1.8488 -1.3693 3.1255 -0.31979 -1.4739 4.7864 -4.4502 3.5223 0.79946
1 0 1 2 65.09 -15.705 6.5087 -5.9966 2.0455 -1.3003 2.9132 2.9471 -0.68106 -2.2437 2.7241 -3.4948 5.0623 1.3785
1 0 1 2 65.242 -15.212 6.7433 -5.4825 2.3514 -1.7734 3.039 2.2321 -1.1774 -1.9666 3.1091 -3.0547 3.9087 0.80903
1 0 1 2 64.963 -15.401 6.5135 -5.5155 2.8048 -1.9962 1.9591 0.54769 -2.4651 -2.0783 3.8582 -3.3544 2.0998 -0.40291
1 0 1 2 63.607 -16.952 5.9273 -4.612 5.6943 -1.7083 0.55009 0.8789 -1.2491 -2.3835 4.479 -2.5223 2.5531 1.0923
1 0 1 2 64.334 -15.454 6.8413 -5.9979 3.7942 -1.5234 1.2319 1.6912 -0.17858 -1.5398 2.7102 -3.0962 0.87245 -1.1954
